NEWAGEGRP,TOT_POP,TOT_MALE,TOT_FEMALE,GEO_ID
0,55601,26995,28606,0500000US01001
1,14424,7397,7027,0500000US01001
2,17583,8602,8981,0500000US01001
3,7777,3757,4020,0500000US01001
4,7164,3452,3712,0500000US01001
5,4900,2247,2653,0500000US01001
6,2882,1211,1671,0500000US01001
7,871,329,542,0500000US01001
0,218022,105657,112365,0500000US01003
1,51670,26101,25569,0500000US01003
2,61669,30297,31372,0500000US01003
3,28703,13855,14848,0500000US01003
4,31409,14723,16686,0500000US01003
5,26738,12596,14142,0500000US01003
6,13529,6330,7199,0500000US01003
7,4304,1755,2549,0500000US01003
0,24881,13133,11748,0500000US01005
1,5692,2907,2785,0500000US01005
2,7919,4786,3133,0500000US01005
3,3227,1776,1451,0500000US01005
4,3211,1575,1636,0500000US01005
5,2877,1309,1568,0500000US01005
6,1483,632,851,0500000US01005
7,472,148,324,0500000US01005
0,22400,11921,10479,0500000US01007
1,5052,2660,2392,0500000US01007
2,7582,4429,3153,0500000US01007
3,3179,1733,1446,0500000US01007
4,2897,1472,1425,0500000US01007
5,2174,1031,1143,0500000US01007
6,1153,488,665,0500000US01007
7,363,108,255,0500000US01007
0,57840,28500,29340,0500000US01009
1,14665,7366,7299,0500000US01009
2,17179,8672,8507,0500000US01009
3,7818,3892,3926,0500000US01009
4,7630,3819,3811,0500000US01009
5,6243,2893,3350,0500000US01009
6,3273,1487,1786,0500000US01009
7,1032,371,661,0500000US01009
0,10138,5527,4611,0500000US01011
1,2328,1198,1130,0500000US01011
2,3461,2122,1339,0500000US01011
3,1258,741,517,0500000US01011
4,1430,750,680,0500000US01011
5,948,440,508,0500000US01011
6,529,223,306,0500000US01011
7,184,53,131,0500000US01011
0,19680,9165,10515,0500000US01013
1,4812,2543,2269,0500000US01013
2,5759,2675,3084,0500000US01013
3,2313,1036,1277,0500000US01013
4,2801,1277,1524,0500000US01013
5,2200,1017,1183,0500000US01013
6,1210,480,730,0500000US01013
7,585,137,448,0500000US01013
0,114277,54914,59363,0500000US01015
1,27778,14167,13611,0500000US01015
2,35991,17630,18361,0500000US01015
3,14303,6964,7339,0500000US01015
4,15958,7568,8390,0500000US01015
5,12076,5459,6617,0500000US01015
6,6060,2495,3565,0500000US01015
7,2111,631,1480,0500000US01015
0,33615,16093,17522,0500000US01017
1,7681,3938,3743,0500000US01017
2,10013,4869,5144,0500000US01017
3,4409,2144,2265,0500000US01017
4,4950,2354,2596,0500000US01017
5,3840,1754,2086,0500000US01017
6,1973,836,1137,0500000US01017
7,749,198,551,0500000US01017
0,26032,12896,13136,0500000US01019
1,5535,2816,2719,0500000US01019
2,6827,3447,3380,0500000US01019
3,3590,1843,1747,0500000US01019
4,4100,2001,2099,0500000US01019
5,3545,1734,1811,0500000US01019
6,1899,871,1028,0500000US01019
7,536,184,352,0500000US01019
0,44153,21668,22485,0500000US01021
1,11470,5751,5719,0500000US01021
2,13575,6757,6818,0500000US01021
3,5813,2946,2867,0500000US01021
4,5884,2844,3040,0500000US01021
5,4461,2093,2368,0500000US01021
6,2181,980,1201,0500000US01021
7,769,297,472,0500000US01021
0,12841,6070,6771,0500000US01023
1,2813,1453,1360,0500000US01023
2,3380,1598,1782,0500000US01023
3,1683,786,897,0500000US01023
4,2012,946,1066,0500000US01023
5,1668,731,937,0500000US01023
6,932,424,508,0500000US01023
7,353,132,221,0500000US01023
0,23920,11328,12592,0500000US01025
1,5749,2894,2855,0500000US01025
2,6849,3265,3584,0500000US01025
3,3120,1465,1655,0500000US01025
4,3449,1617,1832,0500000US01025
5,2597,1225,1372,0500000US01025
6,1564,673,891,0500000US01025
7,592,189,403,0500000US01025
0,13275,6492,6783,0500000US01027
1,2984,1566,1418,0500000US01027
2,3732,1817,1915,0500000US01027
3,1849,921,928,0500000US01027
4,1959,957,1002,0500000US01027
5,1525,731,794,0500000US01027
6,914,380,534,0500000US01027
7,312,120,192,0500000US01027
0,14987,7421,7566,0500000US01029
1,3734,1966,1768,0500000US01029
2,4246,2128,2118,0500000US01029
3,2076,1038,1038,0500000US01029
4,2016,972,1044,0500000US01029
5,1692,805,887,0500000US01029
6,884,405,479,0500000US01029
7,339,107,232,0500000US01029
0,51909,25521,26388,0500000US01031
1,13433,6930,6503,0500000US01031
2,16242,8160,8082,0500000US01031
3,6925,3434,3491,0500000US01031
4,6508,3151,3357,0500000US01031
5,5178,2427,2751,0500000US01031
6,2653,1103,1550,0500000US01031
7,970,316,654,0500000US01031
0,54762,26259,28503,0500000US01033
1,12566,6337,6229,0500000US01033
2,16371,8039,8332,0500000US01033
3,7166,3435,3731,0500000US01033
4,7745,3701,4044,0500000US01033
5,6135,2795,3340,0500000US01033
6,3493,1460,2033,0500000US01033
7,1286,492,794,0500000US01033
0,12277,5881,6396,0500000US01035
1,2801,1391,1410,0500000US01035
2,3309,1594,1715,0500000US01035
3,1488,691,797,0500000US01035
4,1917,943,974,0500000US01035
5,1553,731,822,0500000US01035
6,884,394,490,0500000US01035
7,325,137,188,0500000US01035
0,10715,5399,5316,0500000US01037
1,1951,1023,928,0500000US01037
2,2791,1450,1341,0500000US01037
3,1564,772,792,0500000US01037
4,1928,987,941,0500000US01037
5,1447,698,749,0500000US01037
6,764,368,396,0500000US01037
7,270,101,169,0500000US01037
0,36986,17896,19090,0500000US01039
1,8835,4521,4314,0500000US01039
2,10233,5031,5202,0500000US01039
3,4629,2268,2361,0500000US01039
4,5499,2684,2815,0500000US01039
5,4326,2046,2280,0500000US01039
6,2485,1030,1455,0500000US01039
7,979,316,663,0500000US01039
0,13824,6674,7150,0500000US01041
1,3446,1775,1671,0500000US01041
2,3983,1926,2057,0500000US01041
3,1767,835,932,0500000US01041
4,1999,995,1004,0500000US01041
5,1605,739,866,0500000US01041
6,721,320,401,0500000US01041
7,303,84,219,0500000US01041
0,83442,41245,42197,0500000US01043
1,20532,10478,10054,0500000US01043
2,25392,12870,12522,0500000US01043
3,10700,5400,5300,0500000US01043
4,11372,5587,5785,0500000US01043
5,9077,4249,4828,0500000US01043
6,4919,2131,2788,0500000US01043
7,1450,530,920,0500000US01043
0,48956,24023,24933,0500000US01045
1,12304,6305,5999,0500000US01045
2,16059,8125,7934,0500000US01045
3,5903,2860,3043,0500000US01045
4,6420,3052,3368,0500000US01045
5,4778,2260,2518,0500000US01045
6,2594,1083,1511,0500000US01045
7,898,338,560,0500000US01045
0,38310,17685,20625,0500000US01047
1,10112,5102,5010,0500000US01047
2,11098,5043,6055,0500000US01047
3,4522,2065,2457,0500000US01047
4,5657,2543,3114,0500000US01047
5,4138,1890,2248,0500000US01047
6,2082,849,1233,0500000US01047
7,701,193,508,0500000US01047
0,71385,35428,35957,0500000US01049
1,18938,9774,9164,0500000US01049
2,21324,10803,10521,0500000US01049
3,9481,4745,4736,0500000US01049
4,9320,4577,4743,0500000US01049
5,7375,3506,3869,0500000US01049
6,3740,1625,2115,0500000US01049
7,1207,398,809,0500000US01049
0,81887,39585,42302,0500000US01051
1,19994,10246,9748,0500000US01051
2,27452,13303,14149,0500000US01051
3,11272,5341,5931,0500000US01051
4,10769,5103,5666,0500000US01051
5,7545,3538,4007,0500000US01051
6,3691,1693,1998,0500000US01051
7,1164,361,803,0500000US01051
0,36748,18628,18120,0500000US01053
1,8953,4470,4483,0500000US01053
2,11622,6505,5117,0500000US01053
3,4776,2546,2230,0500000US01053
4,4801,2324,2477,0500000US01053
5,3786,1699,2087,0500000US01053
6,2127,866,1261,0500000US01053
7,683,218,465,0500000US01053
0,102501,49653,52848,0500000US01055
1,24279,12497,11782,0500000US01055
2,30826,15166,15660,0500000US01055
3,13874,6807,7067,0500000US01055
4,14035,6696,7339,0500000US01055
5,11631,5367,6264,0500000US01055
6,5873,2484,3389,0500000US01055
7,1983,636,1347,0500000US01055
0,16433,8023,8410,0500000US01057
1,3821,1973,1848,0500000US01057
2,4649,2341,2308,0500000US01057
3,2127,1033,1094,0500000US01057
4,2364,1156,1208,0500000US01057
5,1987,902,1085,0500000US01057
6,1145,502,643,0500000US01057
7,340,116,224,0500000US01057
0,31363,15823,15540,0500000US01059
1,8397,4342,4055,0500000US01059
2,9592,5080,4512,0500000US01059
3,4155,2128,2027,0500000US01059
4,3923,1922,2001,0500000US01059
5,3005,1417,1588,0500000US01059
6,1726,725,1001,0500000US01059
7,565,209,356,0500000US01059
0,26314,12846,13468,0500000US01061
1,6317,3227,3090,0500000US01061
2,7323,3625,3698,0500000US01061
3,3558,1770,1788,0500000US01061
4,3775,1841,1934,0500000US01061
5,3096,1500,1596,0500000US01061
6,1667,683,984,0500000US01061
7,578,200,378,0500000US01061
0,8233,3887,4346,0500000US01063
1,1991,1010,981,0500000US01063
2,2246,1117,1129,0500000US01063
3,895,403,492,0500000US01063
4,1264,573,691,0500000US01063
5,1072,469,603,0500000US01063
6,524,240,284,0500000US01063
7,241,75,166,0500000US01063
0,14726,7008,7718,0500000US01065
1,3754,1965,1789,0500000US01065
2,4302,2002,2300,0500000US01065
3,1722,794,928,0500000US01065
4,2119,999,1120,0500000US01065
5,1638,796,842,0500000US01065
6,841,346,495,0500000US01065
7,350,106,244,0500000US01065
0,17209,8300,8909,0500000US01067
1,3891,2012,1879,0500000US01067
2,4754,2362,2392,0500000US01067
3,2264,1098,1166,0500000US01067
4,2390,1117,1273,0500000US01067
5,2362,1087,1275,0500000US01067
6,1125,511,614,0500000US01067
7,423,113,310,0500000US01067
0,104722,50286,54436,0500000US01069
1,26371,13667,12704,0500000US01069
2,32360,15563,16797,0500000US01069
3,13484,6492,6992,0500000US01069
4,13868,6508,7360,0500000US01069
5,10921,5006,5915,0500000US01069
6,5681,2365,3316,0500000US01069
7,2037,685,1352,0500000US01069
0,51736,25390,26346,0500000US01071
1,11890,6215,5675,0500000US01071
2,14808,7313,7495,0500000US01071
3,6960,3498,3462,0500000US01071
4,7705,3749,3956,0500000US01071
5,6080,2823,3257,0500000US01071
6,3336,1473,1863,0500000US01071
7,957,319,638,0500000US01071
0,659300,311591,347709,0500000US01073
1,166689,84367,82322,0500000US01073
2,221066,105759,115307,0500000US01073
3,80367,38198,42169,0500000US01073
4,86631,39850,46781,0500000US01073
5,61585,27526,34059,0500000US01073
6,29519,11733,17786,0500000US01073
7,13443,4158,9285,0500000US01073
0,13844,6767,7077,0500000US01075
1,3243,1673,1570,0500000US01075
2,3769,1849,1920,0500000US01075
3,1812,910,902,0500000US01075
4,2022,996,1026,0500000US01075
5,1648,810,838,0500000US01075
6,1024,428,596,0500000US01075
7,326,101,225,0500000US01075
0,92387,44327,48060,0500000US01077
1,20911,10580,10331,0500000US01077
2,28602,14116,14486,0500000US01077
3,11657,5636,6021,0500000US01077
4,12654,5973,6681,0500000US01077
5,10595,4858,5737,0500000US01077
6,5873,2470,3403,0500000US01077
7,2095,694,1401,0500000US01077
0,32957,16047,16910,0500000US01079
1,7785,3992,3793,0500000US01079
2,9444,4678,4766,0500000US01079
3,4705,2303,2402,0500000US01079
4,4872,2328,2544,0500000US01079
5,3666,1687,1979,0500000US01079
6,1927,872,1055,0500000US01079
7,558,187,371,0500000US01079
0,163941,80639,83302,0500000US01081
1,42578,21594,20984,0500000US01081
2,64871,32505,32366,0500000US01081
3,19328,9344,9984,0500000US01081
4,17683,8463,9220,0500000US01081
5,12160,5663,6497,0500000US01081
6,5520,2447,3073,0500000US01081
7,1801,623,1178,0500000US01081
0,96174,48156,48018,0500000US01083
1,23756,12053,11703,0500000US01083
2,30802,15921,14881,0500000US01083
3,14081,7136,6945,0500000US01083
4,12927,6478,6449,0500000US01083
5,8822,4189,4633,0500000US01083
6,4395,1937,2458,0500000US01083
7,1391,442,949,0500000US01083
0,9974,4670,5304,0500000US01085
1,2440,1209,1231,0500000US01085
2,2883,1376,1507,0500000US01085
3,1270,592,678,0500000US01085
4,1501,703,798,0500000US01085
5,1069,472,597,0500000US01085
6,596,257,339,0500000US01085
7,215,61,154,0500000US01085
0,18439,8383,10056,0500000US01087
1,4201,2038,2163,0500000US01087
2,5931,2735,3196,0500000US01087
3,2058,918,1140,0500000US01087
4,2493,1120,1373,0500000US01087
5,2272,1003,1269,0500000US01087
6,1059,440,619,0500000US01087
7,425,129,296,0500000US01087
0,366519,179074,187445,0500000US01089
1,90000,45949,44051,0500000US01089
2,120494,59940,60554,0500000US01089
3,49370,23854,25516,0500000US01089
4,51530,25189,26341,0500000US01089
5,31777,14602,17175,0500000US01089
6,17125,7241,9884,0500000US01089
7,6223,2299,3924,0500000US01089
0,19066,8933,10133,0500000US01091
1,4744,2353,2391,0500000US01091
2,5485,2618,2867,0500000US01091
3,2421,1120,1301,0500000US01091
4,2679,1227,1452,0500000US01091
5,2078,973,1105,0500000US01091
6,1149,481,668,0500000US01091
7,510,161,349,0500000US01091
0,29763,14686,15077,0500000US01093
1,6814,3574,3240,0500000US01093
2,8315,4150,4165,0500000US01093
3,4125,2117,2008,0500000US01093
4,4188,2064,2124,0500000US01093
5,3485,1629,1856,0500000US01093
6,2135,922,1213,0500000US01093
7,701,230,471,0500000US01093
0,96109,47502,48607,0500000US01095
1,26127,13482,12645,0500000US01095
2,28703,14630,14073,0500000US01095
3,12325,6187,6138,0500000US01095
4,12579,6124,6455,0500000US01095
5,9430,4310,5120,0500000US01095
6,5266,2218,3048,0500000US01095
7,1679,551,1128,0500000US01095
0,413757,197077,216680,0500000US01097
1,106968,54158,52810,0500000US01097
2,134213,64344,69869,0500000US01097
3,50523,23930,26593,0500000US01097
4,55012,25790,29222,0500000US01097
5,40078,18264,21814,0500000US01097
6,19725,8202,11523,0500000US01097
7,7238,2389,4849,0500000US01097
0,21067,10005,11062,0500000US01099
1,5074,2599,2475,0500000US01099
2,5813,2745,3068,0500000US01099
3,2775,1318,1457,0500000US01099
4,3130,1482,1648,0500000US01099
5,2387,1116,1271,0500000US01099
6,1321,566,755,0500000US01099
7,567,179,388,0500000US01099
0,225763,106522,119241,0500000US01101
1,59055,30036,29019,0500000US01101
2,76774,36686,40088,0500000US01101
3,27297,12711,14586,0500000US01101
4,28464,12828,15636,0500000US01101
5,20192,8872,11320,0500000US01101
6,9969,4030,5939,0500000US01101
7,4012,1359,2653,0500000US01101
0,119089,58682,60407,0500000US01103
1,29809,15312,14497,0500000US01103
2,35790,18168,17622,0500000US01103
3,16359,8140,8219,0500000US01103
4,16328,7963,8365,0500000US01103
5,12081,5496,6585,0500000US01103
6,6532,2841,3691,0500000US01103
7,2190,762,1428,0500000US01103
0,9140,4281,4859,0500000US01105
1,2483,1322,1161,0500000US01105
2,2700,1246,1454,0500000US01105
3,1000,465,535,0500000US01105
4,1183,533,650,0500000US01105
5,940,393,547,0500000US01105
6,599,255,344,0500000US01105
7,235,67,168,0500000US01105
0,19938,9948,9990,0500000US01107
1,4368,2314,2054,0500000US01107
2,6184,3223,2961,0500000US01107
3,2724,1277,1447,0500000US01107
4,2869,1411,1458,0500000US01107
5,2140,1029,1111,0500000US01107
6,1223,535,688,0500000US01107
7,430,159,271,0500000US01107
0,33338,16098,17240,0500000US01109
1,8234,4047,4187,0500000US01109
2,13030,6550,6480,0500000US01109
3,3369,1567,1802,0500000US01109
4,3718,1723,1995,0500000US01109
5,2877,1357,1520,0500000US01109
6,1545,681,864,0500000US01109
7,565,173,392,0500000US01109
0,22725,11056,11669,0500000US01111
1,5494,2829,2665,0500000US01111
2,6206,3016,3190,0500000US01111
3,3042,1471,1571,0500000US01111
4,3358,1657,1701,0500000US01111
5,2658,1302,1356,0500000US01111
6,1476,629,847,0500000US01111
7,491,152,339,0500000US01111
0,57781,27745,30036,0500000US01113
1,15253,7849,7404,0500000US01113
2,19515,9428,10087,0500000US01113
3,7338,3515,3823,0500000US01113
4,7395,3505,3890,0500000US01113
5,4999,2223,2776,0500000US01113
6,2388,985,1403,0500000US01113
7,893,240,653,0500000US01113
0,88690,44027,44663,0500000US01115
1,21881,11411,10470,0500000US01115
2,27647,13981,13666,0500000US01115
3,12254,6136,6118,0500000US01115
4,12170,5913,6257,0500000US01115
5,8944,4121,4823,0500000US01115
6,4493,2001,2492,0500000US01115
7,1301,464,837,0500000US01115
0,215707,104270,111437,0500000US01117
1,55786,28090,27696,0500000US01117
2,68257,33215,35042,0500000US01117
3,30589,14899,15690,0500000US01117
4,27988,13336,14652,0500000US01117
5,20280,9410,10870,0500000US01117
6,9391,4092,5299,0500000US01117
7,3416,1228,2188,0500000US01117
0,12691,5802,6889,0500000US01119
1,3062,1526,1536,0500000US01119
2,4243,1949,2294,0500000US01119
3,1320,586,734,0500000US01119
4,1780,813,967,0500000US01119
5,1262,593,669,0500000US01119
6,664,242,422,0500000US01119
7,360,93,267,0500000US01119
0,79828,38580,41248,0500000US01121
1,18805,9395,9410,0500000US01121
2,24487,12071,12416,0500000US01121
3,10874,5314,5560,0500000US01121
4,11292,5357,5935,0500000US01121
5,8664,4085,4579,0500000US01121
6,4349,1881,2468,0500000US01121
7,1357,477,880,0500000US01121
0,40497,19632,20865,0500000US01123
1,9200,4711,4489,0500000US01123
2,11002,5342,5660,0500000US01123
3,5385,2549,2836,0500000US01123
4,6179,3028,3151,0500000US01123
5,5211,2453,2758,0500000US01123
6,2706,1219,1487,0500000US01123
7,814,330,484,0500000US01123
0,208911,100589,108322,0500000US01125
1,53972,27024,26948,0500000US01125
2,79885,39144,40741,0500000US01125
3,23400,11180,12220,0500000US01125
4,23911,11274,12637,0500000US01125
5,16905,7821,9084,0500000US01125
6,7685,3159,4526,0500000US01125
7,3153,987,2166,0500000US01125
0,63711,31040,32671,0500000US01127
1,15441,7912,7529,0500000US01127
2,18483,9154,9329,0500000US01127
3,8477,4296,4181,0500000US01127
4,8999,4275,4724,0500000US01127
5,7290,3353,3937,0500000US01127
6,3954,1681,2273,0500000US01127
7,1067,369,698,0500000US01127
0,16378,8055,8323,0500000US01129
1,3993,2063,1930,0500000US01129
2,4602,2307,2295,0500000US01129
3,2248,1100,1148,0500000US01129
4,2405,1171,1234,0500000US01129
5,1848,872,976,0500000US01129
6,957,422,535,0500000US01129
7,325,120,205,0500000US01129
0,10627,5056,5571,0500000US01131
1,2824,1415,1409,0500000US01131
2,2997,1446,1551,0500000US01131
3,1279,574,705,0500000US01131
4,1461,698,763,0500000US01131
5,1222,601,621,0500000US01131
6,595,255,340,0500000US01131
7,249,67,182,0500000US01131
0,23660,11655,12005,0500000US01133
1,5325,2731,2594,0500000US01133
2,6368,3187,3181,0500000US01133
3,3336,1700,1636,0500000US01133
4,3530,1748,1782,0500000US01133
5,2937,1405,1532,0500000US01133
6,1611,704,907,0500000US01133
7,553,180,373,0500000US01133
0,3515,2374,1141,0500000US02013
1,326,181,145,0500000US02013
2,1597,1186,411,0500000US02013
3,776,524,252,0500000US02013
4,492,295,197,0500000US02013
5,226,126,100,0500000US02013
6,70,44,26,0500000US02013
7,28,18,10,0500000US02013
0,5723,3750,1973,0500000US02016
1,740,375,365,0500000US02016
2,2512,1731,781,0500000US02016
3,1148,792,356,0500000US02016
4,929,607,322,0500000US02016
5,327,205,122,0500000US02016
6,46,29,17,0500000US02016
7,21,11,10,0500000US02016
0,291538,148384,143154,0500000US02020
1,78030,40215,37815,0500000US02020
2,110745,57842,52903,0500000US02020
3,35043,17569,17474,0500000US02020
4,35387,17526,17861,0500000US02020
5,21160,10478,10682,0500000US02020
6,8166,3654,4512,0500000US02020
7,3007,1100,1907,0500000US02020
0,18216,9376,8840,0500000US02050
1,7134,3652,3482,0500000US02050
2,6003,3050,2953,0500000US02050
3,1820,991,829,0500000US02050
4,1857,1011,846,0500000US02050
5,948,487,461,0500000US02050
6,373,164,209,0500000US02050
7,81,21,60,0500000US02050
0,877,468,409,0500000US02060
1,187,96,91,0500000US02060
2,290,153,137,0500000US02060
3,108,60,48,0500000US02060
4,165,90,75,0500000US02060
5,83,50,33,0500000US02060
6,39,19,20,0500000US02060
7,5,0,5,0500000US02060
0,2059,1146,913,0500000US02068
1,409,231,178,0500000US02068
2,719,387,332,0500000US02068
3,363,190,173,0500000US02068
4,323,183,140,0500000US02068
5,183,117,66,0500000US02068
6,54,33,21,0500000US02068
7,8,5,3,0500000US02068
0,5000,2518,2482,0500000US02070
1,1722,831,891,0500000US02070
2,1657,835,822,0500000US02070
3,524,273,251,0500000US02070
4,627,333,294,0500000US02070
5,314,166,148,0500000US02070
6,121,65,56,0500000US02070
7,35,15,20,0500000US02070
0,98971,53310,45661,0500000US02090
1,26466,13752,12714,0500000US02090
2,41323,23669,17654,0500000US02090
3,10135,5231,4904,0500000US02090
4,10843,5385,5458,0500000US02090
5,7114,3826,3288,0500000US02090
6,2394,1172,1222,0500000US02090
7,696,275,421,0500000US02090
0,2474,1222,1252,0500000US02100
1,470,227,243,0500000US02100
2,650,329,321,0500000US02100
3,324,149,175,0500000US02100
4,484,246,238,0500000US02100
5,391,206,185,0500000US02100
6,106,49,57,0500000US02100
7,49,16,33,0500000US02100
0,2151,1134,1017,0500000US02105
1,431,206,225,0500000US02105
2,524,268,256,0500000US02105
3,320,177,143,0500000US02105
4,393,208,185,0500000US02105
5,323,179,144,0500000US02105
6,136,81,55,0500000US02105
7,24,15,9,0500000US02105
0,32113,16313,15800,0500000US02110
1,7588,3883,3705,0500000US02110
2,11278,5772,5506,0500000US02110
3,4297,2200,2097,0500000US02110
4,4652,2389,2263,0500000US02110
5,2981,1514,1467,0500000US02110
6,989,459,530,0500000US02110
7,328,96,232,0500000US02110
0,58533,30488,28045,0500000US02122
1,14447,7458,6989,0500000US02122
2,17467,9281,8186,0500000US02122
3,7123,3697,3426,0500000US02122
4,9308,4769,4539,0500000US02122
5,6881,3644,3237,0500000US02122
6,2617,1366,1251,0500000US02122
7,690,273,417,0500000US02122
0,13918,7102,6816,0500000US02130
1,3404,1721,1683,0500000US02130
2,4502,2355,2147,0500000US02130
3,1728,860,868,0500000US02130
4,2122,1075,1047,0500000US02130
5,1402,725,677,0500000US02130
6,552,280,272,0500000US02130
7,208,86,122,0500000US02130
0,13345,7096,6249,0500000US02150
1,3743,1966,1777,0500000US02150
2,4897,2670,2227,0500000US02150
3,1517,809,708,0500000US02150
4,1809,985,824,0500000US02150
5,918,471,447,0500000US02150
6,370,169,201,0500000US02150
7,91,26,65,0500000US02150
0,8303,4374,3929,0500000US02158
1,3658,1926,1732,0500000US02158
2,2704,1454,1250,0500000US02158
3,729,384,345,0500000US02158
4,716,390,326,0500000US02158
5,343,169,174,0500000US02158
6,106,37,69,0500000US02158
7,47,14,33,0500000US02158
0,1587,813,774,0500000US02164
1,489,234,255,0500000US02164
2,530,285,245,0500000US02164
3,191,97,94,0500000US02164
4,215,111,104,0500000US02164
5,112,60,52,0500000US02164
6,37,21,16,0500000US02164
7,13,5,8,0500000US02164
0,107610,55867,51743,0500000US02170
1,31345,16277,15068,0500000US02170
2,36053,18935,17118,0500000US02170
3,13124,6840,6284,0500000US02170
4,14274,7401,6873,0500000US02170
5,8766,4392,4374,0500000US02170
6,3186,1650,1536,0500000US02170
7,862,372,490,0500000US02170
0,10008,5267,4741,0500000US02180
1,3760,1933,1827,0500000US02180
2,3435,1809,1626,0500000US02180
3,995,534,461,0500000US02180
4,1044,573,471,0500000US02180
5,545,311,234,0500000US02180
6,186,89,97,0500000US02180
7,43,18,25,0500000US02180
0,9872,6145,3727,0500000US02185
1,2817,1447,1370,0500000US02185
2,3461,2216,1245,0500000US02185
3,1558,1153,405,0500000US02185
4,1363,955,408,0500000US02185
5,481,302,179,0500000US02185
6,144,56,88,0500000US02185
7,48,16,32,0500000US02185
0,7671,4141,3530,0500000US02188
1,2935,1533,1402,0500000US02188
2,2586,1416,1170,0500000US02188
3,831,488,343,0500000US02188
4,758,434,324,0500000US02188
5,333,171,162,0500000US02188
6,162,81,81,0500000US02188
7,66,18,48,0500000US02188
0,3221,1700,1521,0500000US02195
1,737,373,364,0500000US02195
2,938,501,437,0500000US02195
3,417,235,182,0500000US02195
4,514,259,255,0500000US02195
5,417,230,187,0500000US02195
6,149,84,65,0500000US02195
7,49,18,31,0500000US02195
0,6422,3517,2905,0500000US02198
1,1622,888,734,0500000US02198
2,1796,954,842,0500000US02198
3,864,479,385,0500000US02198
4,1044,577,467,0500000US02198
5,794,448,346,0500000US02198
6,247,146,101,0500000US02198
7,55,25,30,0500000US02198
0,8647,4400,4247,0500000US02220
1,2049,1061,988,0500000US02220
2,2937,1514,1423,0500000US02220
3,1039,545,494,0500000US02220
4,1261,643,618,0500000US02220
5,840,411,429,0500000US02220
6,372,173,199,0500000US02220
7,149,53,96,0500000US02220
0,1148,597,551,0500000US02230
1,191,104,87,0500000US02230
2,478,240,238,0500000US02230
3,160,82,78,0500000US02230
4,152,85,67,0500000US02230
5,108,59,49,0500000US02230
6,50,22,28,0500000US02230
7,9,5,4,0500000US02230
0,6918,3815,3103,0500000US02240
1,1878,958,920,0500000US02240
2,2196,1246,950,0500000US02240
3,868,506,362,0500000US02240
4,971,548,423,0500000US02240
5,677,382,295,0500000US02240
6,275,154,121,0500000US02240
7,53,21,32,0500000US02240
0,9164,4803,4361,0500000US02261
1,2341,1160,1181,0500000US02261
2,2813,1483,1330,0500000US02261
3,1173,651,522,0500000US02261
4,1581,838,743,0500000US02261
5,914,511,403,0500000US02261
6,276,141,135,0500000US02261
7,66,19,47,0500000US02261
0,2503,1296,1207,0500000US02275
1,549,273,276,0500000US02275
2,609,314,295,0500000US02275
3,299,155,144,0500000US02275
4,498,262,236,0500000US02275
5,357,195,162,0500000US02275
6,150,85,65,0500000US02275
7,41,12,29,0500000US02275
0,604,335,269,0500000US02282
1,117,54,63,0500000US02282
2,182,107,75,0500000US02282
3,102,57,45,0500000US02282
4,85,48,37,0500000US02282
5,75,47,28,0500000US02282
6,30,19,11,0500000US02282
7,13,3,10,0500000US02282
0,5327,2822,2505,0500000US02290
1,1608,812,796,0500000US02290
2,1633,880,753,0500000US02290
3,541,267,274,0500000US02290
4,735,401,334,0500000US02290
5,542,312,230,0500000US02290
6,200,112,88,0500000US02290
7,68,38,30,0500000US02290
0,71818,35310,36508,0500000US04001
1,21635,10658,10977,0500000US04001
2,21811,11319,10492,0500000US04001
3,8129,3958,4171,0500000US04001
4,9257,4357,4900,0500000US04001
5,6472,3065,3407,0500000US04001
6,3359,1510,1849,0500000US04001
7,1155,443,712,0500000US04001
0,126770,64380,62390,0500000US04003
1,30974,15892,15082,0500000US04003
2,37327,20413,16914,0500000US04003
3,13386,6669,6717,0500000US04003
4,16757,7844,8913,0500000US04003
5,16152,7805,8347,0500000US04003
6,9205,4449,4756,0500000US04003
7,2969,1308,1661,0500000US04003
0,142854,70580,72274,0500000US04005
1,38493,19127,19366,0500000US04005
2,55679,27908,27771,0500000US04005
3,14435,7247,7188,0500000US04005
4,16392,7783,8609,0500000US04005
5,11394,5644,5750,0500000US04005
6,4827,2218,2609,0500000US04005
7,1634,653,981,0500000US04005
0,53889,26644,27245,0500000US04007
1,11828,6072,5756,0500000US04007
2,12425,6270,6155,0500000US04007
3,5613,2723,2890,0500000US04007
4,8517,4079,4438,0500000US04007
5,8961,4400,4561,0500000US04007
6,4955,2443,2512,0500000US04007
7,1590,657,933,0500000US04007
0,38072,20283,17789,0500000US04009
1,11533,5925,5608,0500000US04009
2,13235,7706,5529,0500000US04009
3,4042,2237,1805,0500000US04009
4,3952,1982,1970,0500000US04009
5,3018,1432,1586,0500000US04009
6,1667,752,915,0500000US04009
7,625,249,376,0500000US04009
0,9483,4871,4612,0500000US04011
1,2833,1441,1392,0500000US04011
2,3273,1738,1535,0500000US04011
3,1066,545,521,0500000US04011
4,1063,570,493,0500000US04011
5,703,362,341,0500000US04011
6,354,157,197,0500000US04011
7,191,58,133,0500000US04011
0,21098,10820,10278,0500000US04012
1,3891,2066,1825,0500000US04012
2,4511,2333,2178,0500000US04012
3,1772,838,934,0500000US04012
4,2637,1260,1377,0500000US04012
5,3852,1958,1894,0500000US04012
6,3429,1810,1619,0500000US04012
7,1006,555,451,0500000US04012
0,4410824,2181718,2229106,0500000US04013
1,1169492,597517,571975,0500000US04013
2,1509634,764811,744823,0500000US04013
3,552449,272878,279571,0500000US04013
4,509964,244911,265053,0500000US04013
5,388110,178860,209250,0500000US04013
6,202551,91844,110707,0500000US04013
7,78624,30897,47727,0500000US04013
0,209550,105979,103571,0500000US04015
1,39380,20083,19297,0500000US04015
2,49574,26463,23111,0500000US04015
3,22819,11299,11520,0500000US04015
4,34251,16436,17815,0500000US04015
5,35989,17909,18080,0500000US04015
6,21467,10976,10491,0500000US04015
7,6070,2813,3257,0500000US04015
0,110445,55281,55164,0500000US04017
1,32286,16436,15850,0500000US04017
2,31568,16504,15064,0500000US04017
3,12026,5928,6098,0500000US04017
4,14555,6954,7601,0500000US04017
5,12107,5834,6273,0500000US04017
6,6096,2880,3216,0500000US04017
7,1807,745,1062,0500000US04017
0,1039073,511456,527617,0500000US04019
1,248777,126410,122367,0500000US04019
2,341786,175139,166647,0500000US04019
3,113841,55731,58110,0500000US04019
4,129414,60989,68425,0500000US04019
5,116499,54142,62357,0500000US04019
6,63318,28913,34405,0500000US04019
7,25438,10132,15306,0500000US04019
0,447138,232917,214221,0500000US04021
1,110916,56906,54010,0500000US04021
2,142028,80012,62016,0500000US04021
3,49980,26735,23245,0500000US04021
4,53085,25282,27803,0500000US04021
5,54870,26026,28844,0500000US04021
6,28706,14434,14272,0500000US04021
7,7553,3522,4031,0500000US04021
0,46511,22473,24038,0500000US04023
1,13839,7039,6800,0500000US04023
2,13263,6507,6756,0500000US04023
3,5276,2453,2823,0500000US04023
4,5712,2639,3073,0500000US04023
5,4915,2298,2617,0500000US04023
6,2565,1167,1398,0500000US04023
7,941,370,571,0500000US04023
0,231993,113321,118672,0500000US04025
1,42340,21950,20390,0500000US04025
2,51926,26724,25202,0500000US04025
3,24503,11749,12754,0500000US04025
4,39946,18067,21879,0500000US04025
5,43542,20672,22870,0500000US04025
6,22311,10976,11335,0500000US04025
7,7425,3183,4242,0500000US04025
0,212128,109306,102822,0500000US04027
1,59660,30686,28974,0500000US04027
2,70412,39142,31270,0500000US04027
3,21453,10394,11059,0500000US04027
4,20775,10031,10744,0500000US04027
5,19578,9181,10397,0500000US04027
6,15003,7276,7727,0500000US04027
7,5247,2596,2651,0500000US04027
0,17769,8593,9176,0500000US05001
1,4437,2254,2183,0500000US05001
2,5095,2470,2625,0500000US05001
3,2207,1074,1133,0500000US05001
4,2546,1229,1317,0500000US05001
5,2004,992,1012,0500000US05001
6,1041,425,616,0500000US05001
7,439,149,290,0500000US05001
0,20046,9771,10275,0500000US05003
1,5014,2576,2438,0500000US05003
2,5559,2691,2868,0500000US05003
3,2624,1255,1369,0500000US05003
4,2768,1362,1406,0500000US05003
5,2367,1131,1236,0500000US05003
6,1339,613,726,0500000US05003
7,375,143,232,0500000US05003
0,41619,20096,21523,0500000US05005
1,8061,4159,3902,0500000US05005
2,9493,4705,4788,0500000US05005
3,4661,2227,2434,0500000US05005
4,6544,2998,3546,0500000US05005
5,6759,3158,3601,0500000US05005
6,4502,2156,2346,0500000US05005
7,1599,693,906,0500000US05005
0,272608,135582,137026,0500000US05007
1,77966,39944,38022,0500000US05007
2,94774,48071,46703,0500000US05007
3,33984,16980,17004,0500000US05007
4,29327,14186,15141,0500000US05007
5,21371,9910,11461,0500000US05007
6,11012,4896,6116,0500000US05007
7,4174,1595,2579,0500000US05007
0,37480,18443,19037,0500000US05009
1,9326,4854,4472,0500000US05009
2,10647,5351,5296,0500000US05009
3,4675,2283,2392,0500000US05009
4,5089,2458,2631,0500000US05009
5,4348,2043,2305,0500000US05009
6,2463,1083,1380,0500000US05009
7,932,371,561,0500000US05009
0,10897,5306,5591,0500000US05011
1,2834,1457,1377,0500000US05011
2,3166,1574,1592,0500000US05011
3,1360,667,693,0500000US05011
4,1470,689,781,0500000US05011
5,1132,544,588,0500000US05011
6,656,285,371,0500000US05011
7,279,90,189,0500000US05011
0,5277,2662,2615,0500000US05013
1,1113,576,537,0500000US05013
2,1476,782,694,0500000US05013
3,714,367,347,0500000US05013
4,837,432,405,0500000US05013
5,665,317,348,0500000US05013
6,350,144,206,0500000US05013
7,122,44,78,0500000US05013
0,28223,14047,14176,0500000US05015
1,6699,3412,3287,0500000US05015
2,7448,3795,3653,0500000US05015
3,3364,1683,1681,0500000US05015
4,4168,2018,2150,0500000US05015
5,3997,2001,1996,0500000US05015
6,1911,897,1014,0500000US05015
7,636,241,395,0500000US05015
0,10438,5272,5166,0500000US05017
1,2559,1356,1203,0500000US05017
2,2897,1637,1260,0500000US05017
3,1253,630,623,0500000US05017
4,1607,771,836,0500000US05017
5,1127,500,627,0500000US05017
6,677,285,392,0500000US05017
7,318,93,225,0500000US05017
0,22061,10452,11609,0500000US05019
1,5732,2792,2940,0500000US05019
2,7762,3730,4032,0500000US05019
3,2327,1111,1216,0500000US05019
4,2553,1182,1371,0500000US05019
5,2049,971,1078,0500000US05019
6,1180,508,672,0500000US05019
7,458,158,300,0500000US05019
0,14847,7255,7592,0500000US05021
1,3533,1777,1756,0500000US05021
2,4156,2109,2047,0500000US05021
3,1913,970,943,0500000US05021
4,2066,1009,1057,0500000US05021
5,1736,799,937,0500000US05021
6,1082,462,620,0500000US05021
7,361,129,232,0500000US05021
0,24965,12277,12688,0500000US05023
1,5180,2674,2506,0500000US05023
2,6185,3090,3095,0500000US05023
3,3016,1522,1494,0500000US05023
4,3897,1894,2003,0500000US05023
5,3568,1685,1883,0500000US05023
6,2266,1071,1195,0500000US05023
7,853,341,512,0500000US05023
0,8018,3978,4040,0500000US05025
1,1934,997,937,0500000US05025
2,2187,1084,1103,0500000US05025
3,1042,534,508,0500000US05025
4,1172,581,591,0500000US05025
5,983,473,510,0500000US05025
6,527,241,286,0500000US05025
7,173,68,105,0500000US05025
0,23537,11352,12185,0500000US05027
1,6338,3261,3077,0500000US05027
2,7637,3724,3913,0500000US05027
3,2571,1203,1368,0500000US05027
4,2890,1397,1493,0500000US05027
5,2224,1031,1193,0500000US05027
6,1307,533,774,0500000US05027
7,570,203,367,0500000US05027
0,20891,10260,10631,0500000US05029
1,5121,2604,2517,0500000US05029
2,5944,2962,2982,0500000US05029
3,2675,1312,1363,0500000US05029
4,3056,1496,1560,0500000US05029
5,2265,1085,1180,0500000US05029
6,1303,603,700,0500000US05029
7,527,198,329,0500000US05029
0,108558,52730,55828,0500000US05031
1,30591,15780,14811,0500000US05031
2,38569,18959,19610,0500000US05031
3,12467,6046,6421,0500000US05031
4,11901,5572,6329,0500000US05031
5,8651,3895,4756,0500000US05031
6,4534,1827,2707,0500000US05031
7,1845,651,1194,0500000US05031
0,63406,31258,32148,0500000US05033
1,16958,8647,8311,0500000US05033
2,19276,9637,9639,0500000US05033
3,8211,4049,4162,0500000US05033
4,8414,4151,4263,0500000US05033
5,6137,2891,3246,0500000US05033
6,3326,1494,1832,0500000US05033
7,1084,389,695,0500000US05033
0,48342,23011,25331,0500000US05035
1,14328,7332,6996,0500000US05035
2,15191,7153,8038,0500000US05035
3,5907,2674,3233,0500000US05035
4,6078,2886,3192,0500000US05035
5,4059,1866,2193,0500000US05035
6,2031,863,1168,0500000US05035
7,748,237,511,0500000US05035
0,16676,8044,8632,0500000US05037
1,4295,2178,2117,0500000US05037
2,4886,2364,2522,0500000US05037
3,2085,1026,1059,0500000US05037
4,2280,1093,1187,0500000US05037
5,1799,833,966,0500000US05037
6,964,418,546,0500000US05037
7,367,132,235,0500000US05037
0,7182,3549,3633,0500000US05039
1,1675,892,783,0500000US05039
2,1881,954,927,0500000US05039
3,843,409,434,0500000US05039
4,1118,578,540,0500000US05039
5,929,433,496,0500000US05039
6,490,208,282,0500000US05039
7,246,75,171,0500000US05039
0,11512,5437,6075,0500000US05041
1,3200,1625,1575,0500000US05041
2,3155,1451,1704,0500000US05041
3,1296,601,695,0500000US05041
4,1673,805,868,0500000US05041
5,1261,587,674,0500000US05041
6,681,296,385,0500000US05041
7,246,72,174,0500000US05041
0,18328,8955,9373,0500000US05043
1,4667,2464,2203,0500000US05043
2,6054,3016,3038,0500000US05043
3,2081,956,1125,0500000US05043
4,2319,1145,1174,0500000US05043
5,1720,786,934,0500000US05043
6,1081,450,631,0500000US05043
7,406,138,268,0500000US05043
0,124806,60992,63814,0500000US05045
1,32976,16867,16109,0500000US05045
2,48001,23583,24418,0500000US05045
3,14590,7115,7475,0500000US05045
4,13657,6567,7090,0500000US05045
5,9484,4390,5094,0500000US05045
6,4497,1920,2577,0500000US05045
7,1601,550,1051,0500000US05045
0,17810,8908,8902,0500000US05047
1,4502,2377,2125,0500000US05047
2,5152,2688,2464,0500000US05047
3,2226,1094,1132,0500000US05047
4,2487,1193,1294,0500000US05047
5,1897,901,996,0500000US05047
6,1108,507,601,0500000US05047
7,438,148,290,0500000US05047
0,12269,6021,6248,0500000US05049
1,2766,1446,1320,0500000US05049
2,2883,1419,1464,0500000US05049
3,1517,746,771,0500000US05049
4,1882,878,1004,0500000US05049
5,1780,851,929,0500000US05049
6,1064,526,538,0500000US05049
7,377,155,222,0500000US05049
0,99154,47660,51494,0500000US05051
1,22017,11331,10686,0500000US05051
2,27246,13389,13857,0500000US05051
3,11927,5662,6265,0500000US05051
4,14332,6697,7635,0500000US05051
5,13314,6077,7237,0500000US05051
6,7493,3450,4043,0500000US05051
7,2825,1054,1771,0500000US05051
0,18188,8985,9203,0500000US05053
1,4478,2262,2216,0500000US05053
2,5469,2747,2722,0500000US05053
3,2449,1210,1239,0500000US05053
4,2517,1256,1261,0500000US05053
5,1897,937,960,0500000US05053
6,1010,439,571,0500000US05053
7,368,134,234,0500000US05053
0,45325,22289,23036,0500000US05055
1,12138,6194,5944,0500000US05055
2,14507,7279,7228,0500000US05055
3,6011,2980,3031,0500000US05055
4,5427,2638,2789,0500000US05055
5,4223,1975,2248,0500000US05055
6,2256,954,1302,0500000US05055
7,763,269,494,0500000US05055
0,21741,10482,11259,0500000US05057
1,6124,3137,2987,0500000US05057
2,6122,2879,3243,0500000US05057
3,2567,1252,1315,0500000US05057
4,3023,1481,1542,0500000US05057
5,2131,975,1156,0500000US05057
6,1287,592,695,0500000US05057
7,487,166,321,0500000US05057
0,33701,17643,16058,0500000US05059
1,7641,4134,3507,0500000US05059
2,10523,5843,4680,0500000US05059
3,4453,2424,2029,0500000US05059
4,4715,2339,2376,0500000US05059
5,3772,1775,1997,0500000US05059
6,1912,852,1060,0500000US05059
7,685,276,409,0500000US05059
0,13341,6417,6924,0500000US05061
1,3770,1961,1809,0500000US05061
2,3805,1793,2012,0500000US05061
3,1654,778,876,0500000US05061
4,1718,836,882,0500000US05061
5,1329,621,708,0500000US05061
6,768,321,447,0500000US05061
7,297,107,190,0500000US05061
0,37678,18371,19307,0500000US05063
1,10119,5091,5028,0500000US05063
2,11341,5656,5685,0500000US05063
3,4681,2291,2390,0500000US05063
4,4934,2432,2502,0500000US05063
5,3696,1730,1966,0500000US05063
6,2088,889,1199,0500000US05063
7,819,282,537,0500000US05063
0,13593,7050,6543,0500000US05065
1,2689,1385,1304,0500000US05065
2,3550,1970,1580,0500000US05065
3,1794,1023,771,0500000US05065
4,2054,993,1061,0500000US05065
5,1863,927,936,0500000US05065
6,1198,578,620,0500000US05065
7,445,174,271,0500000US05065
0,16811,8348,8463,0500000US05067
1,3687,1866,1821,0500000US05067
2,5638,2978,2660,0500000US05067
3,2163,1078,1085,0500000US05067
4,2272,1087,1185,0500000US05067
5,1785,808,977,0500000US05067
6,929,413,516,0500000US05067
7,337,118,219,0500000US05067
0,68114,33662,34452,0500000US05069
1,17206,8855,8351,0500000US05069
2,21449,11135,10314,0500000US05069
3,8275,4087,4188,0500000US05069
4,9407,4465,4942,0500000US05069
5,7032,3275,3757,0500000US05069
6,3398,1439,1959,0500000US05069
7,1347,406,941,0500000US05069
0,26742,13264,13478,0500000US05071
1,7435,3728,3707,0500000US05071
2,8175,4119,4056,0500000US05071
3,3269,1658,1611,0500000US05071
4,3463,1724,1739,0500000US05071
5,2548,1231,1317,0500000US05071
6,1337,615,722,0500000US05071
7,515,189,326,0500000US05071
0,6682,3283,3399,0500000US05073
1,1360,734,626,0500000US05073
2,1767,890,877,0500000US05073
3,861,397,464,0500000US05073
4,1088,519,569,0500000US05073
5,858,408,450,0500000US05073
6,548,250,298,0500000US05073
7,200,85,115,0500000US05073
0,16434,8112,8322,0500000US05075
1,4094,2136,1958,0500000US05075
2,4811,2434,2377,0500000US05075
3,2067,1031,1036,0500000US05075
4,2220,1076,1144,0500000US05075
5,1748,827,921,0500000US05075
6,1075,466,609,0500000US05075
7,419,142,277,0500000US05075
0,8985,5049,3936,0500000US05077
1,1809,899,910,0500000US05077
2,3049,2093,956,0500000US05077
3,1203,697,506,0500000US05077
4,1160,584,576,0500000US05077
5,979,440,539,0500000US05077
6,534,233,301,0500000US05077
7,251,103,148,0500000US05077
0,13383,8273,5110,0500000US05079
1,2562,1319,1243,0500000US05079
2,5296,3918,1378,0500000US05079
3,1897,1227,670,0500000US05079
4,1579,896,683,0500000US05079
5,1139,564,575,0500000US05079
6,661,276,385,0500000US05079
7,249,73,176,0500000US05079
0,12326,5936,6390,0500000US05081
1,2997,1578,1419,0500000US05081
2,3465,1684,1781,0500000US05081
3,1576,737,839,0500000US05081
4,1699,791,908,0500000US05081
5,1528,699,829,0500000US05081
6,809,356,453,0500000US05081
7,252,91,161,0500000US05081
0,21737,10852,10885,0500000US05083
1,5210,2759,2451,0500000US05083
2,6069,3058,3011,0500000US05083
3,3033,1540,1493,0500000US05083
4,3110,1495,1615,0500000US05083
5,2457,1196,1261,0500000US05083
6,1396,638,758,0500000US05083
7,462,166,296,0500000US05083
0,73657,36302,37355,0500000US05085
1,20697,10657,10040,0500000US05085
2,24765,12342,12423,0500000US05085
3,9501,4677,4824,0500000US05085
4,8886,4287,4599,0500000US05085
5,5880,2750,3130,0500000US05085
6,2974,1269,1705,0500000US05085
7,954,320,634,0500000US05085
0,16481,8229,8252,0500000US05087
1,4260,2183,2077,0500000US05087
2,4617,2336,2281,0500000US05087
3,2096,1057,1039,0500000US05087
4,2365,1207,1158,0500000US05087
5,1851,894,957,0500000US05087
6,985,450,535,0500000US05087
7,307,102,205,0500000US05087
0,16722,8209,8513,0500000US05089
1,3360,1663,1697,0500000US05089
2,3655,1845,1810,0500000US05089
3,1951,960,991,0500000US05089
4,2988,1423,1565,0500000US05089
5,2918,1451,1467,0500000US05089
6,1432,718,714,0500000US05089
7,418,149,269,0500000US05089
0,43592,21411,22181,0500000US05091
1,11252,5826,5426,0500000US05091
2,13807,6948,6859,0500000US05091
3,5506,2753,2753,0500000US05091
4,5663,2677,2986,0500000US05091
5,4253,1953,2300,0500000US05091
6,2296,995,1301,0500000US05091
7,815,259,556,0500000US05091
0,41239,20077,21162,0500000US05093
1,11779,6035,5744,0500000US05093
2,12972,6407,6565,0500000US05093
3,4986,2387,2599,0500000US05093
4,5402,2592,2810,0500000US05093
5,3619,1683,1936,0500000US05093
6,1818,767,1051,0500000US05093
7,663,206,457,0500000US05093
0,6900,3209,3691,0500000US05095
1,1597,779,818,0500000US05095
2,1739,812,927,0500000US05095
3,851,411,440,0500000US05095
4,1112,518,594,0500000US05095
5,883,398,485,0500000US05095
6,517,225,292,0500000US05095
7,201,66,135,0500000US05095
0,8924,4414,4510,0500000US05097
1,1822,946,876,0500000US05097
2,1999,1029,970,0500000US05097
3,1226,560,666,0500000US05097
4,1466,730,736,0500000US05097
5,1326,659,667,0500000US05097
6,804,373,431,0500000US05097
7,281,117,164,0500000US05097
0,8326,4126,4200,0500000US05099
1,2066,1116,950,0500000US05099
2,2221,1121,1100,0500000US05099
3,1084,525,559,0500000US05099
4,1237,589,648,0500000US05099
5,954,446,508,0500000US05099
6,535,247,288,0500000US05099
7,229,82,147,0500000US05099
0,7805,3954,3851,0500000US05101
1,1656,882,774,0500000US05101
2,1921,983,938,0500000US05101
3,920,467,453,0500000US05101
4,1239,620,619,0500000US05101
5,1239,631,608,0500000US05101
6,639,301,338,0500000US05101
7,191,70,121,0500000US05101
0,23606,11196,12410,0500000US05103
1,5782,2948,2834,0500000US05103
2,6403,3080,3323,0500000US05103
3,2885,1365,1520,0500000US05103
4,3726,1727,1999,0500000US05103
5,2768,1272,1496,0500000US05103
6,1388,600,788,0500000US05103
7,654,204,450,0500000US05103
0,10352,5113,5239,0500000US05105
1,2528,1266,1262,0500000US05105
2,2821,1426,1395,0500000US05105
3,1432,725,707,0500000US05105
4,1480,733,747,0500000US05105
5,1225,571,654,0500000US05105
6,627,307,320,0500000US05105
7,239,85,154,0500000US05105
0,18029,8476,9553,0500000US05107
1,5089,2648,2441,0500000US05107
2,4884,2231,2653,0500000US05107
3,1998,927,1071,0500000US05107
4,2632,1177,1455,0500000US05107
5,2012,923,1089,0500000US05107
6,1024,448,576,0500000US05107
7,390,122,268,0500000US05107
0,10673,5336,5337,0500000US05109
1,2528,1313,1215,0500000US05109
2,2967,1525,1442,0500000US05109
3,1494,763,731,0500000US05109
4,1508,743,765,0500000US05109
5,1231,576,655,0500000US05109
6,739,331,408,0500000US05109
7,206,85,121,0500000US05109
0,23974,11646,12328,0500000US05111
1,6283,3195,3088,0500000US05111
2,7131,3553,3578,0500000US05111
3,3138,1568,1570,0500000US05111
4,3126,1529,1597,0500000US05111
5,2481,1088,1393,0500000US05111
6,1402,579,823,0500000US05111
7,413,134,279,0500000US05111
0,20049,9767,10282,0500000US05113
1,5015,2514,2501,0500000US05113
2,5150,2552,2598,0500000US05113
3,2396,1187,1209,0500000US05113
4,2877,1399,1478,0500000US05113
5,2637,1244,1393,0500000US05113
6,1494,691,803,0500000US05113
7,480,180,300,0500000US05113
0,64000,31721,32279,0500000US05115
1,17246,8805,8441,0500000US05115
2,21262,10790,10472,0500000US05115
3,7625,3737,3888,0500000US05115
4,7786,3868,3918,0500000US05115
5,5770,2697,3073,0500000US05115
6,3135,1412,1723,0500000US05115
7,1176,412,764,0500000US05115
0,8074,4063,4011,0500000US05117
1,1761,983,778,0500000US05117
2,2066,1026,1040,0500000US05117
3,1113,533,580,0500000US05117
4,1214,593,621,0500000US05117
5,991,509,482,0500000US05117
6,677,318,359,0500000US05117
7,252,101,151,0500000US05117
0,392680,187731,204949,0500000US05119
1,99593,50870,48723,0500000US05119
2,133612,64742,68870,0500000US05119
3,47372,22342,25030,0500000US05119
4,51028,23764,27264,0500000US05119
5,36823,16646,20177,0500000US05119
6,16855,7010,9845,0500000US05119
7,7397,2357,5040,0500000US05119
0,17948,8874,9074,0500000US05121
1,4630,2412,2218,0500000US05121
2,5254,2696,2558,0500000US05121
3,2151,1058,1093,0500000US05121
4,2334,1152,1182,0500000US05121
5,1952,908,1044,0500000US05121
6,1099,466,633,0500000US05121
7,528,182,346,0500000US05121
0,25439,14023,11416,0500000US05123
1,5907,2977,2930,0500000US05123
2,8961,5683,3278,0500000US05123
3,3167,1826,1341,0500000US05123
4,3282,1660,1622,0500000US05123
5,2505,1214,1291,0500000US05123
6,1149,495,654,0500000US05123
7,468,168,300,0500000US05123
0,121421,59489,61932,0500000US05125
1,30726,15726,15000,0500000US05125
2,38195,18717,19478,0500000US05125
3,15720,7814,7906,0500000US05125
4,15216,7396,7820,0500000US05125
5,12628,5886,6742,0500000US05125
6,6871,3154,3717,0500000US05125
7,2065,796,1269,0500000US05125
0,10319,5236,5083,0500000US05127
1,2601,1395,1206,0500000US05127
2,2776,1418,1358,0500000US05127
3,1337,677,660,0500000US05127
4,1453,732,721,0500000US05127
5,1205,583,622,0500000US05127
6,726,345,381,0500000US05127
7,221,86,135,0500000US05127
0,7958,3988,3970,0500000US05129
1,1791,935,856,0500000US05129
2,1932,975,957,0500000US05129
3,1001,484,517,0500000US05129
4,1246,629,617,0500000US05129
5,1125,573,552,0500000US05129
6,621,285,336,0500000US05129
7,242,107,135,0500000US05129
0,127753,62418,65335,0500000US05131
1,33607,17069,16538,0500000US05131
2,41071,20420,20651,0500000US05131
3,16225,8055,8170,0500000US05131
4,16346,7950,8396,0500000US05131
5,11920,5462,6458,0500000US05131
6,6109,2641,3468,0500000US05131
7,2475,821,1654,0500000US05131
0,17139,8622,8517,0500000US05133
1,5325,2727,2598,0500000US05133
2,5203,2667,2536,0500000US05133
3,2172,1091,1081,0500000US05133
4,1946,994,952,0500000US05133
5,1423,693,730,0500000US05133
6,787,337,450,0500000US05133
7,283,113,170,0500000US05133
0,17366,8570,8796,0500000US05135
1,3919,2072,1847,0500000US05135
2,4197,2121,2076,0500000US05135
3,2115,1027,1088,0500000US05135
4,2605,1217,1388,0500000US05135
5,2504,1206,1298,0500000US05135
6,1508,723,785,0500000US05135
7,518,204,314,0500000US05135
0,12457,6135,6322,0500000US05137
1,2621,1334,1287,0500000US05137
2,2990,1517,1473,0500000US05137
3,1365,664,701,0500000US05137
4,2065,1021,1044,0500000US05137
5,1875,902,973,0500000US05137
6,1144,531,613,0500000US05137
7,397,166,231,0500000US05137
0,39126,19038,20088,0500000US05139
1,10273,5293,4980,0500000US05139
2,11400,5581,5819,0500000US05139
3,4861,2367,2494,0500000US05139
4,5575,2694,2881,0500000US05139
5,4069,1917,2152,0500000US05139
6,2114,901,1213,0500000US05139
7,834,285,549,0500000US05139
0,16603,8255,8348,0500000US05141
1,3656,1876,1780,0500000US05141
2,3927,1963,1964,0500000US05141
3,2074,1103,971,0500000US05141
4,2621,1274,1347,0500000US05141
5,2354,1141,1213,0500000US05141
6,1417,661,756,0500000US05141
7,554,237,317,0500000US05141
0,236961,118335,118626,0500000US05143
1,67320,34110,33210,0500000US05143
2,92126,47363,44763,0500000US05143
3,25879,13017,12862,0500000US05143
4,23827,11488,12339,0500000US05143
5,16544,7728,8816,0500000US05143
6,8118,3511,4607,0500000US05143
7,3147,1118,2029,0500000US05143
0,78727,38321,40406,0500000US05145
1,20950,10628,10322,0500000US05145
2,25053,12308,12745,0500000US05145
3,9960,4882,5078,0500000US05145
4,9832,4811,5021,0500000US05145
5,7451,3474,3977,0500000US05145
6,4041,1689,2352,0500000US05145
7,1440,529,911,0500000US05145
0,6490,3121,3369,0500000US05147
1,1542,784,758,0500000US05147
2,1695,829,866,0500000US05147
3,816,415,401,0500000US05147
4,935,439,496,0500000US05147
5,876,418,458,0500000US05147
6,426,178,248,0500000US05147
7,200,58,142,0500000US05147
0,21535,10811,10724,0500000US05149
1,5797,3012,2785,0500000US05149
2,6216,3228,2988,0500000US05149
3,2761,1350,1411,0500000US05149
4,2932,1493,1439,0500000US05149
5,2108,1035,1073,0500000US05149
6,1237,538,699,0500000US05149
7,484,155,329,0500000US05149
0,1666753,820045,846708,0500000US06001
1,381081,194442,186639,0500000US06001
2,629817,315495,314322,0500000US06001
3,222163,110561,111602,0500000US06001
4,203182,98465,104717,0500000US06001
5,136407,62755,73652,0500000US06001
6,63683,27563,36120,0500000US06001
7,30420,10764,19656,0500000US06001
0,1101,588,513,0500000US06003
1,219,119,100,0500000US06003
2,252,140,112,0500000US06003
3,133,65,68,0500000US06003
4,217,125,92,0500000US06003
5,193,94,99,0500000US06003
6,64,35,29,0500000US06003
7,23,10,13,0500000US06003
0,39383,21425,17958,0500000US06005
1,6562,3405,3157,0500000US06005
2,10522,6501,4021,0500000US06005
3,5185,3110,2075,0500000US06005
4,6481,3300,3181,0500000US06005
5,6489,3142,3347,0500000US06005
6,3058,1494,1564,0500000US06005
7,1086,473,613,0500000US06005
0,231256,114342,116914,0500000US06007
1,54165,27684,26481,0500000US06007
2,80540,41325,39215,0500000US06007
3,24214,11922,12292,0500000US06007
4,29345,14003,15342,0500000US06007
5,25338,11989,13349,0500000US06007
6,12076,5436,6640,0500000US06007
7,5578,1983,3595,0500000US06007
0,45602,22697,22905,0500000US06009
1,8511,4428,4083,0500000US06009
2,10677,5500,5177,0500000US06009
3,5466,2662,2804,0500000US06009
4,8395,3998,4397,0500000US06009
5,7619,3755,3864,0500000US06009
6,3801,1882,1919,0500000US06009
7,1133,472,661,0500000US06009
0,21627,11046,10581,0500000US06011
1,6491,3376,3115,0500000US06011
2,6902,3542,3360,0500000US06011
3,2540,1298,1242,0500000US06011
4,2531,1310,1221,0500000US06011
5,1806,902,904,0500000US06011
6,961,469,492,0500000US06011
7,396,149,247,0500000US06011
0,1150215,562483,587732,0500000US06013
1,286168,146153,140015,0500000US06013
2,369082,184004,185078,0500000US06013
3,161487,79018,82469,0500000US06013
4,152035,73450,78585,0500000US06013
5,106437,48765,57672,0500000US06013
6,51764,22664,29100,0500000US06013
7,23242,8429,14813,0500000US06013
0,27828,15188,12640,0500000US06015
1,6386,3294,3092,0500000US06015
2,9207,5735,3472,0500000US06015
3,3244,1830,1414,0500000US06015
4,3973,1932,2041,0500000US06015
5,3030,1528,1502,0500000US06015
6,1439,656,783,0500000US06015
7,549,213,336,0500000US06015
0,190678,95091,95587,0500000US06017
1,41773,21477,20296,0500000US06017
2,50415,25659,24756,0500000US06017
3,25549,12690,12859,0500000US06017
4,32552,15775,16777,0500000US06017
5,24944,12381,12563,0500000US06017
6,11117,5385,5732,0500000US06017
7,4328,1724,2604,0500000US06017
0,994400,496016,498384,0500000US06019
1,309154,157796,151358,0500000US06019
2,348860,177766,171094,0500000US06019
3,110461,55273,55188,0500000US06019
4,103812,50447,53365,0500000US06019
5,71367,33702,37665,0500000US06019
6,34930,15286,19644,0500000US06019
7,15816,5746,10070,0500000US06019
0,28047,14235,13812,0500000US06021
1,8172,4253,3919,0500000US06021
2,8677,4459,4218,0500000US06021
3,3148,1570,1578,0500000US06021
4,3597,1818,1779,0500000US06021
5,2532,1282,1250,0500000US06021
6,1376,648,728,0500000US06021
7,545,205,340,0500000US06021
0,136373,67913,68460,0500000US06023
1,30758,15672,15086,0500000US06023
2,48638,24902,23736,0500000US06023
3,14486,7460,7026,0500000US06023
4,18111,8680,9431,0500000US06023
5,15426,7379,8047,0500000US06023
6,6221,2846,3375,0500000US06023
7,2733,974,1759,0500000US06023
0,181827,93235,88592,0500000US06025
1,57061,29151,27910,0500000US06025
2,62204,34443,27761,0500000US06025
3,20123,10066,10057,0500000US06025
4,18859,9003,9856,0500000US06025
5,13112,6078,7034,0500000US06025
6,7218,3167,4051,0500000US06025
7,3250,1327,1923,0500000US06025
0,17987,9044,8943,0500000US06027
1,4041,2097,1944,0500000US06027
2,4809,2476,2333,0500000US06027
3,1959,965,994,0500000US06027
4,2968,1458,1510,0500000US06027
5,2318,1192,1126,0500000US06027
6,1267,599,668,0500000US06027
7,625,257,368,0500000US06027
0,896764,459690,437074,0500000US06029
1,283988,144845,139143,0500000US06029
2,319797,171322,148475,0500000US06029
3,100441,51145,49296,0500000US06029
4,94191,47016,47175,0500000US06029
5,59364,28372,30992,0500000US06029
6,28602,13085,15517,0500000US06029
7,10381,3905,6476,0500000US06029
0,151366,83196,68170,0500000US06031
1,44910,22901,22009,0500000US06031
2,59217,35257,23960,0500000US06031
3,17366,10203,7163,0500000US06031
4,14357,7708,6649,0500000US06031
5,8979,4354,4625,0500000US06031
6,4669,2053,2616,0500000US06031
7,1868,720,1148,0500000US06031
0,64382,32140,32242,0500000US06033
1,14707,7528,7179,0500000US06033
2,17112,8855,8257,0500000US06033
3,7683,3701,3982,0500000US06033
4,10245,4915,5330,0500000US06033
5,8966,4472,4494,0500000US06033
6,4228,2078,2150,0500000US06033
7,1441,591,850,0500000US06033
0,30802,19155,11647,0500000US06035
1,5941,3123,2818,0500000US06035
2,12564,9242,3322,0500000US06035
3,3944,2517,1427,0500000US06035
4,3686,1954,1732,0500000US06035
5,2890,1493,1397,0500000US06035
6,1207,592,615,0500000US06035
7,570,234,336,0500000US06035
0,10105518,4981895,5123623,0500000US06037
1,2447392,1250860,1196532,0500000US06037
2,3722111,1882910,1839201,0500000US06037
3,1348567,667338,681229,0500000US06037
4,1211491,584366,627125,0500000US06037
5,784621,358156,426465,0500000US06037
6,399874,169365,230509,0500000US06037
7,191462,68900,122562,0500000US06037
0,157672,76008,81664,0500000US06039
1,47468,24174,23294,0500000US06039
2,52627,24564,28063,0500000US06039
3,18118,8473,9645,0500000US06039
4,17408,8356,9052,0500000US06039
5,13300,6463,6837,0500000US06039
6,6373,2957,3416,0500000US06039
7,2378,1021,1357,0500000US06039
0,259666,126989,132677,0500000US06041
1,57112,28956,28156,0500000US06041
2,64810,33510,31300,0500000US06041
3,40312,19973,20339,0500000US06041
4,39489,18805,20684,0500000US06041
5,33470,15350,18120,0500000US06041
6,16648,7530,9118,0500000US06041
7,7825,2865,4960,0500000US06041
0,17471,8904,8567,0500000US06043
1,3086,1590,1496,0500000US06043
2,4361,2276,2085,0500000US06043
3,1971,1004,967,0500000US06043
4,3171,1580,1591,0500000US06043
5,2839,1470,1369,0500000US06043
6,1499,761,738,0500000US06043
7,544,223,321,0500000US06043
0,87606,43403,44203,0500000US06045
1,20593,10560,10033,0500000US06045
2,24862,12729,12133,0500000US06045
3,10186,5069,5117,0500000US06045
4,12599,6066,6533,0500000US06045
5,12362,5958,6404,0500000US06045
6,4889,2311,2578,0500000US06045
7,2115,710,1405,0500000US06045
0,274765,138632,136133,0500000US06047
1,90792,46462,44330,0500000US06047
2,94669,48988,45681,0500000US06047
3,30765,15409,15356,0500000US06047
4,27694,13748,13946,0500000US06047
5,18109,8613,9496,0500000US06047
6,9012,4021,4991,0500000US06047
7,3724,1391,2333,0500000US06047
0,8777,4386,4391,0500000US06049
1,1842,935,907,0500000US06049
2,2177,1074,1103,0500000US06049
3,975,486,489,0500000US06049
4,1425,698,727,0500000US06049
5,1394,717,677,0500000US06049
6,713,366,347,0500000US06049
7,251,110,141,0500000US06049
0,14250,7571,6679,0500000US06051
1,2921,1471,1450,0500000US06051
2,4915,2649,2266,0500000US06051
3,1888,1046,842,0500000US06051
4,2273,1201,1072,0500000US06051
5,1470,795,675,0500000US06051
6,578,301,277,0500000US06051
7,205,108,97,0500000US06051
0,435594,221787,213807,0500000US06053
1,126579,64523,62056,0500000US06053
2,149738,79327,70411,0500000US06053
3,51316,26998,24318,0500000US06053
4,48760,23870,24890,0500000US06053
5,34658,16595,18063,0500000US06053
6,16117,7328,8789,0500000US06053
7,8426,3146,5280,0500000US06053
0,139417,69392,70025,0500000US06055
1,32183,16494,15689,0500000US06055
2,43196,22068,21128,0500000US06055
3,18433,9185,9248,0500000US06055
4,18940,9313,9627,0500000US06055
5,15095,7191,7904,0500000US06055
6,7908,3762,4146,0500000US06055
7,3662,1379,2283,0500000US06055
0,99696,48920,50776,0500000US06057
1,18794,9669,9125,0500000US06057
2,24857,12695,12162,0500000US06057
3,11451,5669,5782,0500000US06057
4,17214,7940,9274,0500000US06057
5,16926,8227,8699,0500000US06057
6,7405,3592,3813,0500000US06057
7,3049,1128,1921,0500000US06057
0,3185968,1572801,1613167,0500000US06059
1,780693,398921,381772,0500000US06059
2,1083103,547362,535741,0500000US06059
3,446562,219386,227176,0500000US06059
4,405223,198260,206963,0500000US06059
5,266049,123188,142861,0500000US06059
6,141159,62204,78955,0500000US06059
7,63179,23480,39699,0500000US06059
0,393149,192147,201002,0500000US06061
1,95917,49153,46764,0500000US06061
2,114778,57655,57123,0500000US06061
3,52705,25807,26898,0500000US06061
4,52843,25173,27670,0500000US06061
5,43688,20174,23514,0500000US06061
6,23493,10486,13007,0500000US06061
7,9725,3699,6026,0500000US06061
0,18804,9360,9444,0500000US06063
1,3561,1803,1758,0500000US06063
2,4406,2230,2176,0500000US06063
3,1988,992,996,0500000US06063
4,3504,1641,1863,0500000US06063
5,3349,1721,1628,0500000US06063
6,1532,796,736,0500000US06063
7,464,177,287,0500000US06063
0,2450758,1221375,1229383,0500000US06065
1,685531,349805,335726,0500000US06065
2,825759,418968,406791,0500000US06065
3,305234,152692,152542,0500000US06065
4,281112,138750,142362,0500000US06065
5,200672,94255,106417,0500000US06065
6,109494,49473,60021,0500000US06065
7,42956,17432,25524,0500000US06065
0,1540975,752972,788003,0500000US06067
1,398730,203663,195067,0500000US06067
2,544069,271988,272081,0500000US06067
3,192101,93823,98278,0500000US06067
4,188474,89354,99120,0500000US06067
5,128725,58268,70457,0500000US06067
6,61015,25626,35389,0500000US06067
7,27861,10250,17611,0500000US06067
0,61537,30843,30694,0500000US06069
1,17507,8838,8669,0500000US06069
2,20644,10661,9983,0500000US06069
3,7931,3939,3992,0500000US06069
4,7518,3757,3761,0500000US06069
5,4773,2302,2471,0500000US06069
6,2188,984,1204,0500000US06069
7,976,362,614,0500000US06069
0,2171603,1080950,1090653,0500000US06071
1,632769,324258,308511,0500000US06071
2,776204,394929,381275,0500000US06071
3,265247,130317,134930,0500000US06071
4,246022,118602,127420,0500000US06071
5,153660,72065,81595,0500000US06071
6,70588,30832,39756,0500000US06071
7,27113,9947,17166,0500000US06071
0,3343364,1682449,1660915,0500000US06073
1,813331,417809,395522,0500000US06073
2,1251466,657033,594433,0500000US06073
3,413143,205631,207512,0500000US06073
4,395970,192857,203113,0500000US06073
5,271988,126910,145078,0500000US06073
6,133252,58242,75010,0500000US06073
7,64214,23967,40247,0500000US06073
0,883305,450363,432942,0500000US06075
1,132667,67027,65640,0500000US06075
2,395637,205723,189914,0500000US06075
3,115096,62379,52717,0500000US06075
4,101656,52673,48983,0500000US06075
5,76846,36913,39933,0500000US06075
6,39574,17473,22101,0500000US06075
7,21829,8175,13654,0500000US06075
0,752660,375136,377524,0500000US06077
1,225331,115752,109579,0500000US06077
2,254751,129451,125300,0500000US06077
3,92063,46128,45935,0500000US06077
4,84599,41357,43242,0500000US06077
5,56813,26396,30417,0500000US06077
6,27375,11890,15485,0500000US06077
7,11728,4162,7566,0500000US06077
0,284010,144092,139918,0500000US06079
1,62978,32331,30647,0500000US06079
2,94199,50834,43365,0500000US06079
3,30839,15971,14868,0500000US06079
4,38954,18418,20536,0500000US06079
5,33892,16329,17563,0500000US06079
6,15987,7383,8604,0500000US06079
7,7161,2826,4335,0500000US06079
0,769545,380308,389237,0500000US06081
1,173115,88676,84439,0500000US06081
2,266623,136763,129860,0500000US06081
3,106186,52391,53795,0500000US06081
4,99700,48280,51420,0500000US06081
5,69770,32125,37645,0500000US06081
6,35986,15466,20520,0500000US06081
7,18165,6607,11558,0500000US06081
0,446527,223377,223150,0500000US06083
1,119441,60227,59214,0500000US06083
2,160014,83613,76401,0500000US06083
3,47985,24196,23789,0500000US06083
4,50622,24664,25958,0500000US06083
5,37720,17791,19929,0500000US06083
6,20155,8825,11330,0500000US06083
7,10590,4061,6529,0500000US06083
0,1937570,980868,956702,0500000US06085
1,468740,240214,228526,0500000US06085
2,714177,376282,337895,0500000US06085
3,264950,133996,130954,0500000US06085
4,228572,114113,114459,0500000US06085
5,145807,67824,77983,0500000US06085
6,78669,34545,44124,0500000US06085
7,36655,13894,22761,0500000US06085
0,274255,135725,138530,0500000US06087
1,66193,33368,32825,0500000US06087
2,92771,46949,45822,0500000US06087
3,33536,16818,16718,0500000US06087
4,36628,17786,18842,0500000US06087
5,28877,14075,14802,0500000US06087
6,11141,4996,6145,0500000US06087
7,5109,1733,3376,0500000US06087
0,180040,88367,91673,0500000US06089
1,42380,21740,20640,0500000US06089
2,53104,26858,26246,0500000US06089
3,20618,9929,10689,0500000US06089
4,26385,12594,13791,0500000US06089
5,22016,10454,11562,0500000US06089
6,11253,5173,6080,0500000US06089
7,4284,1619,2665,0500000US06089
0,2987,1511,1476,0500000US06091
1,517,268,249,0500000US06091
2,645,345,300,0500000US06091
3,321,153,168,0500000US06091
4,559,281,278,0500000US06091
5,586,293,293,0500000US06091
6,274,132,142,0500000US06091
7,85,39,46,0500000US06091
0,43724,21731,21993,0500000US06093
1,9734,4985,4749,0500000US06093
2,10949,5650,5299,0500000US06093
3,4730,2325,2405,0500000US06093
4,7151,3362,3789,0500000US06093
5,6886,3403,3483,0500000US06093
6,3124,1561,1563,0500000US06093
7,1150,445,705,0500000US06093
0,446610,221997,224613,0500000US06095
1,108704,55902,52802,0500000US06095
2,150995,77949,73046,0500000US06095
3,56212,28042,28170,0500000US06095
4,60269,28823,31446,0500000US06095
5,43131,20065,23066,0500000US06095
6,19308,8273,11035,0500000US06095
7,7991,2943,5048,0500000US06095
0,499942,244124,255818,0500000US06097
1,110369,55956,54413,0500000US06097
2,154988,78921,76067,0500000US06097
3,63684,31404,32280,0500000US06097
4,72187,34156,38031,0500000US06097
5,60519,28003,32516,0500000US06097
6,26087,11405,14682,0500000US06097
7,12108,4279,7829,0500000US06097
0,549815,272316,277499,0500000US06099
1,163345,83363,79982,0500000US06099
2,186379,94394,91985,0500000US06099
3,65483,32342,33141,0500000US06099
4,62289,30235,32054,0500000US06099
5,42445,19618,22827,0500000US06099
6,21079,9067,12012,0500000US06099
7,8795,3297,5498,0500000US06099
0,96807,48222,48585,0500000US06101
1,27346,14140,13206,0500000US06101
2,31460,15991,15469,0500000US06101
3,11446,5658,5788,0500000US06101
4,11653,5672,5981,0500000US06101
5,8143,3880,4263,0500000US06101
6,4787,2123,2664,0500000US06101
7,1972,758,1214,0500000US06101
0,63916,31743,32173,0500000US06103
1,16730,8557,8173,0500000US06103
2,18278,9388,8890,0500000US06103
3,7480,3720,3760,0500000US06103
4,9039,4315,4724,0500000US06103
5,7088,3380,3708,0500000US06103
6,3918,1823,2095,0500000US06103
7,1383,560,823,0500000US06103
0,12535,6442,6093,0500000US06105
1,2336,1246,1090,0500000US06105
2,2939,1493,1446,0500000US06105
3,1473,775,698,0500000US06105
4,2367,1155,1212,0500000US06105
5,2152,1144,1008,0500000US06105
6,978,495,483,0500000US06105
7,290,134,156,0500000US06105
0,465861,233078,232783,0500000US06107
1,156723,80264,76459,0500000US06107
2,158318,80251,78067,0500000US06107
3,51245,25738,25507,0500000US06107
4,46283,22616,23667,0500000US06107
5,31430,14930,16500,0500000US06107
6,15509,6811,8698,0500000US06107
7,6353,2468,3885,0500000US06107
0,54539,28296,26243,0500000US06109
1,10104,5195,4909,0500000US06109
2,15229,8748,6481,0500000US06109
3,6090,3276,2814,0500000US06109
4,8837,4256,4581,0500000US06109
5,8467,4179,4288,0500000US06109
6,4229,2013,2216,0500000US06109
7,1583,629,954,0500000US06109
0,850967,421319,429648,0500000US06111
1,216719,110332,106387,0500000US06111
2,277251,141300,135951,0500000US06111
3,112375,55513,56862,0500000US06111
4,112235,54859,57376,0500000US06111
5,76267,35868,40399,0500000US06111
6,38522,16854,21668,0500000US06111
7,17598,6593,11005,0500000US06111
0,220408,106746,113662,0500000US06113
1,59775,29441,30334,0500000US06113
2,86940,42754,44186,0500000US06113
3,23420,11475,11945,0500000US06113
4,22738,10828,11910,0500000US06113
5,15986,7366,8620,0500000US06113
6,7861,3504,4357,0500000US06113
7,3688,1378,2310,0500000US06113
0,78041,39503,38538,0500000US06115
1,23414,12095,11319,0500000US06115
2,27579,14236,13343,0500000US06115
3,8257,4149,4108,0500000US06115
4,8836,4316,4520,0500000US06115
5,6208,2987,3221,0500000US06115
6,2792,1316,1476,0500000US06115
7,955,404,551,0500000US06115
0,511868,258470,253398,0500000US08001
1,148261,75786,72475,0500000US08001
2,191071,98825,92246,0500000US08001
3,63419,32281,31138,0500000US08001
4,55530,27533,27997,0500000US08001
5,33423,15749,17674,0500000US08001
6,14702,6250,8452,0500000US08001
7,5462,2046,3416,0500000US08001
0,16683,8361,8322,0500000US08003
1,5086,2645,2441,0500000US08003
2,5962,2996,2966,0500000US08003
3,1560,789,771,0500000US08003
4,1804,859,945,0500000US08003
5,1376,655,721,0500000US08003
6,661,323,338,0500000US08003
7,234,94,140,0500000US08003
0,651215,322713,328502,0500000US08005
1,167306,85695,81611,0500000US08005
2,234991,119467,115524,0500000US08005
3,84583,41906,42677,0500000US08005
4,79270,37976,41294,0500000US08005
5,53289,24546,28743,0500000US08005
6,22464,9802,12662,0500000US08005
7,9312,3321,5991,0500000US08005
0,13765,6898,6867,0500000US08007
1,2716,1379,1337,0500000US08007
2,3323,1709,1614,0500000US08007
3,1631,800,831,0500000US08007
4,2510,1214,1296,0500000US08007
5,2470,1262,1208,0500000US08007
6,857,425,432,0500000US08007
7,258,109,149,0500000US08007
0,3585,1800,1785,0500000US08009
1,866,455,411,0500000US08009
2,921,494,427,0500000US08009
3,365,186,179,0500000US08009
4,547,273,274,0500000US08009
5,440,199,241,0500000US08009
6,278,132,146,0500000US08009
7,168,61,107,0500000US08009
0,5882,3848,2034,0500000US08011
1,967,472,495,0500000US08011
2,2300,1816,484,0500000US08011
3,804,593,211,0500000US08011
4,756,434,322,0500000US08011
5,587,316,271,0500000US08011
6,322,163,159,0500000US08011
7,146,54,92,0500000US08011
0,326078,164069,162009,0500000US08013
1,77058,39306,37752,0500000US08013
2,119907,62851,57056,0500000US08013
3,41569,20664,20905,0500000US08013
4,41058,20001,21057,0500000US08013
5,28839,13878,14961,0500000US08013
6,12409,5549,6860,0500000US08013
7,5238,1820,3418,0500000US08013
0,69267,34441,34826,0500000US08014
1,17459,8891,8568,0500000US08014
2,24587,12681,11906,0500000US08014
3,9556,4803,4753,0500000US08014
4,8073,3964,4109,0500000US08014
5,5820,2612,3208,0500000US08014
6,2672,1130,1542,0500000US08014
7,1100,360,740,0500000US08014
0,20027,10582,9445,0500000US08015
1,3330,1739,1591,0500000US08015
2,5846,3475,2371,0500000US08015
3,2429,1304,1125,0500000US08015
4,3338,1588,1750,0500000US08015
5,3187,1555,1632,0500000US08015
6,1342,702,640,0500000US08015
7,555,219,336,0500000US08015
0,1876,954,922,0500000US08017
1,523,268,255,0500000US08017
2,484,239,245,0500000US08017
3,204,126,78,0500000US08017
4,280,141,139,0500000US08017
5,215,120,95,0500000US08017
6,104,45,59,0500000US08017
7,66,15,51,0500000US08017
0,9605,5067,4538,0500000US08019
1,1591,839,752,0500000US08019
2,2750,1526,1224,0500000US08019
3,1444,704,740,0500000US08019
4,1867,966,901,0500000US08019
5,1358,723,635,0500000US08019
6,455,248,207,0500000US08019
7,140,61,79,0500000US08019
0,8200,4117,4083,0500000US08021
1,2366,1176,1190,0500000US08021
2,2236,1165,1071,0500000US08021
3,879,445,434,0500000US08021
4,1137,566,571,0500000US08021
5,941,449,492,0500000US08021
6,484,240,244,0500000US08021
7,157,76,81,0500000US08021
0,3828,1982,1846,0500000US08023
1,795,418,377,0500000US08023
2,891,452,439,0500000US08023
3,427,226,201,0500000US08023
4,670,339,331,0500000US08023
5,619,331,288,0500000US08023
6,325,184,141,0500000US08023
7,101,32,69,0500000US08023
0,5858,4286,1572,0500000US08025
1,769,400,369,0500000US08025
2,2734,2361,373,0500000US08025
3,894,722,172,0500000US08025
4,658,400,258,0500000US08025
5,471,254,217,0500000US08025
6,231,113,118,0500000US08025
7,101,36,65,0500000US08025
0,4954,2555,2399,0500000US08027
1,752,396,356,0500000US08027
2,949,545,404,0500000US08027
3,513,246,267,0500000US08027
4,1146,539,607,0500000US08027
5,1145,600,545,0500000US08027
6,360,195,165,0500000US08027
7,89,34,55,0500000US08027
0,30953,15501,15452,0500000US08029
1,6792,3470,3322,0500000US08029
2,7678,4040,3638,0500000US08029
3,3390,1715,1675,0500000US08029
4,5069,2471,2598,0500000US08029
5,4715,2278,2437,0500000US08029
6,2425,1190,1235,0500000US08029
7,884,337,547,0500000US08029
0,716492,359590,356902,0500000US08031
1,154236,78283,75953,0500000US08031
2,324790,166236,158554,0500000US08031
3,82795,43660,39135,0500000US08031
4,70455,34532,35923,0500000US08031
5,51124,23637,27487,0500000US08031
6,22415,9484,12931,0500000US08031
7,10677,3758,6919,0500000US08031
0,2074,1090,984,0500000US08033
1,447,232,215,0500000US08033
2,487,251,236,0500000US08033
3,260,132,128,0500000US08033
4,360,190,170,0500000US08033
5,313,170,143,0500000US08033
6,157,91,66,0500000US08033
7,50,24,26,0500000US08033
0,342776,171127,171649,0500000US08035
1,97333,49926,47407,0500000US08035
2,106560,53417,53143,0500000US08035
3,54905,27433,27472,0500000US08035
4,43043,21309,21734,0500000US08035
5,26615,12670,13945,0500000US08035
6,10558,4912,5646,0500000US08035
7,3762,1460,2302,0500000US08035
0,54993,29160,25833,0500000US08037
1,13105,6787,6318,0500000US08037
2,20278,11037,9241,0500000US08037
3,8217,4345,3872,0500000US08037
4,7037,3701,3336,0500000US08037
5,4569,2372,2197,0500000US08037
6,1426,758,668,0500000US08037
7,361,160,201,0500000US08037
0,26282,13278,13004,0500000US08039
1,6313,3249,3064,0500000US08039
2,6552,3319,3233,0500000US08039
3,4187,2080,2107,0500000US08039
4,4919,2470,2449,0500000US08039
5,3024,1552,1472,0500000US08039
6,994,512,482,0500000US08039
7,293,96,197,0500000US08039
0,713856,360720,353136,0500000US08041
1,192303,99098,93205,0500000US08041
2,263410,139496,123914,0500000US08041
3,83364,41117,42247,0500000US08041
4,83716,40191,43525,0500000US08041
5,56479,26488,29991,0500000US08041
6,25034,10827,14207,0500000US08041
7,9550,3503,6047,0500000US08041
0,48021,27722,20299,0500000US08043
1,8649,4452,4197,0500000US08043
2,15628,10780,4848,0500000US08043
3,6245,3863,2382,0500000US08043
4,7097,3556,3541,0500000US08043
5,6125,3055,3070,0500000US08043
6,3141,1560,1581,0500000US08043
7,1136,456,680,0500000US08043
0,59770,30533,29237,0500000US08045
1,16480,8405,8075,0500000US08045
2,19976,10456,9520,0500000US08045
3,7626,3924,3702,0500000US08045
4,7830,3923,3907,0500000US08045
5,5162,2636,2526,0500000US08045
6,1948,915,1033,0500000US08045
7,748,274,474,0500000US08045
0,6121,3212,2909,0500000US08047
1,1044,502,542,0500000US08047
2,1734,919,815,0500000US08047
3,1028,568,460,0500000US08047
4,1280,674,606,0500000US08047
5,783,416,367,0500000US08047
6,207,110,97,0500000US08047
7,45,23,22,0500000US08047
0,15525,8319,7206,0500000US08049
1,2926,1531,1395,0500000US08049
2,4914,2720,2194,0500000US08049
3,2048,1064,984,0500000US08049
4,2905,1486,1419,0500000US08049
5,1963,1102,861,0500000US08049
6,580,324,256,0500000US08049
7,189,92,97,0500000US08049
0,17246,9300,7946,0500000US08051
1,3837,2043,1794,0500000US08051
2,6995,3903,3092,0500000US08051
3,2048,1078,970,0500000US08051
4,2130,1091,1039,0500000US08051
5,1536,840,696,0500000US08051
6,530,279,251,0500000US08051
7,170,66,104,0500000US08051
0,811,418,393,0500000US08053
1,149,85,64,0500000US08053
2,187,98,89,0500000US08053
3,86,38,48,0500000US08053
4,143,71,72,0500000US08053
5,160,82,78,0500000US08053
6,64,35,29,0500000US08053
7,22,9,13,0500000US08053
0,6889,3513,3376,0500000US08055
1,1235,677,558,0500000US08055
2,1440,755,685,0500000US08055
3,750,400,350,0500000US08055
4,1316,562,754,0500000US08055
5,1256,676,580,0500000US08055
6,639,331,308,0500000US08055
7,253,112,141,0500000US08055
0,1399,724,675,0500000US08057
1,259,133,126,0500000US08057
2,392,210,182,0500000US08057
3,180,91,89,0500000US08057
4,257,139,118,0500000US08057
5,182,95,87,0500000US08057
6,96,40,56,0500000US08057
7,33,16,17,0500000US08057
0,580233,289294,290939,0500000US08059
1,127475,65637,61838,0500000US08059
2,197632,102375,95257,0500000US08059
3,76037,37741,38296,0500000US08059
4,83612,40390,43222,0500000US08059
5,58417,27780,30637,0500000US08059
6,26341,11492,14849,0500000US08059
7,10719,3879,6840,0500000US08059
0,1383,673,710,0500000US08061
1,334,170,164,0500000US08061
2,359,183,176,0500000US08061
3,130,58,72,0500000US08061
4,236,116,120,0500000US08061
5,165,82,83,0500000US08061
6,103,42,61,0500000US08061
7,56,22,34,0500000US08061
0,7163,3582,3581,0500000US08063
1,1975,986,989,0500000US08063
2,2004,1052,952,0500000US08063
3,736,361,375,0500000US08063
4,1063,530,533,0500000US08063
5,716,354,362,0500000US08063
6,453,223,230,0500000US08063
7,216,76,140,0500000US08063
0,7824,4207,3617,0500000US08065
1,1752,897,855,0500000US08065
2,2963,1624,1339,0500000US08065
3,980,548,432,0500000US08065
4,1012,549,463,0500000US08065
5,755,403,352,0500000US08065
6,272,143,129,0500000US08065
7,90,43,47,0500000US08065
0,56310,28411,27899,0500000US08067
1,12422,6485,5937,0500000US08067
2,18625,9582,9043,0500000US08067
3,6920,3401,3519,0500000US08067
4,8675,4189,4486,0500000US08067
5,6454,3257,3197,0500000US08067
6,2365,1163,1202,0500000US08067
7,849,334,515,0500000US08067
0,350518,174991,175527,0500000US08069
1,81313,41144,40169,0500000US08069
2,132036,68506,63530,0500000US08069
3,38392,19236,19156,0500000US08069
4,43839,20854,22985,0500000US08069
5,33805,16264,17541,0500000US08069
6,14967,6782,8185,0500000US08069
7,6166,2205,3961,0500000US08069
0,14503,7572,6931,0500000US08071
1,3109,1603,1506,0500000US08071
2,3975,2275,1700,0500000US08071
3,1620,853,767,0500000US08071
4,2270,1133,1137,0500000US08071
5,2123,1106,1017,0500000US08071
6,1004,472,532,0500000US08071
7,402,130,272,0500000US08071
0,5610,3277,2333,0500000US08073
1,1210,640,570,0500000US08073
2,1979,1322,657,0500000US08073
3,714,437,277,0500000US08073
4,722,412,310,0500000US08073
5,509,248,261,0500000US08073
6,312,154,158,0500000US08073
7,164,64,100,0500000US08073
0,21528,12030,9498,0500000US08075
1,4709,2530,2179,0500000US08075
2,7581,4799,2782,0500000US08075
3,2546,1488,1058,0500000US08075
4,2868,1483,1385,0500000US08075
5,2064,1022,1042,0500000US08075
6,1135,514,621,0500000US08075
7,625,194,431,0500000US08075
0,153207,75720,77487,0500000US08077
1,37684,19364,18320,0500000US08077
2,48097,24465,23632,0500000US08077
3,16800,8350,8450,0500000US08077
4,21388,10140,11248,0500000US08077
5,17043,8141,8902,0500000US08077
6,8511,3885,4626,0500000US08077
7,3684,1375,2309,0500000US08077
0,776,385,391,0500000US08079
1,121,58,63,0500000US08079
2,177,95,82,0500000US08079
3,84,32,52,0500000US08079
4,152,74,78,0500000US08079
5,161,87,74,0500000US08079
6,59,28,31,0500000US08079
7,22,11,11,0500000US08079
0,13188,6763,6425,0500000US08081
1,3692,1915,1777,0500000US08081
2,4036,2114,1922,0500000US08081
3,1547,790,757,0500000US08081
4,1893,971,922,0500000US08081
5,1249,642,607,0500000US08081
6,540,251,289,0500000US08081
7,231,80,151,0500000US08081
0,26158,12901,13257,0500000US08083
1,6285,3240,3045,0500000US08083
2,7011,3507,3504,0500000US08083
3,2971,1440,1531,0500000US08083
4,4106,1927,2179,0500000US08083
5,3552,1752,1800,0500000US08083
6,1586,780,806,0500000US08083
7,647,255,392,0500000US08083
0,42214,20815,21399,0500000US08085
1,9975,5107,4868,0500000US08085
2,11095,5605,5490,0500000US08085
3,4918,2404,2514,0500000US08085
4,6390,3087,3303,0500000US08085
5,5619,2734,2885,0500000US08085
6,2971,1424,1547,0500000US08085
7,1246,454,792,0500000US08085
0,28558,14410,14148,0500000US08087
1,8139,4151,3988,0500000US08087
2,9143,4730,4413,0500000US08087
3,3273,1692,1581,0500000US08087
4,3581,1839,1742,0500000US08087
5,2370,1151,1219,0500000US08087
6,1344,607,737,0500000US08087
7,708,240,468,0500000US08087
0,18432,9025,9407,0500000US08089
1,4996,2542,2454,0500000US08089
2,5268,2647,2621,0500000US08089
3,1977,959,1018,0500000US08089
4,2425,1179,1246,0500000US08089
5,2101,1008,1093,0500000US08089
6,1187,514,673,0500000US08089
7,478,176,302,0500000US08089
0,4833,2446,2387,0500000US08091
1,810,415,395,0500000US08091
2,1096,568,528,0500000US08091
3,609,293,316,0500000US08091
4,1004,484,520,0500000US08091
5,892,464,428,0500000US08091
6,334,181,153,0500000US08091
7,88,41,47,0500000US08091
0,18556,9768,8788,0500000US08093
1,3089,1619,1470,0500000US08093
2,4608,2484,2124,0500000US08093
3,2779,1452,1327,0500000US08093
4,4287,2213,2074,0500000US08093
5,2851,1517,1334,0500000US08093
6,770,418,352,0500000US08093
7,172,65,107,0500000US08093
0,4286,2115,2171,0500000US08095
1,1138,606,532,0500000US08095
2,1123,554,569,0500000US08095
3,454,238,216,0500000US08095
4,605,298,307,0500000US08095
5,438,221,217,0500000US08095
6,322,126,196,0500000US08095
7,206,72,134,0500000US08095
0,17950,9289,8661,0500000US08097
1,2991,1505,1486,0500000US08097
2,5914,3078,2836,0500000US08097
3,2756,1446,1310,0500000US08097
4,2807,1411,1396,0500000US08097
5,2322,1225,1097,0500000US08097
6,903,497,406,0500000US08097
7,257,127,130,0500000US08097
0,12164,6113,6051,0500000US08099
1,3584,1872,1712,0500000US08099
2,3535,1819,1716,0500000US08099
3,1262,640,622,0500000US08099
4,1640,818,822,0500000US08099
5,1232,608,624,0500000US08099
6,621,248,373,0500000US08099
7,290,108,182,0500000US08099
0,167529,82556,84973,0500000US08101
1,42208,21737,20471,0500000US08101
2,52040,26379,25661,0500000US08101
3,19749,9716,10033,0500000US08101
4,22544,10728,11816,0500000US08101
5,18024,8577,9447,0500000US08101
6,8936,3939,4997,0500000US08101
7,4028,1480,2548,0500000US08101
0,6336,3237,3099,0500000US08103
1,1730,892,838,0500000US08103
2,1935,994,941,0500000US08103
3,719,376,343,0500000US08103
4,967,488,479,0500000US08103
5,552,284,268,0500000US08103
6,307,153,154,0500000US08103
7,126,50,76,0500000US08103
0,11250,5624,5626,0500000US08105
1,2828,1437,1391,0500000US08105
2,3300,1703,1597,0500000US08105
3,1224,579,645,0500000US08105
4,1622,806,816,0500000US08105
5,1329,654,675,0500000US08105
6,659,329,330,0500000US08105
7,288,116,172,0500000US08105
0,25733,13399,12334,0500000US08107
1,5206,2651,2555,0500000US08107
2,9014,4844,4170,0500000US08107
3,3555,1854,1701,0500000US08107
4,3984,1960,2024,0500000US08107
5,2776,1493,1283,0500000US08107
6,911,486,425,0500000US08107
7,287,111,176,0500000US08107
0,6843,3426,3417,0500000US08109
1,1617,813,804,0500000US08109
2,1615,815,800,0500000US08109
3,789,384,405,0500000US08109
4,1250,599,651,0500000US08109
5,1112,586,526,0500000US08109
6,360,182,178,0500000US08109
7,100,47,53,0500000US08109
0,762,427,335,0500000US08111
1,105,57,48,0500000US08111
2,235,124,111,0500000US08111
3,100,67,33,0500000US08111
4,144,87,57,0500000US08111
5,118,59,59,0500000US08111
6,48,28,20,0500000US08111
7,12,5,7,0500000US08111
0,8191,4359,3832,0500000US08113
1,1554,813,741,0500000US08113
2,2880,1506,1374,0500000US08113
3,1320,701,619,0500000US08113
4,1236,680,556,0500000US08113
5,916,503,413,0500000US08113
6,224,126,98,0500000US08113
7,61,30,31,0500000US08113
0,2303,1137,1166,0500000US08115
1,505,249,256,0500000US08115
2,587,286,301,0500000US08115
3,219,120,99,0500000US08115
4,388,199,189,0500000US08115
5,305,156,149,0500000US08115
6,193,90,103,0500000US08115
7,106,37,69,0500000US08115
0,31007,16816,14191,0500000US08117
1,5450,2865,2585,0500000US08117
2,12681,7071,5610,0500000US08117
3,4376,2378,1998,0500000US08117
4,4265,2280,1985,0500000US08117
5,3078,1597,1481,0500000US08117
6,976,533,443,0500000US08117
7,181,92,89,0500000US08117
0,25083,12734,12349,0500000US08119
1,4700,2433,2267,0500000US08119
2,6014,3092,2922,0500000US08119
3,3532,1785,1747,0500000US08119
4,5332,2588,2744,0500000US08119
5,3962,2075,1887,0500000US08119
6,1256,642,614,0500000US08119
7,287,119,168,0500000US08119
0,4909,2552,2357,0500000US08121
1,1214,646,568,0500000US08121
2,1395,764,631,0500000US08121
3,559,303,256,0500000US08121
4,725,353,372,0500000US08121
5,532,277,255,0500000US08121
6,323,156,167,0500000US08121
7,161,53,108,0500000US08121
0,314305,158475,155830,0500000US08123
1,91762,46682,45080,0500000US08123
2,110220,56781,53439,0500000US08123
3,37964,19280,18684,0500000US08123
4,36135,17866,18269,0500000US08123
5,24060,11672,12388,0500000US08123
6,10330,4708,5622,0500000US08123
7,3834,1486,2348,0500000US08123
0,10020,4989,5031,0500000US08125
1,2914,1472,1442,0500000US08125
2,2869,1445,1424,0500000US08125
3,1154,620,534,0500000US08125
4,1232,635,597,0500000US08125
5,1010,459,551,0500000US08125
6,564,265,299,0500000US08125
7,277,93,184,0500000US08125
0,943823,459748,484075,0500000US09001
1,238340,121296,117044,0500000US09001
2,284734,142417,142317,0500000US09001
3,138536,67101,71435,0500000US09001
4,132295,63965,68330,0500000US09001
5,81895,37947,43948,0500000US09001
6,44357,18945,25412,0500000US09001
7,23666,8077,15589,0500000US09001
0,892697,434117,458580,0500000US09003
1,210553,107490,103063,0500000US09003
2,285764,144220,141544,0500000US09003
3,119924,57987,61937,0500000US09003
4,123582,59107,64475,0500000US09003
5,84279,38555,45724,0500000US09003
6,44827,18827,26000,0500000US09003
7,23768,7931,15837,0500000US09003
0,181111,89551,91560,0500000US09005
1,36746,18956,17790,0500000US09005
2,47543,24267,23276,0500000US09005
3,26867,13121,13746,0500000US09005
4,31453,15522,15931,0500000US09005
5,22393,10844,11549,0500000US09005
6,11109,5051,6058,0500000US09005
7,5000,1790,3210,0500000US09005
0,162682,79242,83440,0500000US09007
1,33027,16895,16132,0500000US09007
2,46346,23294,23052,0500000US09007
3,23769,11519,12250,0500000US09007
4,26473,12891,13582,0500000US09007
5,18770,8824,9946,0500000US09007
6,9408,4123,5285,0500000US09007
7,4889,1696,3193,0500000US09007
0,857620,413494,444126,0500000US09009
1,199419,101548,97871,0500000US09009
2,274881,135833,139048,0500000US09009
3,114784,55186,59598,0500000US09009
4,119650,57191,62459,0500000US09009
5,83155,38079,45076,0500000US09009
6,43128,18229,24899,0500000US09009
7,22603,7428,15175,0500000US09009
0,266784,133702,133082,0500000US09011
1,58821,30310,28511,0500000US09011
2,84304,44851,39453,0500000US09011
3,35435,17137,18298,0500000US09011
4,39613,19421,20192,0500000US09011
5,27829,13380,14449,0500000US09011
6,14267,6297,7970,0500000US09011
7,6515,2306,4209,0500000US09011
0,150921,75598,75323,0500000US09013
1,35125,17760,17365,0500000US09013
2,51530,26779,24751,0500000US09013
3,19430,9521,9909,0500000US09013
4,20991,10454,10537,0500000US09013
5,13763,6667,7096,0500000US09013
6,7113,3305,3808,0500000US09013
7,2969,1112,1857,0500000US09013
0,117027,57943,59084,0500000US09015
1,26915,13699,13216,0500000US09015
2,36740,18729,18011,0500000US09015
3,16206,8025,8181,0500000US09015
4,17748,8745,9003,0500000US09015
5,11486,5518,5968,0500000US09015
6,5471,2404,3067,0500000US09015
7,2461,823,1638,0500000US09015
0,178550,86023,92527,0500000US10001
1,46055,23159,22896,0500000US10001
2,57565,28414,29151,0500000US10001
3,21650,10274,11376,0500000US10001
4,22797,10611,12186,0500000US10001
5,17824,8118,9706,0500000US10001
6,9508,4229,5279,0500000US10001
7,3151,1218,1933,0500000US10001
0,559335,271123,288212,0500000US10003
1,136592,69048,67544,0500000US10003
2,185980,92841,93139,0500000US10003
3,74358,35670,38688,0500000US10003
4,75377,35831,39546,0500000US10003
5,50819,23017,27802,0500000US10003
6,25275,10784,14491,0500000US10003
7,10934,3932,7002,0500000US10003
0,229286,110781,118505,0500000US10005
1,46428,23569,22859,0500000US10005
2,55335,27659,27676,0500000US10005
3,26483,12797,13686,0500000US10005
4,37465,17159,20306,0500000US10005
5,39551,18695,20856,0500000US10005
6,18272,8733,9539,0500000US10005
7,5752,2169,3583,0500000US10005
0,702455,333307,369148,0500000US11001
1,148712,74058,74654,0500000US11001
2,322685,153111,169574,0500000US11001
3,75453,37836,37617,0500000US11001
4,70302,33464,36838,0500000US11001
5,49104,21184,27920,0500000US11001
6,24046,9648,14398,0500000US11001
7,12153,4006,8147,0500000US11001
0,269956,130428,139528,0500000US12001
1,62622,30977,31645,0500000US12001
2,113913,56487,57426,0500000US12001
3,26331,12806,13525,0500000US12001
4,29254,13490,15764,0500000US12001
5,22747,10403,12344,0500000US12001
6,10490,4606,5884,0500000US12001
7,4599,1659,2940,0500000US12001
0,28355,14917,13438,0500000US12003
1,7385,3772,3613,0500000US12003
2,9584,5412,4172,0500000US12003
3,3848,2128,1720,0500000US12003
4,3523,1764,1759,0500000US12003
5,2419,1168,1251,0500000US12003
6,1224,532,692,0500000US12003
7,372,141,231,0500000US12003
0,185287,91929,93358,0500000US12005
1,43406,22155,21251,0500000US12005
2,60025,30931,29094,0500000US12005
3,23792,11683,12109,0500000US12005
4,26386,12661,13725,0500000US12005
5,18407,8688,9719,0500000US12005
6,9468,4239,5229,0500000US12005
7,3803,1572,2231,0500000US12005
0,27732,15318,12414,0500000US12007
1,5941,3051,2890,0500000US12007
2,9582,6098,3484,0500000US12007
3,3589,2124,1465,0500000US12007
4,3685,1869,1816,0500000US12007
5,2742,1286,1456,0500000US12007
6,1582,684,898,0500000US12007
7,611,206,405,0500000US12007
0,596849,291903,304946,0500000US12009
1,121084,62578,58506,0500000US12009
2,161046,81652,79394,0500000US12009
3,75554,36263,39291,0500000US12009
4,97820,46670,51150,0500000US12009
5,76228,36230,39998,0500000US12009
6,46510,21046,25464,0500000US12009
7,18607,7464,11143,0500000US12009
0,1951260,950568,1000692,0500000US12011
1,454330,230741,223589,0500000US12011
2,636327,315833,320494,0500000US12011
3,274569,133824,140745,0500000US12011
4,261721,127347,134374,0500000US12011
5,181020,83685,97335,0500000US12011
6,97179,42210,54969,0500000US12011
7,46114,16928,29186,0500000US12011
0,14587,7962,6625,0500000US12013
1,3217,1645,1572,0500000US12013
2,4817,2941,1876,0500000US12013
3,2019,1189,830,0500000US12013
4,1903,962,941,0500000US12013
5,1472,698,774,0500000US12013
6,849,409,440,0500000US12013
7,310,118,192,0500000US12013
0,184998,90256,94742,0500000US12015
1,24557,12752,11805,0500000US12015
2,34798,18140,16658,0500000US12015
3,19412,9146,10266,0500000US12015
4,31837,14502,17335,0500000US12015
5,39577,18869,20708,0500000US12015
6,25215,12527,12688,0500000US12015
7,9602,4320,5282,0500000US12015
0,147929,71714,76215,0500000US12017
1,24197,12376,11821,0500000US12017
2,29711,15118,14593,0500000US12017
3,16235,7646,8589,0500000US12017
4,24081,10928,13153,0500000US12017
5,28867,13620,15247,0500000US12017
6,18566,9247,9319,0500000US12017
7,6272,2779,3493,0500000US12017
0,216072,106560,109512,0500000US12019
1,55282,28506,26776,0500000US12019
2,66994,33301,33693,0500000US12019
3,29918,14584,15334,0500000US12019
4,29774,14423,15351,0500000US12019
5,21447,10324,11123,0500000US12019
6,9584,4307,5277,0500000US12019
7,3073,1115,1958,0500000US12019
0,378488,186769,191719,0500000US12021
1,71695,36995,34700,0500000US12021
2,90554,47037,43517,0500000US12021
3,43559,21364,22195,0500000US12021
4,50745,23601,27144,0500000US12021
5,59847,27792,32055,0500000US12021
6,44839,21780,23059,0500000US12021
7,17249,8200,9049,0500000US12021
0,70503,36366,34137,0500000US12023
1,16984,8788,8196,0500000US12023
2,21939,12225,9714,0500000US12023
3,8497,4407,4090,0500000US12023
4,9769,4767,5002,0500000US12023
5,7710,3697,4013,0500000US12023
6,4118,1893,2225,0500000US12023
7,1486,589,897,0500000US12023
0,37489,21230,16259,0500000US12027
1,7950,4241,3709,0500000US12027
2,12407,8062,4345,0500000US12027
3,4362,2545,1817,0500000US12027
4,4453,2311,2142,0500000US12027
5,4259,2105,2154,0500000US12027
6,2990,1468,1522,0500000US12027
7,1068,498,570,0500000US12027
0,16700,9244,7456,0500000US12029
1,3318,1743,1575,0500000US12029
2,4791,3000,1791,0500000US12029
3,2086,1188,898,0500000US12029
4,2556,1291,1265,0500000US12029
5,2282,1159,1123,0500000US12029
6,1296,689,607,0500000US12029
7,371,174,197,0500000US12029
0,950181,460434,489747,0500000US12031
1,236180,120467,115713,0500000US12031
2,340330,168758,171572,0500000US12031
3,118900,57171,61729,0500000US12031
4,121288,56720,64568,0500000US12031
5,81539,37054,44485,0500000US12031
6,37030,15464,21566,0500000US12031
7,14914,4800,10114,0500000US12031
0,315534,156179,159355,0500000US12033
1,76736,40107,36629,0500000US12033
2,106213,54686,51527,0500000US12033
3,36599,17819,18780,0500000US12033
4,42838,20188,22650,0500000US12033
5,31335,14360,16975,0500000US12033
6,15752,6817,8935,0500000US12033
7,6061,2202,3859,0500000US12033
0,112067,53927,58140,0500000US12035
1,20916,10722,10194,0500000US12035
2,25666,12650,13016,0500000US12035
3,13425,6315,7110,0500000US12035
4,17632,7882,9750,0500000US12035
5,19944,9451,10493,0500000US12035
6,10787,5318,5469,0500000US12035
7,3697,1589,2108,0500000US12035
0,11736,6545,5191,0500000US12037
1,2060,1080,980,0500000US12037
2,3624,2359,1265,0500000US12037
3,1493,829,664,0500000US12037
4,1745,854,891,0500000US12037
5,1732,847,885,0500000US12037
6,867,471,396,0500000US12037
7,215,105,110,0500000US12037
0,45894,21790,24104,0500000US12039
1,11138,5563,5575,0500000US12039
2,13935,6652,7283,0500000US12039
3,5981,2876,3105,0500000US12039
4,6643,3145,3498,0500000US12039
5,4962,2236,2726,0500000US12039
6,2344,994,1350,0500000US12039
7,891,324,567,0500000US12039
0,18256,9429,8827,0500000US12041
1,4362,2375,1987,0500000US12041
2,5247,2986,2261,0500000US12041
3,2275,1124,1151,0500000US12041
4,2631,1273,1358,0500000US12041
5,2057,985,1072,0500000US12041
6,1201,532,669,0500000US12041
7,483,154,329,0500000US12041
0,13724,7719,6005,0500000US12043
1,2322,1205,1117,0500000US12043
2,4143,2662,1481,0500000US12043
3,1712,993,719,0500000US12043
4,1803,963,840,0500000US12043
5,1948,940,1008,0500000US12043
6,1415,749,666,0500000US12043
7,381,207,174,0500000US12043
0,16164,9461,6703,0500000US12045
1,2778,1433,1345,0500000US12045
2,5248,3683,1565,0500000US12045
3,2294,1424,870,0500000US12045
4,2357,1240,1117,0500000US12045
5,2119,1060,1059,0500000US12045
6,1031,470,561,0500000US12045
7,337,151,186,0500000US12045
0,14310,8283,6027,0500000US12047
1,3044,1626,1418,0500000US12047
2,4940,3377,1563,0500000US12047
3,1839,1098,741,0500000US12047
4,1912,1002,910,0500000US12047
5,1565,761,804,0500000US12047
6,720,315,405,0500000US12047
7,290,104,186,0500000US12047
0,27245,14376,12869,0500000US12049
1,7894,4136,3758,0500000US12049
2,8686,4845,3841,0500000US12049
3,3263,1767,1496,0500000US12049
4,2870,1436,1434,0500000US12049
5,2506,1238,1268,0500000US12049
6,1479,716,763,0500000US12049
7,547,238,309,0500000US12049
0,41556,22163,19393,0500000US12051
1,12005,6433,5572,0500000US12051
2,13999,7758,6241,0500000US12051
3,5271,2800,2471,0500000US12051
4,4569,2294,2275,0500000US12051
5,3201,1669,1532,0500000US12051
6,1780,885,895,0500000US12051
7,731,324,407,0500000US12051
0,190865,91975,98890,0500000US12053
1,38565,19495,19070,0500000US12053
2,48585,24151,24434,0500000US12053
3,23455,11053,12402,0500000US12053
4,27848,12948,14900,0500000US12053
5,28122,13143,14979,0500000US12053
6,17845,8498,9347,0500000US12053
7,6445,2687,3758,0500000US12053
0,105424,51515,53909,0500000US12055
1,19705,10004,9701,0500000US12055
2,24123,12450,11673,0500000US12055
3,10295,5077,5218,0500000US12055
4,14079,6477,7602,0500000US12055
5,17542,8075,9467,0500000US12055
6,14179,6920,7259,0500000US12055
7,5501,2512,2989,0500000US12055
0,1436888,702940,733948,0500000US12057
1,360765,185159,175606,0500000US12057
2,507095,250535,256560,0500000US12057
3,190982,94128,96854,0500000US12057
4,172731,82557,90174,0500000US12057
5,122443,56416,66027,0500000US12057
6,59140,25442,33698,0500000US12057
7,23732,8703,15029,0500000US12057
0,19477,10336,9141,0500000US12059
1,4317,2255,2062,0500000US12059
2,6008,3548,2460,0500000US12059
3,2601,1420,1181,0500000US12059
4,2680,1354,1326,0500000US12059
5,2141,997,1144,0500000US12059
6,1311,592,719,0500000US12059
7,419,170,249,0500000US12059
0,157413,75421,81992,0500000US12061
1,28119,14608,13511,0500000US12061
2,35215,17534,17681,0500000US12061
3,17526,8362,9164,0500000US12061
4,24534,11090,13444,0500000US12061
5,27211,12374,14837,0500000US12061
6,17246,8170,9076,0500000US12061
7,7562,3283,4279,0500000US12061
0,48305,26615,21690,0500000US12063
1,10026,5280,4746,0500000US12063
2,16162,10139,6023,0500000US12063
3,6260,3642,2618,0500000US12063
4,6433,3328,3105,0500000US12063
5,5258,2523,2735,0500000US12063
6,3032,1292,1740,0500000US12063
7,1134,411,723,0500000US12063
0,14288,7491,6797,0500000US12065
1,2683,1391,1292,0500000US12065
2,3966,2383,1583,0500000US12065
3,2025,1071,954,0500000US12065
4,2252,1085,1167,0500000US12065
5,2036,983,1053,0500000US12065
6,956,455,501,0500000US12065
7,370,123,247,0500000US12065
0,8732,4986,3746,0500000US12067
1,1996,984,1012,0500000US12067
2,3190,2096,1094,0500000US12067
3,1167,709,458,0500000US12067
4,978,532,446,0500000US12067
5,795,400,395,0500000US12067
6,446,201,245,0500000US12067
7,160,64,96,0500000US12067
0,356495,172515,183980,0500000US12069
1,74851,38236,36615,0500000US12069
2,94604,46558,48046,0500000US12069
3,43093,20931,22162,0500000US12069
4,48838,23092,25746,0500000US12069
5,51274,23536,27738,0500000US12069
6,32612,15468,17144,0500000US12069
7,11223,4694,6529,0500000US12069
0,754610,369372,385238,0500000US12071
1,147390,75331,72059,0500000US12071
2,197005,99096,97909,0500000US12071
3,88217,42774,45443,0500000US12071
4,106104,49340,56764,0500000US12071
5,117275,55577,61698,0500000US12071
6,72569,35706,36863,0500000US12071
7,26050,11548,14502,0500000US12071
0,292502,138642,153860,0500000US12073
1,71057,34948,36109,0500000US12073
2,120860,57883,62977,0500000US12073
3,29755,14161,15594,0500000US12073
4,31675,14559,17116,0500000US12073
5,24414,11195,13219,0500000US12073
6,10518,4431,6087,0500000US12073
7,4223,1465,2758,0500000US12073
0,40770,19903,20867,0500000US12075
1,8698,4500,4198,0500000US12075
2,10450,5104,5346,0500000US12075
3,5032,2450,2582,0500000US12075
4,6487,3008,3479,0500000US12075
5,5972,2817,3155,0500000US12075
6,3242,1623,1619,0500000US12075
7,889,401,488,0500000US12075
0,8457,5215,3242,0500000US12077
1,1669,889,780,0500000US12077
2,3294,2337,957,0500000US12077
3,1223,807,416,0500000US12077
4,1042,579,463,0500000US12077
5,731,387,344,0500000US12077
6,396,175,221,0500000US12077
7,102,41,61,0500000US12077
0,18529,9799,8730,0500000US12079
1,3841,2033,1808,0500000US12079
2,5826,3378,2448,0500000US12079
3,2453,1363,1090,0500000US12079
4,2611,1266,1345,0500000US12079
5,2236,1119,1117,0500000US12079
6,1146,508,638,0500000US12079
7,416,132,284,0500000US12079
0,394855,190647,204208,0500000US12081
1,79182,40262,38920,0500000US12081
2,101102,50139,50963,0500000US12081
3,48100,23009,25091,0500000US12081
4,58298,27030,31268,0500000US12081
5,58551,27241,31310,0500000US12081
6,35005,16629,18376,0500000US12081
7,14617,6337,8280,0500000US12081
0,359977,172642,187335,0500000US12083
1,73484,37590,35894,0500000US12083
2,91977,45004,46973,0500000US12083
3,40928,19543,21385,0500000US12083
4,49410,22462,26948,0500000US12083
5,56073,25555,30518,0500000US12083
6,36456,17450,19006,0500000US12083
7,11649,5038,6611,0500000US12083
0,160912,79518,81394,0500000US12085
1,29140,14861,14279,0500000US12085
2,37041,19824,17217,0500000US12085
3,19740,9767,9973,0500000US12085
4,25301,12099,13202,0500000US12085
5,24372,11431,12941,0500000US12085
6,17260,8038,9222,0500000US12085
7,8058,3498,4560,0500000US12085
0,2761581,1340718,1420863,0500000US12086
1,622287,316648,305639,0500000US12086
2,941429,475902,465527,0500000US12086
3,405054,200589,204465,0500000US12086
4,344699,161271,183428,0500000US12086
5,240311,105602,134709,0500000US12086
6,143484,58395,85089,0500000US12086
7,64317,22311,42006,0500000US12086
0,75027,39005,36022,0500000US12087
1,12459,6351,6108,0500000US12087
2,21957,11615,10342,0500000US12087
3,10897,5692,5205,0500000US12087
4,12448,6349,6099,0500000US12087
5,10557,5537,5020,0500000US12087
6,4986,2664,2322,0500000US12087
7,1723,797,926,0500000US12087
0,85832,42254,43578,0500000US12089
1,18586,9582,9004,0500000US12089
2,23547,11805,11742,0500000US12089
3,11331,5501,5830,0500000US12089
4,13326,6278,7048,0500000US12089
5,11901,5720,6181,0500000US12089
6,5385,2615,2770,0500000US12089
7,1756,753,1003,0500000US12089
0,207269,104997,102272,0500000US12091
1,50313,25886,24427,0500000US12091
2,72563,38912,33651,0500000US12091
3,23380,11535,11845,0500000US12091
4,27824,13548,14276,0500000US12091
5,19428,9334,10094,0500000US12091
6,10147,4385,5762,0500000US12091
7,3614,1397,2217,0500000US12091
0,41537,22289,19248,0500000US12093
1,9779,5202,4577,0500000US12093
2,12899,7334,5565,0500000US12093
3,5263,3015,2248,0500000US12093
4,5378,2728,2650,0500000US12093
5,4393,2156,2237,0500000US12093
6,2883,1417,1466,0500000US12093
7,942,437,505,0500000US12093
0,1380645,677345,703300,0500000US12095
1,344985,175312,169673,0500000US12095
2,535526,266406,269120,0500000US12095
3,180557,88990,91567,0500000US12095
4,154757,74528,80229,0500000US12095
5,99754,45611,54143,0500000US12095
6,46003,19713,26290,0500000US12095
7,19063,6785,12278,0500000US12095
0,367990,181463,186527,0500000US12097
1,99454,51120,48334,0500000US12097
2,131596,66267,65329,0500000US12097
3,48719,23730,24989,0500000US12097
4,39616,18754,20862,0500000US12097
5,29484,13447,16037,0500000US12097
6,14385,6345,8040,0500000US12097
7,4736,1800,2936,0500000US12097
0,1485941,720762,765179,0500000US12099
1,315559,161169,154390,0500000US12099
2,427543,215738,211805,0500000US12099
3,190037,92433,97604,0500000US12099
4,197536,93933,103603,0500000US12099
5,172327,77642,94685,0500000US12099
6,119728,53292,66436,0500000US12099
7,63211,26555,36656,0500000US12099
0,539630,262406,277224,0500000US12101
1,120679,61658,59021,0500000US12101
2,151937,74732,77205,0500000US12101
3,72074,35579,36495,0500000US12101
4,72835,34538,38297,0500000US12101
5,66888,31001,35887,0500000US12101
6,40373,18890,21483,0500000US12101
7,14844,6008,8836,0500000US12101
0,975280,467828,507452,0500000US12103
1,174461,88950,85511,0500000US12103
2,272837,134725,138112,0500000US12103
3,129677,62720,66957,0500000US12103
4,156664,73914,82750,0500000US12103
5,129756,60245,69511,0500000US12103
6,75188,33452,41736,0500000US12103
7,36697,13822,22875,0500000US12103
0,708009,346929,361080,0500000US12105
1,173691,88953,84738,0500000US12105
2,219230,108791,110439,0500000US12105
3,85045,42086,42959,0500000US12105
4,86901,41276,45625,0500000US12105
5,80209,36978,43231,0500000US12105
6,46875,22102,24773,0500000US12105
7,16058,6743,9315,0500000US12105
0,74163,36699,37464,0500000US12107
1,17354,8977,8377,0500000US12107
2,19400,9780,9620,0500000US12107
3,8776,4289,4487,0500000US12107
4,11429,5432,5997,0500000US12107
5,9973,4918,5055,0500000US12107
6,5374,2527,2847,0500000US12107
7,1857,776,1081,0500000US12107
0,254261,124017,130244,0500000US12109
1,61218,31206,30012,0500000US12109
2,69358,34218,35140,0500000US12109
3,35846,17585,18261,0500000US12109
4,36359,17108,19251,0500000US12109
5,31356,14880,16476,0500000US12109
6,14550,6810,7740,0500000US12109
7,5574,2210,3364,0500000US12109
0,321128,156975,164153,0500000US12111
1,69838,36381,33457,0500000US12111
2,88820,44103,44717,0500000US12111
3,39881,19186,20695,0500000US12111
4,45086,21266,23820,0500000US12111
5,42195,19817,22378,0500000US12111
6,25503,12022,13481,0500000US12111
7,9805,4200,5605,0500000US12111
0,179349,91404,87945,0500000US12113
1,43154,22281,20873,0500000US12113
2,58144,31284,26860,0500000US12113
3,24447,12265,12182,0500000US12113
4,24959,12155,12804,0500000US12113
5,17509,8464,9045,0500000US12113
6,8603,3940,4663,0500000US12113
7,2533,1015,1518,0500000US12113
0,426718,203342,223376,0500000US12115
1,67613,34737,32876,0500000US12115
2,88647,44173,44474,0500000US12115
3,47296,22485,24811,0500000US12115
4,66653,30312,36341,0500000US12115
5,78861,36143,42718,0500000US12115
6,53441,25222,28219,0500000US12115
7,24207,10270,13937,0500000US12115
0,467832,226010,241822,0500000US12117
1,108416,54976,53440,0500000US12117
2,161495,80184,81311,0500000US12117
3,64552,30941,33611,0500000US12117
4,60836,28706,32130,0500000US12117
5,42730,19201,23529,0500000US12117
6,20368,8629,11739,0500000US12117
7,9435,3373,6062,0500000US12117
0,128754,64194,64560,0500000US12119
1,9954,5106,4848,0500000US12119
2,18168,11431,6737,0500000US12119
3,8588,4745,3843,0500000US12119
4,17898,7502,10396,0500000US12119
5,42567,19372,23195,0500000US12119
6,26005,13288,12717,0500000US12119
7,5574,2750,2824,0500000US12119
0,44191,22743,21448,0500000US12121
1,10288,5277,5011,0500000US12121
2,12732,7211,5521,0500000US12121
3,5468,2813,2655,0500000US12121
4,6261,3011,3250,0500000US12121
5,5268,2561,2707,0500000US12121
6,3017,1441,1576,0500000US12121
7,1157,429,728,0500000US12121
0,21623,11798,9825,0500000US12123
1,4719,2439,2280,0500000US12123
2,6882,4281,2601,0500000US12123
3,2704,1525,1179,0500000US12123
4,2898,1468,1430,0500000US12123
5,2593,1265,1328,0500000US12123
6,1398,640,758,0500000US12123
7,429,180,249,0500000US12123
0,14940,9623,5317,0500000US12125
1,3246,1699,1547,0500000US12125
2,5229,3712,1517,0500000US12125
3,2051,1459,592,0500000US12125
4,2177,1559,618,0500000US12125
5,1372,784,588,0500000US12125
6,702,336,366,0500000US12125
7,163,74,89,0500000US12125
0,547538,267217,280321,0500000US12127
1,109838,56465,53373,0500000US12127
2,152801,77485,75316,0500000US12127
3,67311,32751,34560,0500000US12127
4,83855,39401,44454,0500000US12127
5,75014,35405,39609,0500000US12127
6,41740,19052,22688,0500000US12127
7,16979,6658,10321,0500000US12127
0,32461,17327,15134,0500000US12129
1,7626,3948,3678,0500000US12129
2,10476,5986,4490,0500000US12129
3,4769,2678,2091,0500000US12129
4,4504,2235,2269,0500000US12129
5,3291,1650,1641,0500000US12129
6,1393,677,716,0500000US12129
7,402,153,249,0500000US12129
0,71375,36080,35295,0500000US12131
1,15580,7896,7684,0500000US12131
2,20394,10951,9443,0500000US12131
3,9521,4805,4716,0500000US12131
4,11203,5424,5779,0500000US12131
5,9181,4484,4697,0500000US12131
6,4156,1958,2198,0500000US12131
7,1340,562,778,0500000US12131
0,24880,13350,11530,0500000US12133
1,5451,2777,2674,0500000US12133
2,8210,4923,3287,0500000US12133
3,3453,1906,1547,0500000US12133
4,3403,1715,1688,0500000US12133
5,2606,1230,1376,0500000US12133
6,1388,640,748,0500000US12133
7,369,159,210,0500000US12133
0,18507,9240,9267,0500000US13001
1,4995,2545,2450,0500000US13001
2,5508,2844,2664,0500000US13001
3,2312,1166,1146,0500000US13001
4,2503,1229,1274,0500000US13001
5,1896,944,952,0500000US13001
6,966,407,559,0500000US13001
7,327,105,222,0500000US13001
0,8297,4188,4109,0500000US13003
1,2381,1201,1180,0500000US13003
2,2669,1361,1308,0500000US13003
3,1071,567,504,0500000US13003
4,1009,494,515,0500000US13003
5,708,345,363,0500000US13003
6,371,178,193,0500000US13003
7,88,42,46,0500000US13003
0,11185,5468,5717,0500000US13005
1,3093,1539,1554,0500000US13005
2,3538,1792,1746,0500000US13005
3,1395,727,668,0500000US13005
4,1365,638,727,0500000US13005
5,1100,514,586,0500000US13005
6,539,218,321,0500000US13005
7,155,40,115,0500000US13005
0,3092,1529,1563,0500000US13007
1,655,326,329,0500000US13007
2,824,416,408,0500000US13007
3,403,209,194,0500000US13007
4,514,254,260,0500000US13007
5,412,200,212,0500000US13007
6,187,84,103,0500000US13007
7,97,40,57,0500000US13007
0,44823,22742,22081,0500000US13009
1,11227,5547,5680,0500000US13009
2,15471,8101,7370,0500000US13009
3,5190,2793,2397,0500000US13009
4,5758,2939,2819,0500000US13009
5,4347,2071,2276,0500000US13009
6,2095,965,1130,0500000US13009
7,735,326,409,0500000US13009
0,18988,9645,9343,0500000US13011
1,4693,2515,2178,0500000US13011
2,5675,2840,2835,0500000US13011
3,2707,1402,1305,0500000US13011
4,2592,1332,1260,0500000US13011
5,2083,976,1107,0500000US13011
6,996,473,523,0500000US13011
7,242,107,135,0500000US13011
0,80809,39597,41212,0500000US13013
1,22739,11611,11128,0500000US13013
2,27885,13868,14017,0500000US13013
3,10793,5283,5510,0500000US13013
4,9334,4489,4845,0500000US13013
5,6357,2979,3378,0500000US13013
6,2758,1063,1695,0500000US13013
7,943,304,639,0500000US13013
0,106408,52478,53930,0500000US13015
1,28085,14406,13679,0500000US13015
2,34291,16919,17372,0500000US13015
3,15213,7586,7627,0500000US13015
4,13903,6891,7012,0500000US13015
5,9337,4347,4990,0500000US13015
6,4202,1844,2358,0500000US13015
7,1377,485,892,0500000US13015
0,16787,7965,8822,0500000US13017
1,4535,2295,2240,0500000US13017
2,4938,2351,2587,0500000US13017
3,2113,1044,1069,0500000US13017
4,2262,1082,1180,0500000US13017
5,1756,752,1004,0500000US13017
6,885,341,544,0500000US13017
7,298,100,198,0500000US13017
0,19252,9454,9798,0500000US13019
1,5080,2581,2499,0500000US13019
2,5668,2810,2858,0500000US13019
3,2595,1313,1282,0500000US13019
4,2617,1255,1362,0500000US13019
5,1929,920,1009,0500000US13019
6,1005,443,562,0500000US13019
7,358,132,226,0500000US13019
0,153095,71847,81248,0500000US13021
1,42113,21365,20748,0500000US13021
2,49710,23311,26399,0500000US13021
3,18184,8578,9606,0500000US13021
4,19212,8794,10418,0500000US13021
5,14002,6191,7811,0500000US13021
6,7003,2728,4275,0500000US13021
7,2871,880,1991,0500000US13021
0,12838,6124,6714,0500000US13023
1,3451,1766,1685,0500000US13023
2,3912,1836,2076,0500000US13023
3,1638,800,838,0500000US13023
4,1674,799,875,0500000US13023
5,1146,530,616,0500000US13023
6,711,292,419,0500000US13023
7,306,101,205,0500000US13023
0,18897,9312,9585,0500000US13025
1,4868,2514,2354,0500000US13025
2,5617,2809,2808,0500000US13025
3,2710,1304,1406,0500000US13025
4,2562,1256,1306,0500000US13025
5,1946,923,1023,0500000US13025
6,921,401,520,0500000US13025
7,273,105,168,0500000US13025
0,15513,7569,7944,0500000US13027
1,3679,1920,1759,0500000US13027
2,4289,2160,2129,0500000US13027
3,2083,1001,1082,0500000US13027
4,2386,1124,1262,0500000US13027
5,1882,853,1029,0500000US13027
6,946,408,538,0500000US13027
7,248,103,145,0500000US13027
0,38109,18795,19314,0500000US13029
1,12084,6219,5865,0500000US13029
2,13296,6560,6736,0500000US13029
3,4763,2326,2437,0500000US13029
4,3916,1857,2059,0500000US13029
5,2573,1202,1371,0500000US13029
6,1103,499,604,0500000US13029
7,374,132,242,0500000US13029
0,77296,37919,39377,0500000US13031
1,21291,10740,10551,0500000US13031
2,31373,15674,15699,0500000US13031
3,7872,3839,4033,0500000US13031
4,7900,3711,4189,0500000US13031
5,5437,2537,2900,0500000US13031
6,2586,1109,1477,0500000US13031
7,837,309,528,0500000US13031
0,22423,10682,11741,0500000US13033
1,6358,3219,3139,0500000US13033
2,6593,3188,3405,0500000US13033
3,2780,1268,1512,0500000US13033
4,3195,1498,1697,0500000US13033
5,2192,1016,1176,0500000US13033
6,981,378,603,0500000US13033
7,324,115,209,0500000US13033
0,24193,12774,11419,0500000US13035
1,5589,2822,2767,0500000US13035
2,8383,5033,3350,0500000US13035
3,3320,1791,1529,0500000US13035
4,3139,1529,1610,0500000US13035
5,2286,1015,1271,0500000US13035
6,1079,487,592,0500000US13035
7,397,97,300,0500000US13035
0,6352,3830,2522,0500000US13037
1,1234,635,599,0500000US13037
2,2420,1725,695,0500000US13037
3,884,593,291,0500000US13037
4,819,440,379,0500000US13037
5,549,278,271,0500000US13037
6,290,135,155,0500000US13037
7,156,24,132,0500000US13037
0,53677,27469,26208,0500000US13039
1,14438,7528,6910,0500000US13039
2,19761,10786,8975,0500000US13039
3,5903,2827,3076,0500000US13039
4,6256,2944,3312,0500000US13039
5,4650,2209,2441,0500000US13039
6,2119,952,1167,0500000US13039
7,550,223,327,0500000US13039
0,10836,5313,5523,0500000US13043
1,2956,1522,1434,0500000US13043
2,3151,1544,1607,0500000US13043
3,1360,650,710,0500000US13043
4,1417,687,730,0500000US13043
5,1212,597,615,0500000US13043
6,566,259,307,0500000US13043
7,174,54,120,0500000US13043
0,118121,57613,60508,0500000US13045
1,32554,16612,15942,0500000US13045
2,40831,20046,20785,0500000US13045
3,14875,7266,7609,0500000US13045
4,13781,6646,7135,0500000US13045
5,9767,4458,5309,0500000US13045
6,4852,2138,2714,0500000US13045
7,1461,447,1014,0500000US13045
0,67420,32610,34810,0500000US13047
1,16989,8835,8154,0500000US13047
2,20333,9973,10360,0500000US13047
3,9388,4555,4833,0500000US13047
4,8756,4140,4616,0500000US13047
5,6947,3130,3817,0500000US13047
6,3806,1558,2248,0500000US13047
7,1201,419,782,0500000US13047
0,12968,7436,5532,0500000US13049
1,2784,1409,1375,0500000US13049
2,4720,3156,1564,0500000US13049
3,1743,1025,718,0500000US13049
4,1649,851,798,0500000US13049
5,1175,594,581,0500000US13049
6,669,306,363,0500000US13049
7,228,95,133,0500000US13049
0,289195,138978,150217,0500000US13051
1,70655,35519,35136,0500000US13051
2,105690,52272,53418,0500000US13051
3,33324,15940,17384,0500000US13051
4,35048,16065,18983,0500000US13051
5,26584,11883,14701,0500000US13051
6,12655,5505,7150,0500000US13051
7,5239,1794,3445,0500000US13051
0,10684,6843,3841,0500000US13053
1,2927,1751,1176,0500000US13053
2,6140,4300,1840,0500000US13053
3,655,334,321,0500000US13053
4,446,223,223,0500000US13053
5,276,116,160,0500000US13053
6,181,99,82,0500000US13053
7,59,20,39,0500000US13053
0,24790,12680,12110,0500000US13055
1,6116,3174,2942,0500000US13055
2,7646,4214,3432,0500000US13055
3,3302,1704,1598,0500000US13055
4,3372,1648,1724,0500000US13055
5,2512,1192,1320,0500000US13055
6,1324,586,738,0500000US13055
7,518,162,356,0500000US13055
0,254149,125168,128981,0500000US13057
1,68250,35093,33157,0500000US13057
2,79903,39550,40353,0500000US13057
3,38303,18916,19387,0500000US13057
4,32313,15773,16540,0500000US13057
5,23007,10490,12517,0500000US13057
6,9667,4425,5242,0500000US13057
7,2706,921,1785,0500000US13057
0,127330,60322,67008,0500000US13059
1,31123,15011,16112,0500000US13059
2,59207,28817,30390,0500000US13059
3,11570,5522,6048,0500000US13059
4,11471,5184,6287,0500000US13059
5,8528,3745,4783,0500000US13059
6,3844,1544,2300,0500000US13059
7,1587,499,1088,0500000US13059
0,2887,1362,1525,0500000US13061
1,643,327,316,0500000US13061
2,734,351,383,0500000US13061
3,295,133,162,0500000US13061
4,441,205,236,0500000US13061
5,463,214,249,0500000US13061
6,229,107,122,0500000US13061
7,82,25,57,0500000US13061
0,289615,135554,154061,0500000US13063
1,88785,44880,43905,0500000US13063
2,103950,47936,56014,0500000US13063
3,37925,17087,20838,0500000US13063
4,31958,14270,17688,0500000US13063
5,18412,7994,10418,0500000US13063
6,6691,2754,3937,0500000US13063
7,1894,633,1261,0500000US13063
0,6648,3232,3416,0500000US13065
1,1839,948,891,0500000US13065
2,2048,961,1087,0500000US13065
3,865,448,417,0500000US13065
4,819,389,430,0500000US13065
5,680,327,353,0500000US13065
6,317,121,196,0500000US13065
7,80,38,42,0500000US13065
0,756865,366600,390265,0500000US13067
1,197887,100287,97600,0500000US13067
2,266160,130486,135674,0500000US13067
3,107811,51651,56160,0500000US13067
4,92230,43618,48612,0500000US13067
5,58971,26770,32201,0500000US13067
6,24858,10725,14133,0500000US13067
7,8948,3063,5885,0500000US13067
0,43093,22140,20953,0500000US13069
1,11731,6063,5668,0500000US13069
2,14842,8167,6675,0500000US13069
3,5642,2934,2708,0500000US13069
4,4948,2400,2548,0500000US13069
5,3724,1698,2026,0500000US13069
6,1657,684,973,0500000US13069
7,549,194,355,0500000US13069
0,45592,22585,23007,0500000US13071
1,13011,6762,6249,0500000US13071
2,14525,7396,7129,0500000US13071
3,5769,2923,2846,0500000US13071
4,5233,2445,2788,0500000US13071
5,4205,1938,2267,0500000US13071
6,2079,911,1168,0500000US13071
7,770,210,560,0500000US13071
0,154291,75273,79018,0500000US13073
1,42652,21656,20996,0500000US13073
2,51917,25590,26327,0500000US13073
3,20337,9864,10473,0500000US13073
4,18552,8762,9790,0500000US13073
5,13008,6184,6824,0500000US13073
6,5800,2550,3250,0500000US13073
7,2025,667,1358,0500000US13073
0,17162,8268,8894,0500000US13075
1,4704,2415,2289,0500000US13075
2,5253,2498,2755,0500000US13075
3,2255,1078,1177,0500000US13075
4,2111,1009,1102,0500000US13075
5,1670,818,852,0500000US13075
6,903,371,532,0500000US13075
7,266,79,187,0500000US13075
0,145864,70983,74881,0500000US13077
1,39195,19784,19411,0500000US13077
2,45733,22225,23508,0500000US13077
3,21953,10730,11223,0500000US13077
4,18741,9138,9603,0500000US13077
5,12617,5881,6736,0500000US13077
6,5946,2620,3326,0500000US13077
7,1679,605,1074,0500000US13077
0,12318,6214,6104,0500000US13079
1,2761,1421,1340,0500000US13079
2,3446,1826,1620,0500000US13079
3,1741,893,848,0500000US13079
4,2054,1023,1031,0500000US13079
5,1488,691,797,0500000US13079
6,672,304,368,0500000US13079
7,156,56,100,0500000US13079
0,22601,10687,11914,0500000US13081
1,5949,3013,2936,0500000US13081
2,6580,3074,3506,0500000US13081
3,2752,1286,1466,0500000US13081
4,3103,1454,1649,0500000US13081
5,2490,1173,1317,0500000US13081
6,1207,515,692,0500000US13081
7,520,172,348,0500000US13081
0,16226,7971,8255,0500000US13083
1,3739,1892,1847,0500000US13083
2,4971,2514,2457,0500000US13083
3,2044,1022,1022,0500000US13083
4,2340,1124,1216,0500000US13083
5,1841,843,998,0500000US13083
6,975,458,517,0500000US13083
7,316,118,198,0500000US13083
0,25083,12400,12683,0500000US13085
1,5700,2922,2778,0500000US13085
2,7178,3590,3588,0500000US13085
3,3576,1775,1801,0500000US13085
4,3584,1730,1854,0500000US13085
5,3203,1528,1675,0500000US13085
6,1506,712,794,0500000US13085
7,336,143,193,0500000US13085
0,26575,12857,13718,0500000US13087
1,7197,3649,3548,0500000US13087
2,8170,4062,4108,0500000US13087
3,3433,1674,1759,0500000US13087
4,3468,1654,1814,0500000US13087
5,2450,1121,1329,0500000US13087
6,1365,552,813,0500000US13087
7,492,145,347,0500000US13087
0,756558,357770,398788,0500000US13089
1,192128,97344,94784,0500000US13089
2,282116,134697,147419,0500000US13089
3,99188,47003,52185,0500000US13089
4,89006,40090,48916,0500000US13089
5,59070,25248,33822,0500000US13089
6,24729,10047,14682,0500000US13089
7,10321,3341,6980,0500000US13089
0,20705,10787,9918,0500000US13091
1,4530,2370,2160,0500000US13091
2,6540,3718,2822,0500000US13091
3,3058,1620,1438,0500000US13091
4,2840,1437,1403,0500000US13091
5,2165,1031,1134,0500000US13091
6,1179,481,698,0500000US13091
7,393,130,263,0500000US13091
0,13706,7451,6255,0500000US13093
1,2630,1308,1322,0500000US13093
2,4326,2712,1614,0500000US13093
3,1912,1099,813,0500000US13093
4,2080,1051,1029,0500000US13093
5,1588,777,811,0500000US13093
6,886,403,483,0500000US13093
7,284,101,183,0500000US13093
0,91243,41868,49375,0500000US13095
1,26024,12848,13176,0500000US13095
2,30172,13823,16349,0500000US13095
3,10043,4549,5494,0500000US13095
4,10977,4896,6081,0500000US13095
5,8345,3651,4694,0500000US13095
6,3972,1565,2407,0500000US13095
7,1710,536,1174,0500000US13095
0,145331,69035,76296,0500000US13097
1,41497,21146,20351,0500000US13097
2,47991,22332,25659,0500000US13097
3,21673,10052,11621,0500000US13097
4,17396,8331,9065,0500000US13097
5,10820,4760,6060,0500000US13097
6,4621,1972,2649,0500000US13097
7,1333,442,891,0500000US13097
0,10247,4782,5465,0500000US13099
1,2790,1414,1376,0500000US13099
2,2869,1336,1533,0500000US13099
3,1294,602,692,0500000US13099
4,1346,617,729,0500000US13099
5,1063,485,578,0500000US13099
6,646,265,381,0500000US13099
7,239,63,176,0500000US13099
0,4000,2067,1933,0500000US13101
1,1145,603,542,0500000US13101
2,1363,726,637,0500000US13101
3,510,273,237,0500000US13101
4,461,236,225,0500000US13101
5,303,135,168,0500000US13101
6,158,63,95,0500000US13101
7,60,31,29,0500000US13101
0,62190,30999,31191,0500000US13103
1,17944,9315,8629,0500000US13103
2,21079,10510,10569,0500000US13103
3,8423,4188,4235,0500000US13103
4,7522,3719,3803,0500000US13103
5,4560,2126,2434,0500000US13103
6,2060,938,1122,0500000US13103
7,602,203,399,0500000US13103
0,19120,9147,9973,0500000US13105
1,4515,2275,2240,0500000US13105
2,5421,2713,2708,0500000US13105
3,2464,1148,1316,0500000US13105
4,2721,1279,1442,0500000US13105
5,2283,1057,1226,0500000US13105
6,1250,532,718,0500000US13105
7,466,143,323,0500000US13105
0,22612,11130,11482,0500000US13107
1,6208,3133,3075,0500000US13107
2,7251,3800,3451,0500000US13107
3,2635,1300,1335,0500000US13107
4,2875,1357,1518,0500000US13107
5,2174,973,1201,0500000US13107
6,1099,456,643,0500000US13107
7,370,111,259,0500000US13107
0,10721,5216,5505,0500000US13109
1,3110,1599,1511,0500000US13109
2,3224,1570,1654,0500000US13109
3,1304,637,667,0500000US13109
4,1365,644,721,0500000US13109
5,966,452,514,0500000US13109
6,564,243,321,0500000US13109
7,188,71,117,0500000US13109
0,25964,12610,13354,0500000US13111
1,4746,2411,2335,0500000US13111
2,5898,2899,2999,0500000US13111
3,3072,1462,1610,0500000US13111
4,4585,2152,2433,0500000US13111
5,4738,2295,2443,0500000US13111
6,2195,1103,1092,0500000US13111
7,730,288,442,0500000US13111
0,113459,55009,58450,0500000US13113
1,29129,14920,14209,0500000US13113
2,29878,14632,15246,0500000US13113
3,16756,7941,8815,0500000US13113
4,17060,8133,8927,0500000US13113
5,12637,6013,6624,0500000US13113
6,5920,2682,3238,0500000US13113
7,2079,688,1391,0500000US13113
0,97927,47307,50620,0500000US13115
1,25978,13017,12961,0500000US13115
2,30898,15249,15649,0500000US13115
3,12339,6046,6293,0500000US13115
4,12322,5902,6420,0500000US13115
5,9341,4326,5015,0500000US13115
6,5136,2132,3004,0500000US13115
7,1913,635,1278,0500000US13115
0,236612,117339,119273,0500000US13117
1,70680,36297,34383,0500000US13117
2,72641,35544,37097,0500000US13117
3,39147,20027,19120,0500000US13117
4,25723,12801,12922,0500000US13117
5,17470,7941,9529,0500000US13117
6,8565,3836,4729,0500000US13117
7,2386,893,1493,0500000US13117
0,23023,11292,11731,0500000US13119
1,5711,2942,2769,0500000US13119
2,6855,3417,3438,0500000US13119
3,2905,1460,1445,0500000US13119
4,3176,1582,1594,0500000US13119
5,2558,1179,1379,0500000US13119
6,1350,565,785,0500000US13119
7,468,147,321,0500000US13119
0,1050114,508527,541587,0500000US13121
1,261006,132753,128253,0500000US13121
2,402873,196914,205959,0500000US13121
3,144637,71066,73571,0500000US13121
4,118868,56375,62493,0500000US13121
5,75123,33156,41967,0500000US13121
6,33311,13646,19665,0500000US13121
7,14296,4617,9679,0500000US13121
0,30816,15437,15379,0500000US13123
1,6494,3251,3243,0500000US13123
2,7817,4095,3722,0500000US13123
3,3922,1983,1939,0500000US13123
4,4932,2382,2550,0500000US13123
5,4845,2429,2416,0500000US13123
6,2165,1072,1093,0500000US13123
7,641,225,416,0500000US13123
0,2995,1484,1511,0500000US13125
1,728,398,330,0500000US13125
2,860,422,438,0500000US13125
3,442,220,222,0500000US13125
4,427,216,211,0500000US13125
5,299,141,158,0500000US13125
6,155,66,89,0500000US13125
7,84,21,63,0500000US13125
0,85219,40136,45083,0500000US13127
1,20532,10444,10088,0500000US13127
2,24832,11734,13098,0500000US13127
3,10696,5042,5654,0500000US13127
4,11912,5403,6509,0500000US13127
5,10402,4653,5749,0500000US13127
6,5071,2265,2806,0500000US13127
7,1774,595,1179,0500000US13127
0,57685,28429,29256,0500000US13129
1,15505,8027,7478,0500000US13129
2,18118,9020,9098,0500000US13129
3,8319,4119,4200,0500000US13129
4,7183,3481,3702,0500000US13129
5,5132,2418,2714,0500000US13129
6,2603,1078,1525,0500000US13129
7,825,286,539,0500000US13129
0,24748,11931,12817,0500000US13131
1,6680,3398,3282,0500000US13131
2,7039,3381,3658,0500000US13131
3,3201,1540,1661,0500000US13131
4,3316,1610,1706,0500000US13131
5,2652,1245,1407,0500000US13131
6,1391,587,804,0500000US13131
7,469,170,299,0500000US13131
0,17698,8521,9177,0500000US13133
1,3565,1826,1739,0500000US13133
2,4313,2073,2240,0500000US13133
3,1898,924,974,0500000US13133
4,2780,1228,1552,0500000US13133
5,3175,1552,1623,0500000US13133
6,1556,790,766,0500000US13133
7,411,128,283,0500000US13133
0,927781,452986,474795,0500000US13135
1,273597,139064,134533,0500000US13135
2,316832,154995,161837,0500000US13135
3,136583,66138,70445,0500000US13135
4,107505,51818,55687,0500000US13135
5,60758,27658,33100,0500000US13135
6,24469,10484,13985,0500000US13135
7,8037,2829,5208,0500000US13135
0,45388,21450,23938,0500000US13137
1,11502,5775,5727,0500000US13137
2,14167,6458,7709,0500000US13137
3,5713,2687,3026,0500000US13137
4,5768,2744,3024,0500000US13137
5,4786,2276,2510,0500000US13137
6,2634,1202,1432,0500000US13137
7,818,308,510,0500000US13137
0,202148,100538,101610,0500000US13139
1,56450,29059,27391,0500000US13139
2,64555,32592,31963,0500000US13139
3,27254,13704,13550,0500000US13139
4,23783,11618,12165,0500000US13139
5,17813,8284,9529,0500000US13139
6,9128,4063,5065,0500000US13139
7,3165,1218,1947,0500000US13139
0,8348,4593,3755,0500000US13141
1,1429,765,664,0500000US13141
2,2592,1694,898,0500000US13141
3,1107,602,505,0500000US13141
4,1272,623,649,0500000US13141
5,1172,586,586,0500000US13141
6,533,257,276,0500000US13141
7,243,66,177,0500000US13141
0,29533,14335,15198,0500000US13143
1,7717,3844,3873,0500000US13143
2,9051,4461,4590,0500000US13143
3,4255,2109,2146,0500000US13143
4,3737,1861,1876,0500000US13143
5,2828,1272,1556,0500000US13143
6,1488,627,861,0500000US13143
7,457,161,296,0500000US13143
0,34475,17245,17230,0500000US13145
1,8171,4241,3930,0500000US13145
2,9467,4849,4618,0500000US13145
3,5144,2484,2660,0500000US13145
4,5217,2588,2629,0500000US13145
5,4191,2062,2129,0500000US13145
6,1711,839,872,0500000US13145
7,574,182,392,0500000US13145
0,26099,12929,13170,0500000US13147
1,5997,3155,2842,0500000US13147
2,7211,3717,3494,0500000US13147
3,3487,1698,1789,0500000US13147
4,3765,1816,1949,0500000US13147
5,3220,1518,1702,0500000US13147
6,1836,805,1031,0500000US13147
7,583,220,363,0500000US13147
0,11879,5916,5963,0500000US13149
1,2972,1549,1423,0500000US13149
2,3504,1745,1759,0500000US13149
3,1675,857,818,0500000US13149
4,1654,793,861,0500000US13149
5,1275,622,653,0500000US13149
6,598,276,322,0500000US13149
7,201,74,127,0500000US13149
0,230220,109748,120472,0500000US13151
1,65371,33366,32005,0500000US13151
2,74759,34811,39948,0500000US13151
3,35305,16545,18760,0500000US13151
4,27969,13262,14707,0500000US13151
5,17342,7769,9573,0500000US13151
6,7392,3247,4145,0500000US13151
7,2082,748,1334,0500000US13151
0,155469,75339,80130,0500000US13153
1,43395,22261,21134,0500000US13153
2,53264,25832,27432,0500000US13153
3,19806,9375,10431,0500000US13153
4,19242,9283,9959,0500000US13153
5,11952,5491,6461,0500000US13153
6,5901,2429,3472,0500000US13153
7,1909,668,1241,0500000US13153
0,9398,4889,4509,0500000US13155
1,2222,1154,1068,0500000US13155
2,3138,1807,1331,0500000US13155
3,1218,648,570,0500000US13155
4,1134,552,582,0500000US13155
5,914,418,496,0500000US13155
6,532,243,289,0500000US13155
7,240,67,173,0500000US13155
0,70422,34706,35716,0500000US13157
1,19386,9863,9523,0500000US13157
2,22700,11296,11404,0500000US13157
3,9795,4955,4840,0500000US13157
4,8385,4101,4284,0500000US13157
5,6181,2830,3351,0500000US13157
6,3143,1394,1749,0500000US13157
7,832,267,565,0500000US13157
0,14040,6866,7174,0500000US13159
1,3645,1882,1763,0500000US13159
2,3942,1929,2013,0500000US13159
3,1933,958,975,0500000US13159
4,2066,996,1070,0500000US13159
5,1515,700,815,0500000US13159
6,706,319,387,0500000US13159
7,233,82,151,0500000US13159
0,15029,7408,7621,0500000US13161
1,4379,2247,2132,0500000US13161
2,4531,2224,2307,0500000US13161
3,1909,966,943,0500000US13161
4,1843,901,942,0500000US13161
5,1433,692,741,0500000US13161
6,752,307,445,0500000US13161
7,182,71,111,0500000US13161
0,15430,7447,7983,0500000US13163
1,3989,2046,1943,0500000US13163
2,4527,2304,2223,0500000US13163
3,1984,943,1041,0500000US13163
4,2111,985,1126,0500000US13163
5,1662,732,930,0500000US13163
6,865,333,532,0500000US13163
7,292,104,188,0500000US13163
0,8683,4658,4025,0500000US13165
1,1979,1062,917,0500000US13165
2,2989,1793,1196,0500000US13165
3,1107,633,474,0500000US13165
4,1150,565,585,0500000US13165
5,873,404,469,0500000US13165
6,430,161,269,0500000US13165
7,155,40,115,0500000US13165
0,9708,5441,4267,0500000US13167
1,2014,991,1023,0500000US13167
2,3169,2030,1139,0500000US13167
3,1368,856,512,0500000US13167
4,1333,713,620,0500000US13167
5,1051,539,512,0500000US13167
6,529,229,300,0500000US13167
7,244,83,161,0500000US13167
0,28616,13847,14769,0500000US13169
1,7311,3733,3578,0500000US13169
2,8337,4034,4303,0500000US13169
3,3998,1962,2036,0500000US13169
4,3922,1897,2025,0500000US13169
5,3057,1389,1668,0500000US13169
6,1531,680,851,0500000US13169
7,460,152,308,0500000US13169
0,19000,9150,9850,0500000US13171
1,5029,2486,2543,0500000US13171
2,5932,2847,3085,0500000US13171
3,2356,1185,1171,0500000US13171
4,2460,1195,1265,0500000US13171
5,1926,872,1054,0500000US13171
6,969,440,529,0500000US13171
7,328,125,203,0500000US13171
0,10340,5226,5114,0500000US13173
1,2711,1391,1320,0500000US13173
2,3524,1820,1704,0500000US13173
3,1318,652,666,0500000US13173
4,1331,672,659,0500000US13173
5,883,426,457,0500000US13173
6,448,207,241,0500000US13173
7,125,58,67,0500000US13173
0,47325,22395,24930,0500000US13175
1,12740,6442,6298,0500000US13175
2,14181,6723,7458,0500000US13175
3,5984,2903,3081,0500000US13175
4,6061,2845,3216,0500000US13175
5,4740,2126,2614,0500000US13175
6,2580,1063,1517,0500000US13175
7,1039,293,746,0500000US13175
0,29764,14924,14840,0500000US13177
1,8488,4427,4061,0500000US13177
2,9807,4944,4863,0500000US13177
3,4107,2051,2056,0500000US13177
4,3611,1753,1858,0500000US13177
5,2509,1247,1262,0500000US13177
6,946,422,524,0500000US13177
7,296,80,216,0500000US13177
0,61497,31168,30329,0500000US13179
1,18888,9783,9105,0500000US13179
2,25558,13662,11896,0500000US13179
3,5598,2577,3021,0500000US13179
4,5764,2616,3148,0500000US13179
5,3665,1707,1958,0500000US13179
6,1630,684,946,0500000US13179
7,394,139,255,0500000US13179
0,7915,3836,4079,0500000US13181
1,1677,846,831,0500000US13181
2,2067,1030,1037,0500000US13181
3,951,441,510,0500000US13181
4,1335,654,681,0500000US13181
5,1128,533,595,0500000US13181
6,571,258,313,0500000US13181
7,186,74,112,0500000US13181
0,18998,9583,9415,0500000US13183
1,5594,2848,2746,0500000US13183
2,7061,3645,3416,0500000US13183
3,2374,1181,1193,0500000US13183
4,2138,1054,1084,0500000US13183
5,1199,584,615,0500000US13183
6,425,196,229,0500000US13183
7,207,75,132,0500000US13183
0,116321,56320,60001,0500000US13185
1,32974,16546,16428,0500000US13185
2,45129,22477,22652,0500000US13185
3,12087,5727,6360,0500000US13185
4,11765,5534,6231,0500000US13185
5,8532,3788,4744,0500000US13185
6,4347,1771,2576,0500000US13185
7,1487,477,1010,0500000US13185
0,32955,16335,16620,0500000US13187
1,7907,4021,3886,0500000US13187
2,11133,5682,5451,0500000US13187
3,3691,1828,1863,0500000US13187
4,4438,2110,2328,0500000US13187
5,3580,1703,1877,0500000US13187
6,1712,805,907,0500000US13187
7,494,186,308,0500000US13187
0,21531,10081,11450,0500000US13189
1,5975,2979,2996,0500000US13189
2,6094,2860,3234,0500000US13189
3,2742,1312,1430,0500000US13189
4,2943,1369,1574,0500000US13189
5,2282,1037,1245,0500000US13189
6,1168,432,736,0500000US13189
7,327,92,235,0500000US13189
0,14340,7001,7339,0500000US13191
1,2575,1327,1248,0500000US13191
2,3547,1780,1767,0500000US13191
3,1907,903,1004,0500000US13191
4,2483,1183,1300,0500000US13191
5,2273,1060,1213,0500000US13191
6,1188,586,602,0500000US13191
7,367,162,205,0500000US13191
0,13143,7203,5940,0500000US13193
1,2785,1408,1377,0500000US13193
2,4499,2899,1600,0500000US13193
3,1688,961,727,0500000US13193
4,1901,900,1001,0500000US13193
5,1431,696,735,0500000US13193
6,649,266,383,0500000US13193
7,190,73,117,0500000US13193
0,29650,14661,14989,0500000US13195
1,7457,3897,3560,0500000US13195
2,8927,4346,4581,0500000US13195
3,4023,2011,2012,0500000US13195
4,4211,2043,2168,0500000US13195
5,3082,1517,1565,0500000US13195
6,1509,682,827,0500000US13195
7,441,165,276,0500000US13195
0,8351,4112,4239,0500000US13197
1,1951,959,992,0500000US13197
2,2194,1096,1098,0500000US13197
3,1133,548,585,0500000US13197
4,1402,724,678,0500000US13197
5,996,501,495,0500000US13197
6,546,227,319,0500000US13197
7,129,57,72,0500000US13197
0,21068,10085,10983,0500000US13199
1,5008,2564,2444,0500000US13199
2,5973,2919,3054,0500000US13199
3,2612,1236,1376,0500000US13199
4,3185,1519,1666,0500000US13199
5,2545,1165,1380,0500000US13199
6,1264,539,725,0500000US13199
7,481,143,338,0500000US13199
0,5686,2725,2961,0500000US13201
1,1404,735,669,0500000US13201
2,1530,732,798,0500000US13201
3,738,352,386,0500000US13201
4,750,366,384,0500000US13201
5,629,279,350,0500000US13201
6,443,194,249,0500000US13201
7,192,67,125,0500000US13201
0,22192,11510,10682,0500000US13205
1,5587,2934,2653,0500000US13205
2,7169,4120,3049,0500000US13205
3,2903,1533,1370,0500000US13205
4,2919,1418,1501,0500000US13205
5,2084,930,1154,0500000US13205
6,1135,456,679,0500000US13205
7,395,119,276,0500000US13205
0,27520,13723,13797,0500000US13207
1,6283,3283,3000,0500000US13207
2,8100,4174,3926,0500000US13207
3,3846,1865,1981,0500000US13207
4,4188,2054,2134,0500000US13207
5,2963,1456,1507,0500000US13207
6,1545,723,822,0500000US13207
7,595,168,427,0500000US13207
0,9193,4727,4466,0500000US13209
1,2228,1149,1079,0500000US13209
2,3001,1643,1358,0500000US13209
3,1170,620,550,0500000US13209
4,1219,622,597,0500000US13209
5,958,447,511,0500000US13209
6,504,203,301,0500000US13209
7,113,43,70,0500000US13209
0,18853,9068,9785,0500000US13211
1,4735,2405,2330,0500000US13211
2,5056,2420,2636,0500000US13211
3,2593,1251,1342,0500000US13211
4,2690,1300,1390,0500000US13211
5,2188,1007,1181,0500000US13211
6,1217,542,675,0500000US13211
7,374,143,231,0500000US13211
0,39921,19623,20298,0500000US13213
1,10838,5559,5279,0500000US13213
2,12348,6044,6304,0500000US13213
3,5735,2843,2892,0500000US13213
4,5069,2541,2528,0500000US13213
5,3650,1706,1944,0500000US13213
6,1802,754,1048,0500000US13213
7,479,176,303,0500000US13213
0,194160,94349,99811,0500000US13215
1,53376,27432,25944,0500000US13215
2,69719,35088,34631,0500000US13215
3,22368,10645,11723,0500000US13215
4,22693,10620,12073,0500000US13215
5,15202,6674,8528,0500000US13215
6,7593,2899,4694,0500000US13215
7,3209,991,2218,0500000US13215
0,109541,51731,57810,0500000US13217
1,31802,16225,15577,0500000US13217
2,35050,16398,18652,0500000US13217
3,15645,7180,8465,0500000US13217
4,12783,5858,6925,0500000US13217
5,8979,3988,4991,0500000US13217
6,3946,1681,2265,0500000US13217
7,1336,401,935,0500000US13217
0,39272,19271,20001,0500000US13219
1,11518,5903,5615,0500000US13219
2,11009,5306,5703,0500000US13219
3,5769,2804,2965,0500000US13219
4,5021,2462,2559,0500000US13219
5,3664,1772,1892,0500000US13219
6,1691,786,905,0500000US13219
7,600,238,362,0500000US13219
0,15054,7439,7615,0500000US13221
1,3464,1768,1696,0500000US13221
2,4414,2241,2173,0500000US13221
3,2143,1044,1099,0500000US13221
4,2195,1091,1104,0500000US13221
5,1649,802,847,0500000US13221
6,899,397,502,0500000US13221
7,290,96,194,0500000US13221
0,164044,79857,84187,0500000US13223
1,46932,23809,23123,0500000US13223
2,55503,26975,28528,0500000US13223
3,25488,12499,12989,0500000US13223
4,18727,9118,9609,0500000US13223
5,11212,5033,6179,0500000US13223
6,4840,1994,2846,0500000US13223
7,1342,429,913,0500000US13223
0,27297,13158,14139,0500000US13225
1,7105,3517,3588,0500000US13225
2,8767,4321,4446,0500000US13225
3,3285,1581,1704,0500000US13225
4,3773,1845,1928,0500000US13225
5,2623,1186,1437,0500000US13225
6,1343,557,786,0500000US13225
7,401,151,250,0500000US13225
0,31980,15696,16284,0500000US13227
1,7109,3629,3480,0500000US13227
2,8702,4290,4412,0500000US13227
3,4275,2175,2100,0500000US13227
4,4890,2296,2594,0500000US13227
5,4413,2130,2283,0500000US13227
6,2032,962,1070,0500000US13227
7,559,214,345,0500000US13227
0,19389,9586,9803,0500000US13229
1,5244,2714,2530,0500000US13229
2,5818,2884,2934,0500000US13229
3,2583,1293,1290,0500000US13229
4,2442,1203,1239,0500000US13229
5,1987,927,1060,0500000US13229
6,1011,454,557,0500000US13229
7,304,111,193,0500000US13229
0,18634,9164,9470,0500000US13231
1,4823,2499,2324,0500000US13231
2,5594,2691,2903,0500000US13231
3,2807,1395,1412,0500000US13231
4,2441,1217,1224,0500000US13231
5,1760,847,913,0500000US13231
6,929,433,496,0500000US13231
7,280,82,198,0500000US13231
0,42470,20992,21478,0500000US13233
1,11776,6038,5738,0500000US13233
2,13475,6904,6571,0500000US13233
3,5318,2650,2668,0500000US13233
4,5326,2515,2811,0500000US13233
5,3898,1797,2101,0500000US13233
6,2023,868,1155,0500000US13233
7,654,220,434,0500000US13233
0,11069,4774,6295,0500000US13235
1,2223,1130,1093,0500000US13235
2,3284,1233,2051,0500000US13235
3,1527,623,904,0500000US13235
4,1532,673,859,0500000US13235
5,1401,670,731,0500000US13235
6,832,359,473,0500000US13235
7,270,86,184,0500000US13235
0,21809,10643,11166,0500000US13237
1,4778,2404,2374,0500000US13237
2,5568,2710,2858,0500000US13237
3,2746,1338,1408,0500000US13237
4,3471,1658,1813,0500000US13237
5,3244,1572,1672,0500000US13237
6,1566,775,791,0500000US13237
7,436,186,250,0500000US13237
0,2279,1090,1189,0500000US13239
1,451,220,231,0500000US13239
2,459,232,227,0500000US13239
3,268,128,140,0500000US13239
4,390,184,206,0500000US13239
5,410,189,221,0500000US13239
6,227,105,122,0500000US13239
7,74,32,42,0500000US13239
0,16867,8295,8572,0500000US13241
1,3182,1623,1559,0500000US13241
2,4219,2124,2095,0500000US13241
3,2131,1058,1073,0500000US13241
4,2672,1315,1357,0500000US13241
5,2769,1329,1440,0500000US13241
6,1448,682,766,0500000US13241
7,446,164,282,0500000US13241
0,6833,3157,3676,0500000US13243
1,1603,820,783,0500000US13243
2,1790,830,960,0500000US13243
3,737,326,411,0500000US13243
4,1071,506,565,0500000US13243
5,879,392,487,0500000US13243
6,478,210,268,0500000US13243
7,275,73,202,0500000US13243
0,201554,97624,103930,0500000US13245
1,52557,27360,25197,0500000US13245
2,73108,36561,36547,0500000US13245
3,22377,10372,12005,0500000US13245
4,25170,11489,13681,0500000US13245
5,17247,7574,9673,0500000US13245
6,8080,3278,4802,0500000US13245
7,3015,990,2025,0500000US13245
0,90594,42596,47998,0500000US13247
1,24858,12548,12310,0500000US13247
2,27321,12600,14721,0500000US13247
3,12833,5826,7007,0500000US13247
4,12523,5893,6630,0500000US13247
5,8293,3735,4558,0500000US13247
6,3516,1535,1981,0500000US13247
7,1250,459,791,0500000US13247
0,5236,2484,2752,0500000US13249
1,1443,727,716,0500000US13249
2,1418,651,767,0500000US13249
3,838,394,444,0500000US13249
4,640,308,332,0500000US13249
5,518,238,280,0500000US13249
6,291,137,154,0500000US13249
7,88,29,59,0500000US13249
0,13938,6902,7036,0500000US13251
1,3199,1767,1432,0500000US13251
2,4169,2065,2104,0500000US13251
3,1808,874,934,0500000US13251
4,2140,1020,1120,0500000US13251
5,1600,762,838,0500000US13251
6,768,321,447,0500000US13251
7,254,93,161,0500000US13251
0,8315,3981,4334,0500000US13253
1,1909,967,942,0500000US13253
2,2185,1065,1120,0500000US13253
3,1042,491,551,0500000US13253
4,1261,575,686,0500000US13253
5,1083,544,539,0500000US13253
6,586,256,330,0500000US13253
7,249,83,166,0500000US13253
0,66100,31749,34351,0500000US13255
1,17009,8665,8344,0500000US13255
2,20542,10054,10488,0500000US13255
3,8253,3949,4304,0500000US13255
4,8493,3984,4509,0500000US13255
5,7101,3203,3898,0500000US13255
6,3516,1497,2019,0500000US13255
7,1186,397,789,0500000US13255
0,26035,12508,13527,0500000US13257
1,6593,3313,3280,0500000US13257
2,7640,3666,3974,0500000US13257
3,3209,1584,1625,0500000US13257
4,3541,1649,1892,0500000US13257
5,3058,1461,1597,0500000US13257
6,1557,684,873,0500000US13257
7,437,151,286,0500000US13257
0,6199,4094,2105,0500000US13259
1,888,494,394,0500000US13259
2,3012,2426,586,0500000US13259
3,682,435,247,0500000US13259
4,653,328,325,0500000US13259
5,533,252,281,0500000US13259
6,277,98,179,0500000US13259
7,154,61,93,0500000US13259
0,29733,13967,15766,0500000US13261
1,7938,3914,4024,0500000US13261
2,9704,4689,5015,0500000US13261
3,3547,1641,1906,0500000US13261
4,3565,1617,1948,0500000US13261
5,3031,1344,1687,0500000US13261
6,1417,591,826,0500000US13261
7,531,171,360,0500000US13261
0,6272,3002,3270,0500000US13263
1,1141,559,582,0500000US13263
2,1555,786,769,0500000US13263
3,857,389,468,0500000US13263
4,1190,561,629,0500000US13263
5,941,474,467,0500000US13263
6,454,192,262,0500000US13263
7,134,41,93,0500000US13263
0,1608,796,812,0500000US13265
1,295,152,143,0500000US13265
2,429,234,195,0500000US13265
3,207,96,111,0500000US13265
4,254,130,124,0500000US13265
5,240,116,124,0500000US13265
6,114,56,58,0500000US13265
7,69,12,57,0500000US13265
0,25391,14640,10751,0500000US13267
1,5706,3003,2703,0500000US13267
2,9501,6328,3173,0500000US13267
3,3497,2128,1369,0500000US13267
4,3058,1596,1462,0500000US13267
5,2172,1029,1143,0500000US13267
6,1128,461,667,0500000US13267
7,329,95,234,0500000US13267
0,8039,3842,4197,0500000US13269
1,1794,905,889,0500000US13269
2,2259,1116,1143,0500000US13269
3,1126,554,572,0500000US13269
4,1234,578,656,0500000US13269
5,946,411,535,0500000US13269
6,504,217,287,0500000US13269
7,176,61,115,0500000US13269
0,15876,9284,6592,0500000US13271
1,2837,1453,1384,0500000US13271
2,5829,4052,1777,0500000US13271
3,2213,1357,856,0500000US13271
4,2124,1164,960,0500000US13271
5,1588,761,827,0500000US13271
6,857,360,497,0500000US13271
7,428,137,291,0500000US13271
0,8611,4122,4489,0500000US13273
1,2178,1112,1066,0500000US13273
2,2475,1267,1208,0500000US13273
3,1017,467,550,0500000US13273
4,1233,567,666,0500000US13273
5,979,432,547,0500000US13273
6,550,226,324,0500000US13273
7,179,51,128,0500000US13273
0,44448,21047,23401,0500000US13275
1,11558,5898,5660,0500000US13275
2,12961,6118,6843,0500000US13275
3,5766,2745,3021,0500000US13275
4,6032,2839,3193,0500000US13275
5,4715,2041,2674,0500000US13275
6,2531,1103,1428,0500000US13275
7,885,303,582,0500000US13275
0,40571,19622,20949,0500000US13277
1,11584,5906,5678,0500000US13277
2,13270,6552,6718,0500000US13277
3,4864,2368,2496,0500000US13277
4,4816,2259,2557,0500000US13277
5,3461,1543,1918,0500000US13277
6,1888,786,1102,0500000US13277
7,688,208,480,0500000US13277
0,26887,12781,14106,0500000US13279
1,7783,4023,3760,0500000US13279
2,8143,3866,4277,0500000US13279
3,3271,1510,1761,0500000US13279
4,3291,1555,1736,0500000US13279
5,2549,1172,1377,0500000US13279
6,1352,517,835,0500000US13279
7,498,138,360,0500000US13279
0,11852,5658,6194,0500000US13281
1,2331,1151,1180,0500000US13281
2,2513,1273,1240,0500000US13281
3,1187,580,607,0500000US13281
4,1728,784,944,0500000US13281
5,2225,1047,1178,0500000US13281
6,1395,634,761,0500000US13281
7,473,189,284,0500000US13281
0,6809,3386,3423,0500000US13283
1,1705,825,880,0500000US13283
2,2162,1185,977,0500000US13283
3,797,424,373,0500000US13283
4,890,423,467,0500000US13283
5,720,342,378,0500000US13283
6,379,137,242,0500000US13283
7,156,50,106,0500000US13283
0,70034,33785,36249,0500000US13285
1,18848,9709,9139,0500000US13285
2,23016,11166,11850,0500000US13285
3,8997,4306,4691,0500000US13285
4,8779,4161,4618,0500000US13285
5,6191,2835,3356,0500000US13285
6,2926,1221,1705,0500000US13285
7,1277,387,890,0500000US13285
0,7912,3844,4068,0500000US13287
1,2102,1053,1049,0500000US13287
2,2392,1282,1110,0500000US13287
3,908,414,494,0500000US13287
4,938,439,499,0500000US13287
5,891,396,495,0500000US13287
6,485,201,284,0500000US13287
7,196,59,137,0500000US13287
0,8188,4017,4171,0500000US13289
1,1712,858,854,0500000US13289
2,2155,1116,1039,0500000US13289
3,1080,540,540,0500000US13289
4,1379,659,720,0500000US13289
5,1145,543,602,0500000US13289
6,584,256,328,0500000US13289
7,133,45,88,0500000US13289
0,24001,11619,12382,0500000US13291
1,4214,2156,2058,0500000US13291
2,5066,2536,2530,0500000US13291
3,2674,1248,1426,0500000US13291
4,4124,1941,2183,0500000US13291
5,4656,2229,2427,0500000US13291
6,2466,1198,1268,0500000US13291
7,801,311,490,0500000US13291
0,26215,12447,13768,0500000US13293
1,6419,3195,3224,0500000US13293
2,7689,3710,3979,0500000US13293
3,3470,1665,1805,0500000US13293
4,3794,1777,2017,0500000US13293
5,2803,1308,1495,0500000US13293
6,1520,622,898,0500000US13293
7,520,170,350,0500000US13293
0,69410,34154,35256,0500000US13295
1,16584,8622,7962,0500000US13295
2,20897,10468,10429,0500000US13295
3,9304,4678,4626,0500000US13295
4,9749,4767,4982,0500000US13295
5,7343,3361,3982,0500000US13295
6,4061,1741,2320,0500000US13295
7,1472,517,955,0500000US13295
0,93503,45507,47996,0500000US13297
1,25410,13052,12358,0500000US13297
2,28598,13840,14758,0500000US13297
3,13334,6435,6899,0500000US13297
4,11673,5710,5963,0500000US13297
5,8643,4058,4585,0500000US13297
6,4392,1929,2463,0500000US13297
7,1453,483,970,0500000US13297
0,35680,17853,17827,0500000US13299
1,9379,4822,4557,0500000US13299
2,11206,6043,5163,0500000US13299
3,4405,2247,2158,0500000US13299
4,4523,2201,2322,0500000US13299
5,3492,1552,1940,0500000US13299
6,1824,740,1084,0500000US13299
7,851,248,603,0500000US13299
0,5251,2488,2763,0500000US13301
1,1151,565,586,0500000US13301
2,1385,694,691,0500000US13301
3,689,316,373,0500000US13301
4,835,405,430,0500000US13301
5,664,291,373,0500000US13301
6,373,177,196,0500000US13301
7,154,40,114,0500000US13301
0,20386,10399,9987,0500000US13303
1,4835,2499,2336,0500000US13303
2,6432,3648,2784,0500000US13303
3,2672,1393,1279,0500000US13303
4,2907,1402,1505,0500000US13303
5,2031,936,1095,0500000US13303
6,1070,409,661,0500000US13303
7,439,112,327,0500000US13303
0,29808,15284,14524,0500000US13305
1,7897,4060,3837,0500000US13305
2,9489,5153,4336,0500000US13305
3,3929,2046,1883,0500000US13305
4,3771,1859,1912,0500000US13305
5,2865,1369,1496,0500000US13305
6,1390,600,790,0500000US13305
7,467,197,270,0500000US13305
0,2611,1303,1308,0500000US13307
1,567,275,292,0500000US13307
2,639,328,311,0500000US13307
3,402,206,196,0500000US13307
4,386,177,209,0500000US13307
5,340,175,165,0500000US13307
6,184,94,90,0500000US13307
7,93,48,45,0500000US13307
0,7879,5095,2784,0500000US13309
1,1501,775,726,0500000US13309
2,3192,2476,716,0500000US13309
3,1141,819,322,0500000US13309
4,893,487,406,0500000US13309
5,669,332,337,0500000US13309
6,341,160,181,0500000US13309
7,142,46,96,0500000US13309
0,29970,14619,15351,0500000US13311
1,6744,3404,3340,0500000US13311
2,8067,4063,4004,0500000US13311
3,3873,1898,1975,0500000US13311
4,4396,2097,2299,0500000US13311
5,4051,1870,2181,0500000US13311
6,2203,1026,1177,0500000US13311
7,636,261,375,0500000US13311
0,104062,51848,52214,0500000US13313
1,29634,15191,14443,0500000US13313
2,33900,17314,16586,0500000US13313
3,13922,6928,6994,0500000US13313
4,11986,5873,6113,0500000US13313
5,8399,3980,4419,0500000US13313
6,4580,2010,2570,0500000US13313
7,1641,552,1089,0500000US13313
0,8812,5264,3548,0500000US13315
1,1854,997,857,0500000US13315
2,3130,2170,960,0500000US13315
3,1186,771,415,0500000US13315
4,1051,589,462,0500000US13315
5,873,430,443,0500000US13315
6,514,243,271,0500000US13315
7,204,64,140,0500000US13315
0,9876,4741,5135,0500000US13317
1,2310,1189,1121,0500000US13317
2,2532,1257,1275,0500000US13317
3,1254,628,626,0500000US13317
4,1498,692,806,0500000US13317
5,1220,545,675,0500000US13317
6,757,336,421,0500000US13317
7,305,94,211,0500000US13317
0,9036,4323,4713,0500000US13319
1,2256,1130,1126,0500000US13319
2,2457,1204,1253,0500000US13319
3,1152,548,604,0500000US13319
4,1420,703,717,0500000US13319
5,951,435,516,0500000US13319
6,608,242,366,0500000US13319
7,192,61,131,0500000US13319
0,20299,9752,10547,0500000US13321
1,4967,2491,2476,0500000US13321
2,5803,2827,2976,0500000US13321
3,2683,1269,1414,0500000US13321
4,2974,1470,1504,0500000US13321
5,2309,1066,1243,0500000US13321
6,1191,516,675,0500000US13321
7,372,113,259,0500000US13321
0,200983,99602,101381,0500000US15001
1,47667,24316,23351,0500000US15001
2,57994,28816,29178,0500000US15001
3,23302,11465,11837,0500000US15001
4,29988,14555,15433,0500000US15001
5,26725,13599,13126,0500000US15001
6,10237,4955,5282,0500000US15001
7,5070,1896,3174,0500000US15001
0,980080,492574,487506,0500000US15003
1,229391,118022,111369,0500000US15003
2,343519,181938,161581,0500000US15003
3,116695,58566,58129,0500000US15003
4,116682,57350,59332,0500000US15003
5,94425,44497,49928,0500000US15003
6,49216,21520,27696,0500000US15003
7,30152,10681,19471,0500000US15003
0,88,41,47,0500000US15005
1,0,0,0,0500000US15005
2,14,7,7,0500000US15005
3,16,11,5,0500000US15005
4,21,12,9,0500000US15005
5,13,7,6,0500000US15005
6,10,1,9,0500000US15005
7,14,3,11,0500000US15005
0,72133,35607,36526,0500000US15007
1,17094,8751,8343,0500000US15007
2,21335,10673,10662,0500000US15007
3,8906,4433,4473,0500000US15007
4,10259,5053,5206,0500000US15007
5,8868,4376,4492,0500000US15007
6,3638,1625,2013,0500000US15007
7,2033,696,1337,0500000US15007
0,167207,83178,84029,0500000US15009
1,39554,20346,19208,0500000US15009
2,51605,25817,25788,0500000US15009
3,21705,10891,10814,0500000US15009
4,23777,11742,12035,0500000US15009
5,18902,9350,9552,0500000US15009
6,7889,3648,4241,0500000US15009
7,3775,1384,2391,0500000US15009
0,469966,235266,234700,0500000US16001
1,124111,63342,60769,0500000US16001
2,161689,83069,78620,0500000US16001
3,59759,30349,29410,0500000US16001
4,56615,27400,29215,0500000US16001
5,42027,20060,21967,0500000US16001
6,18576,8315,10261,0500000US16001
7,7189,2731,4458,0500000US16001
0,4250,2211,2039,0500000US16003
1,817,447,370,0500000US16003
2,875,452,423,0500000US16003
3,434,219,215,0500000US16003
4,903,437,466,0500000US16003
5,771,424,347,0500000US16003
6,350,192,158,0500000US16003
7,100,40,60,0500000US16003
0,87138,43328,43810,0500000US16005
1,25615,13074,12541,0500000US16005
2,30248,15292,14956,0500000US16005
3,8825,4321,4504,0500000US16005
4,10050,4830,5220,0500000US16005
5,7620,3739,3881,0500000US16005
6,3464,1563,1901,0500000US16005
7,1316,509,807,0500000US16005
0,6050,3017,3033,0500000US16007
1,1763,886,877,0500000US16007
2,1596,808,788,0500000US16007
3,613,300,313,0500000US16007
4,830,426,404,0500000US16007
5,730,368,362,0500000US16007
6,368,157,211,0500000US16007
7,150,72,78,0500000US16007
0,9226,4718,4508,0500000US16009
1,2253,1183,1070,0500000US16009
2,2251,1156,1095,0500000US16009
3,1116,560,556,0500000US16009
4,1533,752,781,0500000US16009
5,1277,649,628,0500000US16009
6,638,346,292,0500000US16009
7,158,72,86,0500000US16009
0,46236,23036,23200,0500000US16011
1,15463,7861,7602,0500000US16011
2,13979,6938,7041,0500000US16011
3,4736,2339,2397,0500000US16011
4,5463,2758,2705,0500000US16011
5,3887,1890,1997,0500000US16011
6,1974,950,1024,0500000US16011
7,734,300,434,0500000US16011
0,22601,11456,11145,0500000US16013
1,5478,2845,2633,0500000US16013
2,6202,3262,2940,0500000US16013
3,3054,1514,1540,0500000US16013
4,3432,1630,1802,0500000US16013
5,2817,1374,1443,0500000US16013
6,1284,680,604,0500000US16013
7,334,151,183,0500000US16013
0,7634,3975,3659,0500000US16015
1,1426,783,643,0500000US16015
2,1626,790,836,0500000US16015
3,1019,492,527,0500000US16015
4,1644,842,802,0500000US16015
5,1315,720,595,0500000US16015
6,474,284,190,0500000US16015
7,130,64,66,0500000US16015
0,44727,22306,22421,0500000US16017
1,9625,4856,4769,0500000US16017
2,11083,5546,5537,0500000US16017
3,5268,2583,2685,0500000US16017
4,7778,3758,4020,0500000US16017
5,6954,3625,3329,0500000US16017
6,3047,1540,1507,0500000US16017
7,972,398,574,0500000US16017
0,116854,58375,58479,0500000US16019
1,38787,19878,18909,0500000US16019
2,38149,19131,19018,0500000US16019
3,11864,6034,5830,0500000US16019
4,12511,6145,6366,0500000US16019
5,9230,4442,4788,0500000US16019
6,4513,2052,2461,0500000US16019
7,1800,693,1107,0500000US16019
0,11948,6005,5943,0500000US16021
1,3041,1556,1485,0500000US16021
2,2951,1505,1446,0500000US16021
3,1443,722,721,0500000US16021
4,1822,860,962,0500000US16021
5,1677,865,812,0500000US16021
6,740,396,344,0500000US16021
7,274,101,173,0500000US16021
0,2611,1318,1293,0500000US16023
1,680,335,345,0500000US16023
2,630,324,306,0500000US16023
3,261,139,122,0500000US16023
4,428,204,224,0500000US16023
5,348,192,156,0500000US16023
6,193,99,94,0500000US16023
7,71,25,46,0500000US16023
0,1127,570,557,0500000US16025
1,282,126,156,0500000US16025
2,275,148,127,0500000US16025
3,128,62,66,0500000US16025
4,189,102,87,0500000US16025
5,167,91,76,0500000US16025
6,57,32,25,0500000US16025
7,29,9,20,0500000US16025
0,223499,110725,112774,0500000US16027
1,70035,35613,34422,0500000US16027
2,73232,36587,36645,0500000US16027
3,25543,12747,12796,0500000US16027
4,23927,11547,12380,0500000US16027
5,18882,8967,9915,0500000US16027
6,8882,4147,4735,0500000US16027
7,2998,1117,1881,0500000US16027
0,7060,3610,3450,0500000US16029
1,2190,1147,1043,0500000US16029
2,2038,1079,959,0500000US16029
3,724,355,369,0500000US16029
4,874,452,422,0500000US16029
5,705,339,366,0500000US16029
6,383,180,203,0500000US16029
7,146,58,88,0500000US16029
0,23864,12155,11709,0500000US16031
1,8234,4284,3950,0500000US16031
2,7267,3771,3496,0500000US16031
3,2329,1180,1149,0500000US16031
4,2643,1344,1299,0500000US16031
5,1896,946,950,0500000US16031
6,1078,490,588,0500000US16031
7,417,140,277,0500000US16031
0,852,432,420,0500000US16033
1,236,113,123,0500000US16033
2,260,133,127,0500000US16033
3,96,47,49,0500000US16033
4,109,60,49,0500000US16033
5,83,43,40,0500000US16033
6,49,25,24,0500000US16033
7,19,11,8,0500000US16033
0,8758,4818,3940,0500000US16035
1,1581,885,696,0500000US16035
2,2207,1331,876,0500000US16035
3,1125,621,504,0500000US16035
4,1456,718,738,0500000US16035
5,1386,772,614,0500000US16035
6,744,390,354,0500000US16035
7,259,101,158,0500000US16035
0,4280,2196,2084,0500000US16037
1,815,414,401,0500000US16037
2,959,499,460,0500000US16037
3,463,233,230,0500000US16037
4,800,403,397,0500000US16037
5,785,431,354,0500000US16037
6,346,169,177,0500000US16037
7,112,47,65,0500000US16037
0,27259,14290,12969,0500000US16039
1,7624,3952,3672,0500000US16039
2,10232,5707,4525,0500000US16039
3,2624,1303,1321,0500000US16039
4,3105,1553,1552,0500000US16039
5,2201,1103,1098,0500000US16039
6,1128,526,602,0500000US16039
7,345,146,199,0500000US16039
0,13726,7022,6704,0500000US16041
1,4784,2522,2262,0500000US16041
2,4031,2027,2004,0500000US16041
3,1403,729,674,0500000US16041
4,1565,782,783,0500000US16041
5,1094,553,541,0500000US16041
6,610,312,298,0500000US16041
7,239,97,142,0500000US16041
0,13168,6888,6280,0500000US16043
1,3757,1968,1789,0500000US16043
2,3991,2110,1881,0500000US16043
3,1476,796,680,0500000US16043
4,1731,902,829,0500000US16043
5,1274,638,636,0500000US16043
6,719,372,347,0500000US16043
7,220,102,118,0500000US16043
0,17634,8813,8821,0500000US16045
1,4417,2327,2090,0500000US16045
2,4564,2229,2335,0500000US16045
3,2113,1065,1048,0500000US16045
4,2677,1295,1382,0500000US16045
5,2247,1107,1140,0500000US16045
6,1222,629,593,0500000US16045
7,394,161,233,0500000US16045
0,15196,7736,7460,0500000US16047
1,4575,2314,2261,0500000US16047
2,4370,2306,2064,0500000US16047
3,1704,873,831,0500000US16047
4,1920,961,959,0500000US16047
5,1456,733,723,0500000US16047
6,809,390,419,0500000US16047
7,362,159,203,0500000US16047
0,16513,8664,7849,0500000US16049
1,3588,1891,1697,0500000US16049
2,3799,2120,1679,0500000US16049
3,1752,894,858,0500000US16049
4,2768,1345,1423,0500000US16049
5,2722,1452,1270,0500000US16049
6,1384,728,656,0500000US16049
7,500,234,266,0500000US16049
0,29439,14952,14487,0500000US16051
1,10848,5509,5339,0500000US16051
2,9193,4716,4477,0500000US16051
3,2910,1484,1426,0500000US16051
4,3103,1594,1509,0500000US16051
5,2068,1040,1028,0500000US16051
6,975,476,499,0500000US16051
7,342,133,209,0500000US16051
0,24015,12241,11774,0500000US16053
1,7982,4024,3958,0500000US16053
2,7578,3984,3594,0500000US16053
3,2591,1363,1228,0500000US16053
4,2747,1385,1362,0500000US16053
5,1845,907,938,0500000US16053
6,968,459,509,0500000US16053
7,304,119,185,0500000US16053
0,161505,79774,81731,0500000US16055
1,40264,20788,19476,0500000US16055
2,48920,24534,24386,0500000US16055
3,19560,9600,9960,0500000US16055
4,22091,10548,11543,0500000US16055
5,18629,8826,9803,0500000US16055
6,8914,4275,4639,0500000US16055
7,3127,1203,1924,0500000US16055
0,40134,20398,19736,0500000US16057
1,10245,5144,5101,0500000US16057
2,16678,8828,7850,0500000US16057
3,3671,1840,1831,0500000US16057
4,4134,1995,2139,0500000US16057
5,3304,1646,1658,0500000US16057
6,1490,721,769,0500000US16057
7,612,224,388,0500000US16057
0,7961,4030,3931,0500000US16059
1,1618,848,770,0500000US16059
2,1782,899,883,0500000US16059
3,770,372,398,0500000US16059
4,1382,672,710,0500000US16059
5,1380,724,656,0500000US16059
6,751,391,360,0500000US16059
7,278,124,154,0500000US16059
0,3861,1963,1898,0500000US16061
1,949,515,434,0500000US16061
2,849,419,430,0500000US16061
3,404,174,230,0500000US16061
4,641,335,306,0500000US16061
5,568,295,273,0500000US16061
6,332,174,158,0500000US16061
7,118,51,67,0500000US16061
0,5360,2780,2580,0500000US16063
1,1709,884,825,0500000US16063
2,1656,873,783,0500000US16063
3,622,330,292,0500000US16063
4,615,299,316,0500000US16063
5,472,249,223,0500000US16063
6,195,99,96,0500000US16063
7,91,46,45,0500000US16063
0,39304,19890,19414,0500000US16065
1,13560,6241,7319,0500000US16065
2,18207,10042,8165,0500000US16065
3,2349,1141,1208,0500000US16065
4,2450,1193,1257,0500000US16065
5,1566,755,811,0500000US16065
6,876,402,474,0500000US16065
7,296,116,180,0500000US16065
0,20825,10433,10392,0500000US16067
1,6430,3250,3180,0500000US16067
2,6281,3218,3063,0500000US16067
3,2221,1130,1091,0500000US16067
4,2506,1241,1265,0500000US16067
5,1890,927,963,0500000US16067
6,1032,485,547,0500000US16067
7,465,182,283,0500000US16067
0,40408,19961,20447,0500000US16069
1,9593,4884,4709,0500000US16069
2,12507,6338,6169,0500000US16069
3,4774,2345,2429,0500000US16069
4,5473,2697,2776,0500000US16069
5,4393,2108,2285,0500000US16069
6,2513,1138,1375,0500000US16069
7,1155,451,704,0500000US16069
0,4488,2254,2234,0500000US16071
1,1379,711,668,0500000US16071
2,1109,560,549,0500000US16071
3,461,223,238,0500000US16071
4,627,326,301,0500000US16071
5,503,255,248,0500000US16071
6,278,130,148,0500000US16071
7,131,49,82,0500000US16071
0,11693,5965,5728,0500000US16073
1,3316,1704,1612,0500000US16073
2,3325,1700,1625,0500000US16073
3,1369,679,690,0500000US16073
4,1601,834,767,0500000US16073
5,1239,638,601,0500000US16073
6,634,315,319,0500000US16073
7,209,95,114,0500000US16073
0,23551,11755,11796,0500000US16075
1,6722,3494,3228,0500000US16075
2,6645,3315,3330,0500000US16075
3,2846,1407,1439,0500000US16075
4,3007,1460,1547,0500000US16075
5,2435,1175,1260,0500000US16075
6,1464,701,763,0500000US16075
7,432,203,229,0500000US16075
0,7768,3952,3816,0500000US16077
1,2637,1357,1280,0500000US16077
2,2204,1134,1070,0500000US16077
3,765,388,377,0500000US16077
4,963,491,472,0500000US16077
5,707,348,359,0500000US16077
6,363,178,185,0500000US16077
7,129,56,73,0500000US16077
0,12796,6422,6374,0500000US16079
1,2851,1446,1405,0500000US16079
2,3375,1745,1630,0500000US16079
3,1556,785,771,0500000US16079
4,2091,1021,1070,0500000US16079
5,1755,910,845,0500000US16079
6,875,417,458,0500000US16079
7,293,98,195,0500000US16079
0,11640,6111,5529,0500000US16081
1,3119,1611,1508,0500000US16081
2,3945,2105,1840,0500000US16081
3,1708,874,834,0500000US16081
4,1411,745,666,0500000US16081
5,1029,568,461,0500000US16081
6,312,157,155,0500000US16081
7,116,51,65,0500000US16081
0,86081,42488,43593,0500000US16083
1,25756,13064,12692,0500000US16083
2,28240,14088,14152,0500000US16083
3,9028,4576,4452,0500000US16083
4,9805,4773,5032,0500000US16083
5,7547,3575,3972,0500000US16083
6,4114,1840,2274,0500000US16083
7,1591,572,1019,0500000US16083
0,11041,5720,5321,0500000US16085
1,2155,1115,1040,0500000US16085
2,2870,1494,1376,0500000US16085
3,1325,672,653,0500000US16085
4,1919,947,972,0500000US16085
5,1906,1037,869,0500000US16085
6,670,362,308,0500000US16085
7,196,93,103,0500000US16085
0,10161,5058,5103,0500000US16087
1,2536,1274,1262,0500000US16087
2,2437,1249,1188,0500000US16087
3,1123,536,587,0500000US16087
4,1511,717,794,0500000US16087
5,1454,748,706,0500000US16087
6,834,432,402,0500000US16087
7,266,102,164,0500000US16087
0,65691,32308,33383,0500000US17001
1,16245,8393,7852,0500000US17001
2,19091,9565,9526,0500000US17001
3,7809,3835,3974,0500000US17001
4,9256,4526,4730,0500000US17001
5,6862,3264,3598,0500000US17001
6,4077,1801,2276,0500000US17001
7,2351,924,1427,0500000US17001
0,6060,2932,3128,0500000US17003
1,1504,744,760,0500000US17003
2,1484,731,753,0500000US17003
3,764,372,392,0500000US17003
4,980,487,493,0500000US17003
5,744,354,390,0500000US17003
6,416,188,228,0500000US17003
7,168,56,112,0500000US17003
0,16630,8645,7985,0500000US17005
1,3580,1843,1737,0500000US17005
2,5432,3083,2349,0500000US17005
3,2083,1130,953,0500000US17005
4,2449,1209,1240,0500000US17005
5,1732,833,899,0500000US17005
6,920,412,508,0500000US17005
7,434,135,299,0500000US17005
0,53577,26785,26792,0500000US17007
1,14789,7627,7162,0500000US17007
2,15631,7901,7730,0500000US17007
3,7763,3853,3910,0500000US17007
4,6910,3498,3412,0500000US17007
5,4909,2339,2570,0500000US17007
6,2656,1244,1412,0500000US17007
7,919,323,596,0500000US17007
0,6556,4245,2311,0500000US17009
1,1165,636,529,0500000US17009
2,2842,2173,669,0500000US17009
3,885,586,299,0500000US17009
4,751,427,324,0500000US17009
5,499,228,271,0500000US17009
6,283,140,143,0500000US17009
7,131,55,76,0500000US17009
0,32993,16199,16794,0500000US17011
1,7754,3958,3796,0500000US17011
2,8995,4566,4429,0500000US17011
3,4168,2073,2095,0500000US17011
4,4845,2355,2490,0500000US17011
5,3830,1857,1973,0500000US17011
6,2267,1006,1261,0500000US17011
7,1134,384,750,0500000US17011
0,4802,2393,2409,0500000US17013
1,1084,547,537,0500000US17013
2,1187,608,579,0500000US17013
3,657,327,330,0500000US17013
4,753,389,364,0500000US17013
5,595,300,295,0500000US17013
6,382,177,205,0500000US17013
7,144,45,99,0500000US17013
0,14312,7137,7175,0500000US17015
1,3063,1576,1487,0500000US17015
2,3635,1853,1782,0500000US17015
3,1699,860,839,0500000US17015
4,2264,1118,1146,0500000US17015
5,2008,1001,1007,0500000US17015
6,1140,544,596,0500000US17015
7,503,185,318,0500000US17015
0,12260,6192,6068,0500000US17017
1,3173,1696,1477,0500000US17017
2,3688,1923,1765,0500000US17017
3,1561,776,785,0500000US17017
4,1650,829,821,0500000US17017
5,1181,575,606,0500000US17017
6,693,289,404,0500000US17017
7,314,104,210,0500000US17017
0,209983,104634,105349,0500000US17019
1,53742,27408,26334,0500000US17019
2,87086,45073,42013,0500000US17019
3,20120,9759,10361,0500000US17019
4,22105,10443,11662,0500000US17019
5,15726,7424,8302,0500000US17019
6,7480,3201,4279,0500000US17019
7,3724,1326,2398,0500000US17019
0,32661,16620,16041,0500000US17021
1,7251,3740,3511,0500000US17021
2,9749,5340,4409,0500000US17021
3,4343,2271,2072,0500000US17021
4,4807,2437,2370,0500000US17021
5,3443,1602,1841,0500000US17021
6,2083,907,1176,0500000US17021
7,985,323,662,0500000US17021
0,15596,7745,7851,0500000US17023
1,3878,2034,1844,0500000US17023
2,4333,2178,2155,0500000US17023
3,2012,1022,990,0500000US17023
4,2276,1159,1117,0500000US17023
5,1706,810,896,0500000US17023
6,950,423,527,0500000US17023
7,441,119,322,0500000US17023
0,13253,6564,6689,0500000US17025
1,3295,1691,1604,0500000US17025
2,3707,1880,1827,0500000US17025
3,1634,848,786,0500000US17025
4,1924,941,983,0500000US17025
5,1522,741,781,0500000US17025
6,806,340,466,0500000US17025
7,365,123,242,0500000US17025
0,37639,19499,18140,0500000US17027
1,8730,4560,4170,0500000US17027
2,11912,6617,5295,0500000US17027
3,5025,2633,2392,0500000US17027
4,5489,2761,2728,0500000US17027
5,3575,1723,1852,0500000US17027
6,1946,865,1081,0500000US17027
7,962,340,622,0500000US17027
0,50885,24678,26207,0500000US17029
1,11605,5823,5782,0500000US17029
2,18465,9181,9284,0500000US17029
3,5519,2735,2784,0500000US17029
4,6687,3214,3473,0500000US17029
5,4740,2228,2512,0500000US17029
6,2631,1104,1527,0500000US17029
7,1238,393,845,0500000US17029
0,5180493,2516081,2664412,0500000US17031
1,1251579,635911,615668,0500000US17031
2,1882216,936896,945320,0500000US17031
3,649582,318462,331120,0500000US17031
4,638949,304622,334327,0500000US17031
5,432616,195521,237095,0500000US17031
6,221185,90063,131122,0500000US17031
7,104366,34606,69760,0500000US17031
0,18807,9832,8975,0500000US17033
1,4122,2091,2031,0500000US17033
2,6009,3494,2515,0500000US17033
3,2436,1319,1117,0500000US17033
4,2683,1368,1315,0500000US17033
5,1956,925,1031,0500000US17033
6,1122,485,637,0500000US17033
7,479,150,329,0500000US17033
0,10808,5376,5432,0500000US17035
1,2603,1327,1276,0500000US17035
2,3045,1553,1492,0500000US17035
3,1354,684,670,0500000US17035
4,1689,849,840,0500000US17035
5,1169,565,604,0500000US17035
6,639,295,344,0500000US17035
7,309,103,206,0500000US17035
0,104143,51577,52566,0500000US17037
1,27556,13923,13633,0500000US17037
2,40531,20368,20163,0500000US17037
3,11295,5669,5626,0500000US17037
4,11589,5719,5870,0500000US17037
5,7661,3648,4013,0500000US17037
6,3848,1672,2176,0500000US17037
7,1663,578,1085,0500000US17037
0,15769,7804,7965,0500000US17039
1,3699,1877,1822,0500000US17039
2,4479,2269,2210,0500000US17039
3,2125,1079,1046,0500000US17039
4,2435,1240,1195,0500000US17039
5,1718,810,908,0500000US17039
6,939,395,544,0500000US17039
7,374,134,240,0500000US17039
0,19479,9620,9859,0500000US17041
1,5286,2696,2590,0500000US17041
2,5735,2877,2858,0500000US17041
3,2258,1145,1113,0500000US17041
4,2676,1327,1349,0500000US17041
5,1897,931,966,0500000US17041
6,1138,466,672,0500000US17041
7,489,178,311,0500000US17041
0,928589,456211,472378,0500000US17043
1,233362,119427,113935,0500000US17043
2,295421,149315,146106,0500000US17043
3,125712,61111,64601,0500000US17043
4,130156,62697,67459,0500000US17043
5,85121,40160,44961,0500000US17043
6,40111,17381,22730,0500000US17043
7,18706,6120,12586,0500000US17043
0,17360,8510,8850,0500000US17045
1,3895,1992,1903,0500000US17045
2,4788,2393,2395,0500000US17045
3,2189,1119,1070,0500000US17045
4,2711,1355,1356,0500000US17045
5,2079,1002,1077,0500000US17045
6,1160,470,690,0500000US17045
7,538,179,359,0500000US17045
0,6392,3149,3243,0500000US17047
1,1554,792,762,0500000US17047
2,1702,854,848,0500000US17047
3,835,442,393,0500000US17047
4,926,469,457,0500000US17047
5,755,359,396,0500000US17047
6,424,168,256,0500000US17047
7,196,65,131,0500000US17047
0,34208,17043,17165,0500000US17049
1,8821,4502,4319,0500000US17049
2,10314,5370,4944,0500000US17049
3,4089,2037,2052,0500000US17049
4,4941,2480,2461,0500000US17049
5,3282,1578,1704,0500000US17049
6,1924,801,1123,0500000US17049
7,837,275,562,0500000US17049
0,21416,11304,10112,0500000US17051
1,5000,2607,2393,0500000US17051
2,6696,3847,2849,0500000US17051
3,2728,1499,1229,0500000US17051
4,2926,1498,1428,0500000US17051
5,2225,1069,1156,0500000US17051
6,1272,568,704,0500000US17051
7,569,216,353,0500000US17051
0,13264,6556,6708,0500000US17053
1,3330,1740,1590,0500000US17053
2,3805,1956,1849,0500000US17053
3,1624,806,818,0500000US17053
4,2018,984,1034,0500000US17053
5,1232,617,615,0500000US17053
6,797,334,463,0500000US17053
7,458,119,339,0500000US17053
0,38701,19092,19609,0500000US17055
1,9376,4916,4460,0500000US17055
2,10968,5473,5495,0500000US17055
3,5022,2519,2503,0500000US17055
4,5403,2665,2738,0500000US17055
5,4434,2096,2338,0500000US17055
6,2547,1106,1441,0500000US17055
7,951,317,634,0500000US17055
0,34844,18133,16711,0500000US17057
1,7593,3895,3698,0500000US17057
2,10630,6137,4493,0500000US17057
3,4511,2443,2068,0500000US17057
4,4923,2435,2488,0500000US17057
5,3939,1900,2039,0500000US17057
6,2200,964,1236,0500000US17057
7,1048,359,689,0500000US17057
0,5058,2470,2588,0500000US17059
1,1146,573,573,0500000US17059
2,1361,683,678,0500000US17059
3,660,350,310,0500000US17059
4,713,339,374,0500000US17059
5,665,305,360,0500000US17059
6,414,186,228,0500000US17059
7,99,34,65,0500000US17059
0,13044,6566,6478,0500000US17061
1,3021,1543,1478,0500000US17061
2,3768,2004,1764,0500000US17061
3,1736,885,851,0500000US17061
4,1968,995,973,0500000US17061
5,1409,670,739,0500000US17061
6,809,340,469,0500000US17061
7,333,129,204,0500000US17061
0,50972,25422,25550,0500000US17063
1,14094,7284,6810,0500000US17063
2,16362,8219,8143,0500000US17063
3,6843,3434,3409,0500000US17063
4,6500,3236,3264,0500000US17063
5,4250,2045,2205,0500000US17063
6,2132,959,1173,0500000US17063
7,791,245,546,0500000US17063
0,8163,3992,4171,0500000US17065
1,1950,973,977,0500000US17065
2,2228,1124,1104,0500000US17065
3,989,507,482,0500000US17065
4,1213,602,611,0500000US17065
5,945,470,475,0500000US17065
6,597,263,334,0500000US17065
7,241,53,188,0500000US17065
0,17844,8850,8994,0500000US17067
1,4071,2107,1964,0500000US17067
2,4722,2423,2299,0500000US17067
3,2138,1087,1051,0500000US17067
4,2779,1385,1394,0500000US17067
5,2236,1061,1175,0500000US17067
6,1306,583,723,0500000US17067
7,592,204,388,0500000US17067
0,3910,1984,1926,0500000US17069
1,784,406,378,0500000US17069
2,939,477,462,0500000US17069
3,548,288,260,0500000US17069
4,634,307,327,0500000US17069
5,595,294,301,0500000US17069
6,309,160,149,0500000US17069
7,101,52,49,0500000US17069
0,6709,3276,3433,0500000US17071
1,1331,673,658,0500000US17071
2,1655,843,812,0500000US17071
3,848,396,452,0500000US17071
4,1189,595,594,0500000US17071
5,895,450,445,0500000US17071
6,550,242,308,0500000US17071
7,241,77,164,0500000US17071
0,49090,24469,24621,0500000US17073
1,12044,6344,5700,0500000US17073
2,13717,6997,6720,0500000US17073
3,6095,2982,3113,0500000US17073
4,7253,3585,3668,0500000US17073
5,5598,2731,2867,0500000US17073
6,3039,1365,1674,0500000US17073
7,1344,465,879,0500000US17073
0,27604,13561,14043,0500000US17075
1,6577,3342,3235,0500000US17075
2,7431,3778,3653,0500000US17075
3,3384,1667,1717,0500000US17075
4,4260,2080,2180,0500000US17075
5,3151,1537,1614,0500000US17075
6,1916,854,1062,0500000US17075
7,885,303,582,0500000US17075
0,57419,28550,28869,0500000US17077
1,13335,6853,6482,0500000US17077
2,22966,11817,11149,0500000US17077
3,5570,2779,2791,0500000US17077
4,6531,3127,3404,0500000US17077
5,5160,2464,2696,0500000US17077
6,2536,1065,1471,0500000US17077
7,1321,445,876,0500000US17077
0,9611,4808,4803,0500000US17079
1,2408,1233,1175,0500000US17079
2,2625,1339,1286,0500000US17079
3,1208,576,632,0500000US17079
4,1508,785,723,0500000US17079
5,1044,509,535,0500000US17079
6,535,256,279,0500000US17079
7,283,110,173,0500000US17079
0,37820,19447,18373,0500000US17081
1,9142,4719,4423,0500000US17081
2,11568,6389,5179,0500000US17081
3,4813,2541,2272,0500000US17081
4,5058,2510,2548,0500000US17081
5,4118,1977,2141,0500000US17081
6,2168,997,1171,0500000US17081
7,953,314,639,0500000US17081
0,21847,10677,11170,0500000US17083
1,5046,2521,2525,0500000US17083
2,6219,3129,3090,0500000US17083
3,2886,1457,1429,0500000US17083
4,3436,1655,1781,0500000US17083
5,2326,1105,1221,0500000US17083
6,1384,622,762,0500000US17083
7,550,188,362,0500000US17083
0,21366,10692,10674,0500000US17085
1,4408,2327,2081,0500000US17085
2,4981,2566,2415,0500000US17085
3,2497,1244,1253,0500000US17085
4,3476,1691,1785,0500000US17085
5,3499,1738,1761,0500000US17085
6,1813,873,940,0500000US17085
7,692,253,439,0500000US17085
0,12456,6797,5659,0500000US17087
1,2595,1370,1225,0500000US17087
2,3788,2344,1444,0500000US17087
3,1632,900,732,0500000US17087
4,1765,882,883,0500000US17087
5,1521,760,761,0500000US17087
6,872,428,444,0500000US17087
7,283,113,170,0500000US17087
0,534216,266050,268166,0500000US17089
1,150106,76811,73295,0500000US17089
2,169261,85863,83398,0500000US17089
3,74714,37367,37347,0500000US17089
4,67126,33197,33929,0500000US17089
5,44110,20757,23353,0500000US17089
6,20701,9183,11518,0500000US17089
7,8198,2872,5326,0500000US17089
0,110024,54154,55870,0500000US17091
1,28784,14620,14164,0500000US17091
2,34597,17252,17345,0500000US17091
3,13593,6718,6875,0500000US17091
4,14500,7145,7355,0500000US17091
5,10476,4936,5540,0500000US17091
6,5419,2387,3032,0500000US17091
7,2655,1096,1559,0500000US17091
0,127915,63410,64505,0500000US17093
1,39693,20397,19296,0500000US17093
2,44004,21741,22263,0500000US17093
3,18197,9203,8994,0500000US17093
4,12899,6275,6624,0500000US17093
5,8267,3811,4456,0500000US17093
6,3551,1533,2018,0500000US17093
7,1304,450,854,0500000US17093
0,50112,25273,24839,0500000US17095
1,11253,5758,5495,0500000US17095
2,15108,8258,6850,0500000US17095
3,5910,3004,2906,0500000US17095
4,7021,3430,3591,0500000US17095
5,5972,2816,3156,0500000US17095
6,3297,1473,1824,0500000US17095
7,1551,534,1017,0500000US17095
0,700832,350273,350559,0500000US17097
1,190539,98280,92259,0500000US17097
2,216421,111367,105054,0500000US17097
3,98411,48469,49942,0500000US17097
4,95651,46861,48790,0500000US17097
5,59397,28465,30932,0500000US17097
6,27762,12278,15484,0500000US17097
7,12651,4553,8098,0500000US17097
0,109430,55226,54204,0500000US17099
1,25964,13336,12628,0500000US17099
2,32331,17166,15165,0500000US17099
3,13979,7068,6911,0500000US17099
4,16439,8297,8142,0500000US17099
5,11328,5532,5796,0500000US17099
6,6337,2789,3548,0500000US17099
7,3052,1038,2014,0500000US17099
0,15765,8836,6929,0500000US17101
1,3241,1717,1524,0500000US17101
2,5689,3750,1939,0500000US17101
3,1991,1161,830,0500000US17101
4,2096,1018,1078,0500000US17101
5,1478,706,772,0500000US17101
6,883,354,529,0500000US17101
7,387,130,257,0500000US17101
0,34223,18173,16050,0500000US17103
1,7429,3786,3643,0500000US17103
2,10350,6021,4329,0500000US17103
3,4559,2462,2097,0500000US17103
4,5177,2757,2420,0500000US17103
5,3774,1896,1878,0500000US17103
6,1993,921,1072,0500000US17103
7,941,330,611,0500000US17103
0,35761,17935,17826,0500000US17105
1,8433,4442,3991,0500000US17105
2,10813,5597,5216,0500000US17105
3,4421,2247,2174,0500000US17105
4,5226,2607,2619,0500000US17105
5,3647,1747,1900,0500000US17105
6,2070,916,1154,0500000US17105
7,1151,379,772,0500000US17105
0,28925,14685,14240,0500000US17107
1,6477,3343,3134,0500000US17107
2,9857,5386,4471,0500000US17107
3,3455,1774,1681,0500000US17107
4,3851,1910,1941,0500000US17107
5,2799,1322,1477,0500000US17107
6,1654,677,977,0500000US17107
7,832,273,559,0500000US17107
0,29955,14674,15281,0500000US17109
1,7037,3423,3614,0500000US17109
2,11090,5714,5376,0500000US17109
3,2925,1454,1471,0500000US17109
4,3619,1765,1854,0500000US17109
5,2927,1416,1511,0500000US17109
6,1502,654,848,0500000US17109
7,855,248,607,0500000US17109
0,308570,153614,154956,0500000US17111
1,80022,41064,38958,0500000US17111
2,92050,46748,45302,0500000US17111
3,46527,22971,23556,0500000US17111
4,44947,22365,22582,0500000US17111
5,27462,13080,14382,0500000US17111
6,12886,5749,7137,0500000US17111
7,4676,1637,3039,0500000US17111
0,172828,83968,88860,0500000US17113
1,45540,22433,23107,0500000US17113
2,64901,32166,32735,0500000US17113
3,19600,9657,9943,0500000US17113
4,19927,9587,10340,0500000US17113
5,13339,6314,7025,0500000US17113
6,6467,2781,3686,0500000US17113
7,3054,1030,2024,0500000US17113
0,104712,50158,54554,0500000US17115
1,25889,13205,12684,0500000US17115
2,30915,14759,16156,0500000US17115
3,12110,5860,6250,0500000US17115
4,14838,7161,7677,0500000US17115
5,11544,5382,6162,0500000US17115
6,6250,2741,3509,0500000US17115
7,3166,1050,2116,0500000US17115
0,45313,22409,22904,0500000US17117
1,10654,5566,5088,0500000US17117
2,12855,6457,6398,0500000US17117
3,5784,2875,2909,0500000US17117
4,7014,3475,3539,0500000US17117
5,5085,2440,2645,0500000US17117
6,2674,1163,1511,0500000US17117
7,1247,433,814,0500000US17117
0,264461,128768,135693,0500000US17119
1,63818,32832,30986,0500000US17119
2,83010,40933,42077,0500000US17119
3,34038,16722,17316,0500000US17119
4,38110,18671,19439,0500000US17119
5,25624,11819,13805,0500000US17119
6,13704,5790,7914,0500000US17119
7,6157,2001,4156,0500000US17119
0,37620,18393,19227,0500000US17121
1,9463,4816,4647,0500000US17121
2,10738,5403,5335,0500000US17121
3,4544,2269,2275,0500000US17121
4,5467,2616,2851,0500000US17121
5,4030,1906,2124,0500000US17121
6,2312,1004,1308,0500000US17121
7,1066,379,687,0500000US17121
0,11534,5725,5809,0500000US17123
1,2515,1304,1211,0500000US17123
2,3045,1570,1475,0500000US17123
3,1453,716,737,0500000US17123
4,1815,904,911,0500000US17123
5,1449,707,742,0500000US17123
6,852,376,476,0500000US17123
7,405,148,257,0500000US17123
0,13565,6689,6876,0500000US17125
1,3103,1538,1565,0500000US17125
2,3647,1856,1791,0500000US17125
3,1752,909,843,0500000US17125
4,2052,997,1055,0500000US17125
5,1651,821,830,0500000US17125
6,935,444,491,0500000US17125
7,425,124,301,0500000US17125
0,14080,6743,7337,0500000US17127
1,3378,1683,1695,0500000US17127
2,3771,1826,1945,0500000US17127
3,1876,946,930,0500000US17127
4,2098,1000,1098,0500000US17127
5,1516,702,814,0500000US17127
6,942,412,530,0500000US17127
7,499,174,325,0500000US17127
0,12288,5989,6299,0500000US17129
1,2949,1486,1463,0500000US17129
2,3490,1730,1760,0500000US17129
3,1582,770,812,0500000US17129
4,1889,935,954,0500000US17129
5,1382,651,731,0500000US17129
6,685,308,377,0500000US17129
7,311,109,202,0500000US17129
0,15601,7792,7809,0500000US17131
1,3654,1834,1820,0500000US17131
2,4193,2176,2017,0500000US17131
3,2027,992,1035,0500000US17131
4,2347,1192,1155,0500000US17131
5,1848,912,936,0500000US17131
6,1049,489,560,0500000US17131
7,483,197,286,0500000US17131
0,34335,17058,17277,0500000US17133
1,8312,4300,4012,0500000US17133
2,9814,4995,4819,0500000US17133
3,4694,2253,2441,0500000US17133
4,5415,2710,2705,0500000US17133
5,3380,1695,1685,0500000US17133
6,1808,784,1024,0500000US17133
7,912,321,591,0500000US17133
0,28601,14983,13618,0500000US17135
1,6289,3214,3075,0500000US17135
2,8678,5102,3576,0500000US17135
3,3700,2001,1699,0500000US17135
4,4170,2089,2081,0500000US17135
5,3021,1502,1519,0500000US17135
6,1802,771,1031,0500000US17135
7,941,304,637,0500000US17135
0,33976,17247,16729,0500000US17137
1,7463,3911,3552,0500000US17137
2,10729,5846,4883,0500000US17137
3,4170,2144,2026,0500000US17137
4,4815,2381,2434,0500000US17137
5,3713,1766,1947,0500000US17137
6,2085,898,1187,0500000US17137
7,1001,301,700,0500000US17137
0,14717,7204,7513,0500000US17139
1,4045,2093,1952,0500000US17139
2,4227,2107,2120,0500000US17139
3,1706,850,856,0500000US17139
4,1957,941,1016,0500000US17139
5,1510,718,792,0500000US17139
6,800,353,447,0500000US17139
7,472,142,330,0500000US17139
0,50923,25292,25631,0500000US17141
1,12613,6401,6212,0500000US17141
2,14421,7298,7123,0500000US17141
3,6810,3432,3378,0500000US17141
4,7532,3767,3765,0500000US17141
5,5357,2609,2748,0500000US17141
6,3020,1379,1641,0500000US17141
7,1170,406,764,0500000US17141
0,180621,87517,93104,0500000US17143
1,47421,24250,23171,0500000US17143
2,57792,28516,29276,0500000US17143
3,21515,10513,11002,0500000US17143
4,23077,10805,12272,0500000US17143
5,17568,8167,9401,0500000US17143
6,8974,3880,5094,0500000US17143
7,4274,1386,2888,0500000US17143
0,21174,11659,9515,0500000US17145
1,4612,2440,2172,0500000US17145
2,7082,4476,2606,0500000US17145
3,2697,1509,1188,0500000US17145
4,2838,1458,1380,0500000US17145
5,2218,1044,1174,0500000US17145
6,1217,569,648,0500000US17145
7,510,163,347,0500000US17145
0,16396,8125,8271,0500000US17147
1,4027,2062,1965,0500000US17147
2,4604,2335,2269,0500000US17147
3,2013,990,1023,0500000US17147
4,2578,1264,1314,0500000US17147
5,1784,888,896,0500000US17147
6,1003,425,578,0500000US17147
7,387,161,226,0500000US17147
0,15611,7829,7782,0500000US17149
1,3816,1997,1819,0500000US17149
2,4354,2267,2087,0500000US17149
3,1920,998,922,0500000US17149
4,2250,1100,1150,0500000US17149
5,1722,859,863,0500000US17149
6,1063,466,597,0500000US17149
7,486,142,344,0500000US17149
0,4212,2178,2034,0500000US17151
1,648,390,258,0500000US17151
2,1014,527,487,0500000US17151
3,543,271,272,0500000US17151
4,829,403,426,0500000US17151
5,665,344,321,0500000US17151
6,367,187,180,0500000US17151
7,146,56,90,0500000US17151
0,5463,2655,2808,0500000US17153
1,1292,636,656,0500000US17153
2,1453,730,723,0500000US17153
3,625,311,314,0500000US17153
4,869,417,452,0500000US17153
5,701,327,374,0500000US17153
6,375,168,207,0500000US17153
7,148,66,82,0500000US17153
0,5740,2923,2817,0500000US17155
1,1261,661,600,0500000US17155
2,1514,795,719,0500000US17155
3,711,348,363,0500000US17155
4,956,496,460,0500000US17155
5,781,391,390,0500000US17155
6,394,191,203,0500000US17155
7,123,41,82,0500000US17155
0,32106,17656,14450,0500000US17157
1,6812,3490,3322,0500000US17157
2,10536,6622,3914,0500000US17157
3,4172,2455,1717,0500000US17157
4,4614,2472,2142,0500000US17157
5,3214,1554,1660,0500000US17157
6,1822,763,1059,0500000US17157
7,936,300,636,0500000US17157
0,15763,7799,7964,0500000US17159
1,3957,2053,1904,0500000US17159
2,4415,2263,2152,0500000US17159
3,1874,923,951,0500000US17159
4,2289,1129,1160,0500000US17159
5,1579,761,818,0500000US17159
6,1088,486,602,0500000US17159
7,561,184,377,0500000US17159
0,143477,70680,72797,0500000US17161
1,35622,18269,17353,0500000US17161
2,43603,22185,21418,0500000US17161
3,16758,8462,8296,0500000US17161
4,19822,9607,10215,0500000US17161
5,15415,7195,8220,0500000US17161
6,8466,3689,4777,0500000US17161
7,3791,1273,2518,0500000US17161
0,261059,125939,135120,0500000US17163
1,66934,34420,32514,0500000US17163
2,83078,40586,42492,0500000US17163
3,33331,15789,17542,0500000US17163
4,36455,17376,19079,0500000US17163
5,23810,11045,12765,0500000US17163
6,11858,4885,6973,0500000US17163
7,5593,1838,3755,0500000US17163
0,23906,11799,12107,0500000US17165
1,5685,3073,2612,0500000US17165
2,6852,3403,3449,0500000US17165
3,3142,1559,1583,0500000US17165
4,3382,1616,1766,0500000US17165
5,2684,1282,1402,0500000US17165
6,1525,643,882,0500000US17165
7,636,223,413,0500000US17165
0,195348,93741,101607,0500000US17167
1,47743,24454,23289,0500000US17167
2,59940,29088,30852,0500000US17167
3,25005,12170,12835,0500000US17167
4,27773,13173,14600,0500000US17167
5,20471,9320,11151,0500000US17167
6,9856,4115,5741,0500000US17167
7,4560,1421,3139,0500000US17167
0,6907,3624,3283,0500000US17169
1,1380,680,700,0500000US17169
2,1913,1090,823,0500000US17169
3,1012,565,447,0500000US17169
4,1028,541,487,0500000US17169
5,891,468,423,0500000US17169
6,472,207,265,0500000US17169
7,211,73,138,0500000US17169
0,4926,2434,2492,0500000US17171
1,1157,609,548,0500000US17171
2,1323,649,674,0500000US17171
3,669,330,339,0500000US17171
4,798,414,384,0500000US17171
5,502,229,273,0500000US17171
6,343,161,182,0500000US17171
7,134,42,92,0500000US17171
0,21741,10815,10926,0500000US17173
1,5067,2621,2446,0500000US17173
2,5807,2949,2858,0500000US17173
3,2705,1357,1348,0500000US17173
4,3265,1617,1648,0500000US17173
5,2727,1304,1423,0500000US17173
6,1469,710,759,0500000US17173
7,701,257,444,0500000US17173
0,5427,2687,2740,0500000US17175
1,1290,621,669,0500000US17175
2,1437,752,685,0500000US17175
3,668,330,338,0500000US17175
4,822,417,405,0500000US17175
5,651,326,325,0500000US17175
6,398,195,203,0500000US17175
7,161,46,115,0500000US17175
0,44753,21756,22997,0500000US17177
1,10460,5324,5136,0500000US17177
2,11655,5759,5896,0500000US17177
3,5611,2813,2798,0500000US17177
4,6855,3356,3499,0500000US17177
5,5395,2571,2824,0500000US17177
6,3171,1412,1759,0500000US17177
7,1606,521,1085,0500000US17177
0,132328,65040,67288,0500000US17179
1,32599,16568,16031,0500000US17179
2,39883,20360,19523,0500000US17179
3,16699,8287,8412,0500000US17179
4,18316,8873,9443,0500000US17179
5,13790,6472,7318,0500000US17179
6,7450,3236,4214,0500000US17179
7,3591,1244,2347,0500000US17179
0,16841,8439,8402,0500000US17181
1,3874,1967,1907,0500000US17181
2,4720,2457,2263,0500000US17181
3,2174,1088,1086,0500000US17181
4,2476,1243,1233,0500000US17181
5,1988,975,1013,0500000US17181
6,1179,553,626,0500000US17181
7,430,156,274,0500000US17181
0,76806,38221,38585,0500000US17183
1,19774,10187,9587,0500000US17183
2,22298,11568,10730,0500000US17183
3,9148,4532,4616,0500000US17183
4,10730,5288,5442,0500000US17183
5,8271,3880,4391,0500000US17183
6,4652,2057,2595,0500000US17183
7,1933,709,1224,0500000US17183
0,11549,5824,5725,0500000US17185
1,2845,1530,1315,0500000US17185
2,3280,1719,1561,0500000US17185
3,1285,626,659,0500000US17185
4,1752,848,904,0500000US17185
5,1310,660,650,0500000US17185
6,702,313,389,0500000US17185
7,375,128,247,0500000US17185
0,17032,8397,8635,0500000US17187
1,4474,2277,2197,0500000US17187
2,4984,2533,2451,0500000US17187
3,1907,955,952,0500000US17187
4,2340,1143,1197,0500000US17187
5,1825,878,947,0500000US17187
6,1075,484,591,0500000US17187
7,427,127,300,0500000US17187
0,13995,6988,7007,0500000US17189
1,3262,1627,1635,0500000US17189
2,3933,1998,1935,0500000US17189
3,1793,904,889,0500000US17189
4,2192,1127,1065,0500000US17189
5,1501,767,734,0500000US17189
6,897,396,501,0500000US17189
7,417,169,248,0500000US17189
0,16332,8036,8296,0500000US17191
1,4036,2023,2013,0500000US17191
2,4449,2235,2214,0500000US17191
3,1977,981,996,0500000US17191
4,2353,1200,1153,0500000US17191
5,1867,894,973,0500000US17191
6,1198,545,653,0500000US17191
7,452,158,294,0500000US17191
0,13665,6732,6933,0500000US17193
1,3222,1648,1574,0500000US17193
2,3731,1885,1846,0500000US17193
3,1642,835,807,0500000US17193
4,2117,1047,1070,0500000US17193
5,1507,711,796,0500000US17193
6,994,442,552,0500000US17193
7,452,164,288,0500000US17193
0,55626,27568,28058,0500000US17195
1,13448,6994,6454,0500000US17195
2,15230,7703,7527,0500000US17195
3,7090,3561,3529,0500000US17195
4,8258,4070,4188,0500000US17195
5,6385,3069,3316,0500000US17195
6,3499,1588,1911,0500000US17195
7,1716,583,1133,0500000US17195
0,692310,343551,348759,0500000US17197
1,190922,97785,93137,0500000US17197
2,220328,110856,109472,0500000US17197
3,103430,51424,52006,0500000US17197
4,87224,43149,44075,0500000US17197
5,54730,25746,28984,0500000US17197
6,25867,11240,14627,0500000US17197
7,9809,3351,6458,0500000US17197
0,67056,33319,33737,0500000US17199
1,15866,8171,7695,0500000US17199
2,20859,10776,10083,0500000US17199
3,8473,4261,4212,0500000US17199
4,9145,4473,4672,0500000US17199
5,7282,3407,3875,0500000US17199
6,4023,1732,2291,0500000US17199
7,1408,499,909,0500000US17199
0,284081,138635,145446,0500000US17201
1,73075,37374,35701,0500000US17201
2,86014,42361,43653,0500000US17201
3,36313,17928,18385,0500000US17201
4,38860,18897,19963,0500000US17201
5,28575,13462,15113,0500000US17201
6,14751,6411,8340,0500000US17201
7,6493,2202,4291,0500000US17201
0,38463,19189,19274,0500000US17203
1,10244,5365,4879,0500000US17203
2,11016,5541,5475,0500000US17203
3,4771,2385,2386,0500000US17203
4,5472,2738,2734,0500000US17203
5,3790,1888,1902,0500000US17203
6,2030,890,1140,0500000US17203
7,1140,382,758,0500000US17203
0,35636,17804,17832,0500000US18001
1,12037,6225,5812,0500000US18001
2,10091,5224,4867,0500000US18001
3,3856,1908,1948,0500000US18001
4,4128,2013,2115,0500000US18001
5,2977,1417,1560,0500000US18001
6,1643,706,937,0500000US18001
7,904,311,593,0500000US18001
0,375351,183463,191888,0500000US18003
1,105770,54056,51714,0500000US18003
2,122815,60655,62160,0500000US18003
3,45611,22443,23168,0500000US18003
4,46437,22378,24059,0500000US18003
5,32463,15069,17394,0500000US18003
6,15247,6583,8664,0500000US18003
7,7008,2279,4729,0500000US18003
0,82753,41627,41126,0500000US18005
1,21402,10881,10521,0500000US18005
2,27228,14423,12805,0500000US18005
3,10407,5330,5077,0500000US18005
4,10229,4981,5248,0500000US18005
5,7763,3655,4108,0500000US18005
6,4098,1798,2300,0500000US18005
7,1626,559,1067,0500000US18005
0,8653,4296,4357,0500000US18007
1,2341,1224,1117,0500000US18007
2,2446,1253,1193,0500000US18007
3,1099,546,553,0500000US18007
4,1224,590,634,0500000US18007
5,848,408,440,0500000US18007
6,489,213,276,0500000US18007
7,206,62,144,0500000US18007
0,11930,5889,6041,0500000US18009
1,2847,1489,1358,0500000US18009
2,3211,1612,1599,0500000US18009
3,1554,771,783,0500000US18009
4,1738,886,852,0500000US18009
5,1427,676,751,0500000US18009
6,852,358,494,0500000US18009
7,301,97,204,0500000US18009
0,66999,33331,33668,0500000US18011
1,19236,10063,9173,0500000US18011
2,20948,10443,10505,0500000US18011
3,9267,4606,4661,0500000US18011
4,8594,4219,4375,0500000US18011
5,5327,2535,2792,0500000US18011
6,2670,1139,1531,0500000US18011
7,957,326,631,0500000US18011
0,15234,7507,7727,0500000US18013
1,3017,1509,1508,0500000US18013
2,3684,1849,1835,0500000US18013
3,2162,1057,1105,0500000US18013
4,2703,1323,1380,0500000US18013
5,2327,1154,1173,0500000US18013
6,1022,495,527,0500000US18013
7,319,120,199,0500000US18013
0,20127,10117,10010,0500000US18015
1,4914,2532,2382,0500000US18015
2,5590,2847,2743,0500000US18015
3,2634,1380,1254,0500000US18015
4,3040,1545,1495,0500000US18015
5,2308,1107,1201,0500000US18015
6,1196,555,641,0500000US18015
7,445,151,294,0500000US18015
0,37955,18958,18997,0500000US18017
1,9640,4982,4658,0500000US18017
2,11248,5779,5469,0500000US18017
3,5003,2583,2420,0500000US18017
4,5311,2687,2624,0500000US18017
5,3749,1760,1989,0500000US18017
6,2094,858,1236,0500000US18017
7,910,309,601,0500000US18017
0,117360,57274,60086,0500000US18019
1,28760,14718,14042,0500000US18019
2,38531,19304,19227,0500000US18019
3,15748,7792,7956,0500000US18019
4,15797,7550,8247,0500000US18019
5,11328,5118,6210,0500000US18019
6,5274,2206,3068,0500000US18019
7,1922,586,1336,0500000US18019
0,26170,12930,13240,0500000US18021
1,6552,3325,3227,0500000US18021
2,7758,3905,3853,0500000US18021
3,3358,1678,1680,0500000US18021
4,3827,1905,1922,0500000US18021
5,2691,1305,1386,0500000US18021
6,1414,601,813,0500000US18021
7,570,211,359,0500000US18021
0,32250,16035,16215,0500000US18023
1,9194,4746,4448,0500000US18023
2,9518,4827,4691,0500000US18023
3,3899,2019,1880,0500000US18023
4,4260,2077,2183,0500000US18023
5,2923,1409,1514,0500000US18023
6,1606,685,921,0500000US18023
7,850,272,578,0500000US18023
0,10558,5371,5187,0500000US18025
1,2490,1261,1229,0500000US18025
2,2860,1468,1392,0500000US18025
3,1430,724,706,0500000US18025
4,1717,876,841,0500000US18025
5,1283,683,600,0500000US18025
6,608,301,307,0500000US18025
7,170,58,112,0500000US18025
0,33147,16701,16446,0500000US18027
1,10494,5405,5089,0500000US18027
2,9900,5160,4740,0500000US18027
3,3623,1841,1782,0500000US18027
4,4050,2027,2023,0500000US18027
5,2895,1401,1494,0500000US18027
6,1555,672,883,0500000US18027
7,630,195,435,0500000US18027
0,49568,24649,24919,0500000US18029
1,12225,6221,6004,0500000US18029
2,14106,7176,6930,0500000US18029
3,7022,3493,3529,0500000US18029
4,7436,3659,3777,0500000US18029
5,5330,2615,2715,0500000US18029
6,2559,1175,1384,0500000US18029
7,890,310,580,0500000US18029
0,26794,13306,13488,0500000US18031
1,7148,3668,3480,0500000US18031
2,8021,4039,3982,0500000US18031
3,3428,1745,1683,0500000US18031
4,3712,1858,1854,0500000US18031
5,2575,1235,1340,0500000US18031
6,1344,566,778,0500000US18031
7,566,195,371,0500000US18031
0,43226,21453,21773,0500000US18033
1,11434,5807,5627,0500000US18033
2,13226,6695,6531,0500000US18033
3,5624,2865,2759,0500000US18033
4,5923,2961,2962,0500000US18033
5,4162,1983,2179,0500000US18033
6,2039,878,1161,0500000US18033
7,818,264,554,0500000US18033
0,114772,55383,59389,0500000US18035
1,27507,13676,13831,0500000US18035
2,40700,20116,20584,0500000US18035
3,13101,6443,6658,0500000US18035
4,13792,6636,7156,0500000US18035
5,10905,4911,5994,0500000US18035
6,6112,2666,3446,0500000US18035
7,2655,935,1720,0500000US18035
0,42565,21273,21292,0500000US18037
1,11227,5791,5436,0500000US18037
2,12164,6271,5893,0500000US18037
3,5472,2813,2659,0500000US18037
4,6272,3142,3130,0500000US18037
5,4123,1988,2135,0500000US18037
6,2278,945,1333,0500000US18037
7,1029,323,706,0500000US18037
0,205560,101597,103963,0500000US18039
1,61829,31524,30305,0500000US18039
2,64142,32329,31813,0500000US18039
3,25100,12552,12548,0500000US18039
4,24207,11885,12322,0500000US18039
5,17267,8075,9192,0500000US18039
6,8974,3919,5055,0500000US18039
7,4041,1313,2728,0500000US18039
0,23047,11381,11666,0500000US18041
1,5486,2830,2656,0500000US18041
2,6595,3274,3321,0500000US18041
3,3061,1595,1466,0500000US18041
4,3205,1526,1679,0500000US18041
5,2719,1295,1424,0500000US18041
6,1379,627,752,0500000US18041
7,602,234,368,0500000US18041
0,77781,37782,39999,0500000US18043
1,19371,9908,9463,0500000US18043
2,24332,11943,12389,0500000US18043
3,10410,5103,5307,0500000US18043
4,11119,5378,5741,0500000US18043
5,7593,3479,4114,0500000US18043
6,3537,1517,2020,0500000US18043
7,1419,454,965,0500000US18043
0,16351,8162,8189,0500000US18045
1,3936,2117,1819,0500000US18045
2,4574,2308,2266,0500000US18045
3,2190,1087,1103,0500000US18045
4,2369,1176,1193,0500000US18045
5,1797,872,925,0500000US18045
6,1054,464,590,0500000US18045
7,431,138,293,0500000US18045
0,22736,11357,11379,0500000US18047
1,5761,2960,2801,0500000US18047
2,6298,3160,3138,0500000US18047
3,3132,1600,1532,0500000US18047
4,3358,1712,1646,0500000US18047
5,2460,1217,1243,0500000US18047
6,1253,558,695,0500000US18047
7,474,150,324,0500000US18047
0,20092,10048,10044,0500000US18049
1,5158,2655,2503,0500000US18049
2,5706,2918,2788,0500000US18049
3,2434,1244,1190,0500000US18049
4,2874,1437,1437,0500000US18049
5,2236,1098,1138,0500000US18049
6,1235,538,697,0500000US18049
7,449,158,291,0500000US18049
0,33452,16739,16713,0500000US18051
1,8587,4475,4112,0500000US18051
2,9891,5015,4876,0500000US18051
3,4344,2219,2125,0500000US18051
4,4754,2382,2372,0500000US18051
5,3295,1581,1714,0500000US18051
6,1762,792,970,0500000US18051
7,819,275,544,0500000US18051
0,65936,31558,34378,0500000US18053
1,16246,8114,8132,0500000US18053
2,19855,9591,10264,0500000US18053
3,7938,3901,4037,0500000US18053
4,9223,4423,4800,0500000US18053
5,6983,3281,3702,0500000US18053
6,4085,1727,2358,0500000US18053
7,1606,521,1085,0500000US18053
0,32006,16020,15986,0500000US18055
1,7668,3937,3731,0500000US18055
2,8865,4524,4341,0500000US18055
3,4485,2274,2211,0500000US18055
4,4740,2405,2335,0500000US18055
5,3567,1727,1840,0500000US18055
6,1936,870,1066,0500000US18055
7,745,283,462,0500000US18055
0,330086,161345,168741,0500000US18057
1,96767,49422,47345,0500000US18057
2,105907,51521,54386,0500000US18057
3,48056,23708,24348,0500000US18057
4,38494,18543,19951,0500000US18057
5,25027,11674,13353,0500000US18057
6,11270,4867,6403,0500000US18057
7,4565,1610,2955,0500000US18057
0,76351,37563,38788,0500000US18059
1,19554,9998,9556,0500000US18059
2,23209,11611,11598,0500000US18059
3,10710,5249,5461,0500000US18059
4,10473,5089,5384,0500000US18059
5,7467,3490,3977,0500000US18059
6,3644,1649,1995,0500000US18059
7,1294,477,817,0500000US18059
0,40350,20163,20187,0500000US18061
1,9948,5149,4799,0500000US18061
2,11732,5952,5780,0500000US18061
3,5495,2783,2712,0500000US18061
4,6033,2973,3060,0500000US18061
5,4313,2087,2226,0500000US18061
6,2035,928,1107,0500000US18061
7,794,291,503,0500000US18061
0,167009,83558,83451,0500000US18063
1,45685,23591,22094,0500000US18063
2,54453,27905,26548,0500000US18063
3,23018,11614,11404,0500000US18063
4,20712,10155,10557,0500000US18063
5,13974,6546,7428,0500000US18063
6,6731,2880,3851,0500000US18063
7,2436,867,1569,0500000US18063
0,48271,25099,23172,0500000US18065
1,10940,5697,5243,0500000US18065
2,14658,8249,6409,0500000US18065
3,6684,3625,3059,0500000US18065
4,6855,3455,3400,0500000US18065
5,5173,2473,2700,0500000US18065
6,2871,1236,1635,0500000US18065
7,1090,364,726,0500000US18065
0,82366,39983,42383,0500000US18067
1,20411,10579,9832,0500000US18067
2,24029,11778,12251,0500000US18067
3,10363,5153,5210,0500000US18067
4,11507,5462,6045,0500000US18067
5,9020,4101,4919,0500000US18067
6,5051,2221,2830,0500000US18067
7,1985,689,1296,0500000US18067
0,36240,17873,18367,0500000US18069
1,8876,4517,4359,0500000US18069
2,11103,5640,5463,0500000US18069
3,4573,2298,2275,0500000US18069
4,5458,2691,2767,0500000US18069
5,3477,1647,1830,0500000US18069
6,1918,824,1094,0500000US18069
7,835,256,579,0500000US18069
0,44111,21987,22124,0500000US18071
1,11771,6100,5671,0500000US18071
2,13508,6882,6626,0500000US18071
3,5807,2998,2809,0500000US18071
4,5807,2816,2991,0500000US18071
5,4132,1934,2198,0500000US18071
6,2227,973,1254,0500000US18071
7,859,284,575,0500000US18071
0,33370,16601,16769,0500000US18073
1,8755,4492,4263,0500000US18073
2,9866,5013,4853,0500000US18073
3,4160,2057,2103,0500000US18073
4,4717,2347,2370,0500000US18073
5,3444,1669,1775,0500000US18073
6,1814,801,1013,0500000US18073
7,614,222,392,0500000US18073
0,20764,10348,10416,0500000US18075
1,5790,3001,2789,0500000US18075
2,5750,2953,2797,0500000US18075
3,2741,1342,1399,0500000US18075
4,2772,1401,1371,0500000US18075
5,2154,1025,1129,0500000US18075
6,1119,486,633,0500000US18075
7,438,140,298,0500000US18075
0,32208,15497,16711,0500000US18077
1,7511,3787,3724,0500000US18077
2,9960,4701,5259,0500000US18077
3,4240,2049,2191,0500000US18077
4,4701,2328,2373,0500000US18077
5,3470,1678,1792,0500000US18077
6,1685,745,940,0500000US18077
7,641,209,432,0500000US18077
0,27611,13837,13774,0500000US18079
1,6958,3564,3394,0500000US18079
2,8193,4187,4006,0500000US18079
3,4028,2048,1980,0500000US18079
4,3893,1983,1910,0500000US18079
5,2751,1279,1472,0500000US18079
6,1396,639,757,0500000US18079
7,392,137,255,0500000US18079
0,156225,77105,79120,0500000US18081
1,42322,21846,20476,0500000US18081
2,51760,25801,25959,0500000US18081
3,20390,10162,10228,0500000US18081
4,18984,9297,9687,0500000US18081
5,13289,6143,7146,0500000US18081
6,6962,2994,3968,0500000US18081
7,2518,862,1656,0500000US18081
0,36895,18682,18213,0500000US18083
1,9561,5021,4540,0500000US18083
2,11376,6128,5248,0500000US18083
3,4278,2175,2103,0500000US18083
4,5098,2521,2577,0500000US18083
5,3690,1748,1942,0500000US18083
6,2051,840,1211,0500000US18083
7,841,249,592,0500000US18083
0,79344,39656,39688,0500000US18085
1,20911,10648,10263,0500000US18085
2,24617,12673,11944,0500000US18085
3,9665,4821,4844,0500000US18085
4,10877,5411,5466,0500000US18085
5,7771,3782,3989,0500000US18085
6,3984,1795,2189,0500000US18085
7,1519,526,993,0500000US18085
0,39330,19980,19350,0500000US18087
1,13887,7249,6638,0500000US18087
2,11483,5894,5589,0500000US18087
3,4283,2192,2091,0500000US18087
4,4314,2112,2202,0500000US18087
5,3162,1565,1597,0500000US18087
6,1645,745,900,0500000US18087
7,556,223,333,0500000US18087
0,484411,234475,249936,0500000US18089
1,125186,63874,61312,0500000US18089
2,150754,74194,76560,0500000US18089
3,61350,29780,31570,0500000US18089
4,67017,31989,35028,0500000US18089
5,45996,21257,24739,0500000US18089
6,23441,9699,13742,0500000US18089
7,10667,3682,6985,0500000US18089
0,110007,56694,53313,0500000US18091
1,25897,13232,12665,0500000US18091
2,34616,19442,15174,0500000US18091
3,14415,7541,6874,0500000US18091
4,15387,7680,7707,0500000US18091
5,11822,5658,6164,0500000US18091
6,5624,2406,3218,0500000US18091
7,2246,735,1511,0500000US18091
0,45668,22625,23043,0500000US18093
1,10900,5641,5259,0500000US18093
2,12880,6558,6322,0500000US18093
3,6163,3129,3034,0500000US18093
4,6583,3219,3364,0500000US18093
5,5248,2508,2740,0500000US18093
6,2780,1217,1563,0500000US18093
7,1114,353,761,0500000US18093
0,129641,64792,64849,0500000US18095
1,31238,16194,15044,0500000US18095
2,40050,20791,19259,0500000US18095
3,17322,8837,8485,0500000US18095
4,17317,8474,8843,0500000US18095
5,13764,6384,7380,0500000US18095
6,7117,3121,3996,0500000US18095
7,2833,991,1842,0500000US18095
0,954670,460093,494577,0500000US18097
1,257636,131402,126234,0500000US18097
2,350264,169981,180283,0500000US18097
3,111797,54035,57762,0500000US18097
4,114615,53986,60629,0500000US18097
5,71590,32296,39294,0500000US18097
6,33217,13391,19826,0500000US18097
7,15551,5002,10549,0500000US18097
0,46248,23052,23196,0500000US18099
1,12698,6498,6200,0500000US18099
2,13123,6743,6380,0500000US18099
3,5838,2953,2885,0500000US18099
4,6328,3186,3142,0500000US18099
5,4597,2204,2393,0500000US18099
6,2506,1093,1413,0500000US18099
7,1158,375,783,0500000US18099
0,10217,5177,5040,0500000US18101
1,2483,1321,1162,0500000US18101
2,2824,1475,1349,0500000US18101
3,1320,653,667,0500000US18101
4,1562,804,758,0500000US18101
5,1182,552,630,0500000US18101
6,631,283,348,0500000US18101
7,215,89,126,0500000US18101
0,35567,19133,16434,0500000US18103
1,8278,4311,3967,0500000US18103
2,11477,6837,4640,0500000US18103
3,4754,2631,2123,0500000US18103
4,4769,2428,2341,0500000US18103
5,3694,1837,1857,0500000US18103
6,1832,812,1020,0500000US18103
7,763,277,486,0500000US18103
0,146917,73034,73883,0500000US18105
1,34205,17384,16821,0500000US18105
2,64164,32898,31266,0500000US18105
3,14059,6974,7085,0500000US18105
4,15240,7262,7978,0500000US18105
5,11260,5265,5995,0500000US18105
6,5506,2366,3140,0500000US18105
7,2483,885,1598,0500000US18105
0,38346,19448,18898,0500000US18107
1,9876,5214,4662,0500000US18107
2,11228,5925,5303,0500000US18107
3,4934,2489,2445,0500000US18107
4,5434,2744,2690,0500000US18107
5,3737,1738,1999,0500000US18107
6,2255,1020,1235,0500000US18107
7,882,318,564,0500000US18107
0,70116,34819,35297,0500000US18109
1,17467,9056,8411,0500000US18109
2,19977,10042,9935,0500000US18109
3,10177,4995,5182,0500000US18109
4,10621,5376,5245,0500000US18109
5,7245,3389,3856,0500000US18109
6,3526,1562,1964,0500000US18109
7,1103,399,704,0500000US18109
0,14011,7073,6938,0500000US18111
1,3267,1649,1618,0500000US18111
2,3971,2083,1888,0500000US18111
3,1809,948,861,0500000US18111
4,2236,1144,1092,0500000US18111
5,1521,739,782,0500000US18111
6,896,412,484,0500000US18111
7,311,98,213,0500000US18111
0,47532,23825,23707,0500000US18113
1,12751,6520,6231,0500000US18113
2,14422,7352,7070,0500000US18113
3,6143,3130,3013,0500000US18113
4,6591,3353,3238,0500000US18113
5,4711,2319,2392,0500000US18113
6,1963,845,1118,0500000US18113
7,951,306,645,0500000US18113
0,5844,2894,2950,0500000US18115
1,1214,618,596,0500000US18115
2,1515,748,767,0500000US18115
3,796,419,377,0500000US18115
4,1028,508,520,0500000US18115
5,745,360,385,0500000US18115
6,428,201,227,0500000US18115
7,118,40,78,0500000US18115
0,19489,9719,9770,0500000US18117
1,4871,2569,2302,0500000US18117
2,5414,2731,2683,0500000US18117
3,2477,1258,1219,0500000US18117
4,2919,1444,1475,0500000US18117
5,2247,1055,1192,0500000US18117
6,1142,515,627,0500000US18117
7,419,147,272,0500000US18117
0,20845,10423,10422,0500000US18119
1,4845,2461,2384,0500000US18119
2,5638,2847,2791,0500000US18119
3,2924,1474,1450,0500000US18119
4,3419,1739,1680,0500000US18119
5,2489,1212,1277,0500000US18119
6,1169,555,614,0500000US18119
7,361,135,226,0500000US18119
0,16927,8000,8927,0500000US18121
1,3974,2096,1878,0500000US18121
2,5075,2145,2930,0500000US18121
3,2151,1018,1133,0500000US18121
4,2446,1178,1268,0500000US18121
5,1974,972,1002,0500000US18121
6,970,466,504,0500000US18121
7,337,125,212,0500000US18121
0,19102,10232,8870,0500000US18123
1,4380,2267,2113,0500000US18123
2,5982,3557,2425,0500000US18123
3,2391,1337,1054,0500000US18123
4,2759,1390,1369,0500000US18123
5,2096,1041,1055,0500000US18123
6,1005,464,541,0500000US18123
7,489,176,313,0500000US18123
0,12410,6187,6223,0500000US18125
1,2976,1484,1492,0500000US18125
2,3384,1724,1660,0500000US18125
3,1637,839,798,0500000US18125
4,1926,968,958,0500000US18125
5,1428,721,707,0500000US18125
6,782,361,421,0500000US18125
7,277,90,187,0500000US18125
0,169594,83930,85664,0500000US18127
1,41962,21632,20330,0500000US18127
2,53759,27150,26609,0500000US18127
3,22040,10943,11097,0500000US18127
4,24030,11567,12463,0500000US18127
5,16897,8161,8736,0500000US18127
6,7782,3443,4339,0500000US18127
7,3124,1034,2090,0500000US18127
0,25540,12755,12785,0500000US18129
1,6146,3163,2983,0500000US18129
2,7230,3682,3548,0500000US18129
3,3317,1647,1670,0500000US18129
4,4048,2067,1981,0500000US18129
5,2836,1385,1451,0500000US18129
6,1387,618,769,0500000US18129
7,576,193,383,0500000US18129
0,12469,6357,6112,0500000US18131
1,3048,1601,1447,0500000US18131
2,3503,1836,1667,0500000US18131
3,1635,794,841,0500000US18131
4,1840,955,885,0500000US18131
5,1363,673,690,0500000US18131
6,779,386,393,0500000US18131
7,301,112,189,0500000US18131
0,37779,19840,17939,0500000US18133
1,9033,4605,4428,0500000US18133
2,12674,7212,5462,0500000US18133
3,4822,2585,2237,0500000US18133
4,4987,2580,2407,0500000US18133
5,3528,1693,1835,0500000US18133
6,1964,865,1099,0500000US18133
7,771,300,471,0500000US18133
0,24851,12202,12649,0500000US18135
1,6266,3164,3102,0500000US18135
2,6764,3390,3374,0500000US18135
3,3235,1655,1580,0500000US18135
4,3541,1764,1777,0500000US18135
5,2732,1282,1450,0500000US18135
6,1602,709,893,0500000US18135
7,711,238,473,0500000US18135
0,28523,14128,14395,0500000US18137
1,7430,3845,3585,0500000US18137
2,8219,4108,4111,0500000US18137
3,3815,1876,1939,0500000US18137
4,3974,1959,2015,0500000US18137
5,2917,1436,1481,0500000US18137
6,1511,688,823,0500000US18137
7,657,216,441,0500000US18137
0,16663,8223,8440,0500000US18139
1,4167,2121,2046,0500000US18139
2,4696,2343,2353,0500000US18139
3,2277,1159,1118,0500000US18139
4,2467,1244,1223,0500000US18139
5,1691,791,900,0500000US18139
6,986,440,546,0500000US18139
7,379,125,254,0500000US18139
0,270771,131836,138935,0500000US18141
1,73176,37253,35923,0500000US18141
2,88368,43500,44868,0500000US18141
3,32029,15640,16389,0500000US18141
4,34415,16626,17789,0500000US18141
5,24635,11664,12971,0500000US18141
6,11850,5022,6828,0500000US18141
7,6298,2131,4167,0500000US18141
0,23878,11731,12147,0500000US18143
1,5907,2966,2941,0500000US18143
2,7220,3578,3642,0500000US18143
3,3357,1724,1633,0500000US18143
4,3419,1678,1741,0500000US18143
5,2391,1125,1266,0500000US18143
6,1238,523,715,0500000US18143
7,346,137,209,0500000US18143
0,44593,22146,22447,0500000US18145
1,11108,5737,5371,0500000US18145
2,13173,6701,6472,0500000US18145
3,6043,2972,3071,0500000US18145
4,6625,3303,3322,0500000US18145
5,4411,2138,2273,0500000US18145
6,2267,970,1297,0500000US18145
7,966,325,641,0500000US18145
0,20327,10232,10095,0500000US18147
1,4872,2485,2387,0500000US18147
2,5578,2862,2716,0500000US18147
3,2750,1401,1349,0500000US18147
4,3195,1613,1582,0500000US18147
5,2303,1141,1162,0500000US18147
6,1167,558,609,0500000US18147
7,462,172,290,0500000US18147
0,22935,11437,11498,0500000US18149
1,5722,2919,2803,0500000US18149
2,6503,3281,3222,0500000US18149
3,2970,1480,1490,0500000US18149
4,3474,1726,1748,0500000US18149
5,2549,1253,1296,0500000US18149
6,1372,633,739,0500000US18149
7,345,145,200,0500000US18149
0,34586,17560,17026,0500000US18151
1,8223,4260,3963,0500000US18151
2,9554,5057,4497,0500000US18151
3,4591,2310,2281,0500000US18151
4,5235,2646,2589,0500000US18151
5,4257,2084,2173,0500000US18151
6,2038,976,1062,0500000US18151
7,688,227,461,0500000US18151
0,20690,11241,9449,0500000US18153
1,4439,2389,2050,0500000US18153
2,6940,4210,2730,0500000US18153
3,2858,1599,1259,0500000US18153
4,2735,1396,1339,0500000US18153
5,2193,1041,1152,0500000US18153
6,1057,450,607,0500000US18153
7,468,156,312,0500000US18153
0,10717,5524,5193,0500000US18155
1,2883,1532,1351,0500000US18155
2,3017,1557,1460,0500000US18155
3,1462,758,704,0500000US18155
4,1500,758,742,0500000US18155
5,1080,571,509,0500000US18155
6,587,281,306,0500000US18155
7,188,67,121,0500000US18155
0,193048,98678,94370,0500000US18157
1,51915,26856,25059,0500000US18157
2,81496,43728,37768,0500000US18157
3,18799,9364,9435,0500000US18157
4,18367,8837,9530,0500000US18157
5,13101,6060,7041,0500000US18157
6,6406,2775,3631,0500000US18157
7,2964,1058,1906,0500000US18157
0,15128,7537,7591,0500000US18159
1,3485,1816,1669,0500000US18159
2,4075,2087,1988,0500000US18159
3,2108,1064,1044,0500000US18159
4,2304,1158,1146,0500000US18159
5,1780,865,915,0500000US18159
6,969,424,545,0500000US18159
7,407,123,284,0500000US18159
0,7037,3491,3546,0500000US18161
1,1584,835,749,0500000US18161
2,2007,1010,997,0500000US18161
3,1009,491,518,0500000US18161
4,1074,541,533,0500000US18161
5,815,387,428,0500000US18161
6,396,172,224,0500000US18161
7,152,55,97,0500000US18161
0,180974,87699,93275,0500000US18163
1,44143,22283,21860,0500000US18163
2,59708,29672,30036,0500000US18163
3,21201,10414,10787,0500000US18163
4,25349,12222,13127,0500000US18163
5,17237,8021,9216,0500000US18163
6,9023,3728,5295,0500000US18163
7,4313,1359,2954,0500000US18163
0,15479,7691,7788,0500000US18165
1,3751,1994,1757,0500000US18165
2,4344,2206,2138,0500000US18165
3,2057,1035,1022,0500000US18165
4,2225,1059,1166,0500000US18165
5,1805,881,924,0500000US18165
6,917,400,517,0500000US18165
7,380,116,264,0500000US18165
0,107386,54405,52981,0500000US18167
1,26172,13648,12524,0500000US18167
2,38078,20545,17533,0500000US18167
3,12563,6549,6014,0500000US18167
4,13056,6394,6662,0500000US18167
5,9992,4609,5383,0500000US18167
6,5208,1995,3213,0500000US18167
7,2317,665,1652,0500000US18167
0,31280,15158,16122,0500000US18169
1,7560,3784,3776,0500000US18169
2,8838,4426,4412,0500000US18169
3,3841,1887,1954,0500000US18169
4,4515,2245,2270,0500000US18169
5,3419,1608,1811,0500000US18169
6,2048,869,1179,0500000US18169
7,1059,339,720,0500000US18169
0,8263,4086,4177,0500000US18171
1,2020,993,1027,0500000US18171
2,2196,1099,1097,0500000US18171
3,1138,582,556,0500000US18171
4,1238,648,590,0500000US18171
5,919,438,481,0500000US18171
6,554,257,297,0500000US18171
7,198,69,129,0500000US18171
0,62567,30670,31897,0500000US18173
1,16298,8281,8017,0500000US18173
2,18172,9041,9131,0500000US18173
3,8434,4211,4223,0500000US18173
4,8716,4211,4505,0500000US18173
5,6518,3074,3444,0500000US18173
6,3126,1417,1709,0500000US18173
7,1303,435,868,0500000US18173
0,27943,13920,14023,0500000US18175
1,6986,3541,3445,0500000US18175
2,8222,4199,4023,0500000US18175
3,3883,1978,1905,0500000US18175
4,4086,2005,2081,0500000US18175
5,2909,1374,1535,0500000US18175
6,1362,637,725,0500000US18175
7,495,186,309,0500000US18175
0,65936,31937,33999,0500000US18177
1,16206,8205,8001,0500000US18177
2,19430,9757,9673,0500000US18177
3,8463,4157,4306,0500000US18177
4,9206,4444,4762,0500000US18177
5,6982,3165,3817,0500000US18177
6,3922,1662,2260,0500000US18177
7,1727,547,1180,0500000US18177
0,28206,13912,14294,0500000US18179
1,7552,3877,3675,0500000US18179
2,8024,4072,3952,0500000US18179
3,3424,1716,1708,0500000US18179
4,4042,1994,2048,0500000US18179
5,2857,1378,1479,0500000US18179
6,1533,635,898,0500000US18179
7,774,240,534,0500000US18179
0,24133,12010,12123,0500000US18181
1,6192,3183,3009,0500000US18181
2,6469,3325,3144,0500000US18181
3,3047,1522,1525,0500000US18181
4,3571,1730,1841,0500000US18181
5,2845,1399,1446,0500000US18181
6,1380,607,773,0500000US18181
7,629,244,385,0500000US18181
0,34074,16983,17091,0500000US18183
1,8581,4455,4126,0500000US18183
2,9932,5047,4885,0500000US18183
3,4316,2156,2160,0500000US18183
4,5121,2570,2551,0500000US18183
5,3638,1782,1856,0500000US18183
6,1691,735,956,0500000US18183
7,795,238,557,0500000US18183
0,7063,3509,3554,0500000US19001
1,1651,839,812,0500000US19001
2,1874,961,913,0500000US19001
3,806,408,398,0500000US19001
4,1129,592,537,0500000US19001
5,805,394,411,0500000US19001
6,483,195,288,0500000US19001
7,315,120,195,0500000US19001
0,3645,1825,1820,0500000US19003
1,844,436,408,0500000US19003
2,919,464,455,0500000US19003
3,411,199,212,0500000US19003
4,630,325,305,0500000US19003
5,447,234,213,0500000US19003
6,279,124,155,0500000US19003
7,115,43,72,0500000US19003
0,13832,7019,6813,0500000US19005
1,3519,1794,1725,0500000US19005
2,3472,1829,1643,0500000US19005
3,1572,795,777,0500000US19005
4,2126,1083,1043,0500000US19005
5,1748,885,863,0500000US19005
6,982,483,499,0500000US19005
7,413,150,263,0500000US19005
0,12437,6143,6294,0500000US19007
1,3015,1555,1460,0500000US19007
2,3201,1595,1606,0500000US19007
3,1492,771,721,0500000US19007
4,1906,956,950,0500000US19007
5,1541,732,809,0500000US19007
6,861,389,472,0500000US19007
7,421,145,276,0500000US19007
0,5506,2673,2833,0500000US19009
1,1229,619,610,0500000US19009
2,1344,673,671,0500000US19009
3,628,310,318,0500000US19009
4,943,479,464,0500000US19009
5,658,321,337,0500000US19009
6,437,199,238,0500000US19009
7,267,72,195,0500000US19009
0,25642,12785,12857,0500000US19011
1,6510,3269,3241,0500000US19011
2,6995,3588,3407,0500000US19011
3,3462,1710,1752,0500000US19011
4,3908,1991,1917,0500000US19011
5,2564,1261,1303,0500000US19011
6,1470,691,779,0500000US19011
7,733,275,458,0500000US19011
0,132408,65095,67313,0500000US19013
1,33355,16723,16632,0500000US19013
2,47415,23978,23437,0500000US19013
3,13784,6914,6870,0500000US19013
4,16135,7762,8373,0500000US19013
5,12353,5915,6438,0500000US19013
6,6280,2720,3560,0500000US19013
7,3086,1083,2003,0500000US19013
0,26346,13312,13034,0500000US19015
1,6146,3292,2854,0500000US19015
2,7943,4064,3879,0500000US19015
3,3318,1710,1608,0500000US19015
4,4085,2012,2073,0500000US19015
5,2805,1405,1400,0500000US19015
6,1350,603,747,0500000US19015
7,699,226,473,0500000US19015
0,24947,12348,12599,0500000US19017
1,6568,3389,3179,0500000US19017
2,7510,3769,3741,0500000US19017
3,2841,1434,1407,0500000US19017
4,3142,1546,1596,0500000US19017
5,2569,1252,1317,0500000US19017
6,1558,703,855,0500000US19017
7,759,255,504,0500000US19017
0,21199,10542,10657,0500000US19019
1,5993,3039,2954,0500000US19019
2,6001,3091,2910,0500000US19019
3,2499,1227,1272,0500000US19019
4,2920,1435,1485,0500000US19019
5,2121,1032,1089,0500000US19019
6,1159,545,614,0500000US19019
7,506,173,333,0500000US19019
0,19874,10095,9779,0500000US19021
1,5708,2908,2800,0500000US19021
2,6298,3329,2969,0500000US19021
3,2105,1065,1040,0500000US19021
4,2565,1310,1255,0500000US19021
5,1719,869,850,0500000US19021
6,926,419,507,0500000US19021
7,553,195,358,0500000US19021
0,14539,7257,7282,0500000US19023
1,3553,1844,1709,0500000US19023
2,3906,2017,1889,0500000US19023
3,1726,837,889,0500000US19023
4,2107,1070,1037,0500000US19023
5,1738,863,875,0500000US19023
6,966,423,543,0500000US19023
7,543,203,340,0500000US19023
0,9699,5005,4694,0500000US19025
1,2268,1172,1096,0500000US19025
2,2714,1553,1161,0500000US19025
3,1026,532,494,0500000US19025
4,1466,751,715,0500000US19025
5,1129,545,584,0500000US19025
6,701,319,382,0500000US19025
7,395,133,262,0500000US19025
0,20154,9924,10230,0500000US19027
1,5352,2735,2617,0500000US19027
2,5443,2754,2689,0500000US19027
3,2336,1186,1150,0500000US19027
4,2928,1456,1472,0500000US19027
5,2048,991,1057,0500000US19027
6,1297,539,758,0500000US19027
7,750,263,487,0500000US19027
0,12930,6368,6562,0500000US19029
1,3151,1646,1505,0500000US19029
2,3335,1704,1631,0500000US19029
3,1460,743,717,0500000US19029
4,1987,973,1014,0500000US19029
5,1537,726,811,0500000US19029
6,990,431,559,0500000US19029
7,470,145,325,0500000US19029
0,18627,9271,9356,0500000US19031
1,4484,2288,2196,0500000US19031
2,5205,2644,2561,0500000US19031
3,2379,1200,1179,0500000US19031
4,2889,1454,1435,0500000US19031
5,2001,995,1006,0500000US19031
6,1077,489,588,0500000US19031
7,592,201,391,0500000US19031
0,42647,20870,21777,0500000US19033
1,9831,5103,4728,0500000US19033
2,11835,6016,5819,0500000US19033
3,4976,2440,2536,0500000US19033
4,6719,3252,3467,0500000US19033
5,5017,2396,2621,0500000US19033
6,2744,1183,1561,0500000US19033
7,1525,480,1045,0500000US19033
0,11321,5692,5629,0500000US19035
1,2669,1382,1287,0500000US19035
2,2841,1481,1360,0500000US19035
3,1245,655,590,0500000US19035
4,1845,927,918,0500000US19035
5,1345,688,657,0500000US19035
6,824,352,472,0500000US19035
7,552,207,345,0500000US19035
0,11964,6055,5909,0500000US19037
1,3055,1565,1490,0500000US19037
2,3108,1607,1501,0500000US19037
3,1433,742,691,0500000US19037
4,1883,995,888,0500000US19037
5,1335,639,696,0500000US19037
6,786,371,415,0500000US19037
7,364,136,228,0500000US19037
0,9423,4772,4651,0500000US19039
1,2638,1381,1257,0500000US19039
2,2633,1376,1257,0500000US19039
3,1080,562,518,0500000US19039
4,1329,677,652,0500000US19039
5,962,471,491,0500000US19039
6,509,214,295,0500000US19039
7,272,91,181,0500000US19039
0,16134,7936,8198,0500000US19041
1,3987,2003,1984,0500000US19041
2,4588,2311,2277,0500000US19041
3,1810,926,884,0500000US19041
4,2405,1185,1220,0500000US19041
5,1704,823,881,0500000US19041
6,1021,485,536,0500000US19041
7,619,203,416,0500000US19041
0,17556,8885,8671,0500000US19043
1,4062,2112,1950,0500000US19043
2,4315,2226,2089,0500000US19043
3,2029,1070,959,0500000US19043
4,2977,1506,1471,0500000US19043
5,2246,1159,1087,0500000US19043
6,1272,589,683,0500000US19043
7,655,223,432,0500000US19043
0,46518,22844,23674,0500000US19045
1,11594,5923,5671,0500000US19045
2,12936,6411,6525,0500000US19045
3,5809,2907,2902,0500000US19045
4,7019,3459,3560,0500000US19045
5,4990,2410,2580,0500000US19045
6,2874,1304,1570,0500000US19045
7,1296,430,866,0500000US19045
0,17158,8767,8391,0500000US19047
1,4821,2465,2356,0500000US19047
2,5087,2702,2385,0500000US19047
3,1965,997,968,0500000US19047
4,2279,1207,1072,0500000US19047
5,1613,820,793,0500000US19047
6,916,419,497,0500000US19047
7,477,157,320,0500000US19047
0,90180,44496,45684,0500000US19049
1,26919,13719,13200,0500000US19049
2,32057,16018,16039,0500000US19049
3,11413,5755,5658,0500000US19049
4,8978,4331,4647,0500000US19049
5,6286,2904,3382,0500000US19049
6,3060,1301,1759,0500000US19049
7,1467,468,999,0500000US19049
0,9017,4462,4555,0500000US19051
1,2843,1389,1454,0500000US19051
2,2436,1256,1180,0500000US19051
3,967,487,480,0500000US19051
4,1158,595,563,0500000US19051
5,852,418,434,0500000US19051
6,518,233,285,0500000US19051
7,243,84,159,0500000US19051
0,7890,3940,3950,0500000US19053
1,2148,1092,1056,0500000US19053
2,2415,1262,1153,0500000US19053
3,739,371,368,0500000US19053
4,1004,492,512,0500000US19053
5,834,426,408,0500000US19053
6,484,204,280,0500000US19053
7,266,93,173,0500000US19053
0,17069,8611,8458,0500000US19055
1,4400,2253,2147,0500000US19055
2,4459,2295,2164,0500000US19055
3,2134,1093,1041,0500000US19055
4,2784,1399,1385,0500000US19055
5,1734,884,850,0500000US19055
6,1079,513,566,0500000US19055
7,479,174,305,0500000US19055
0,39138,19041,20097,0500000US19057
1,9599,4836,4763,0500000US19057
2,11056,5510,5546,0500000US19057
3,4734,2331,2403,0500000US19057
4,5599,2744,2855,0500000US19057
5,4456,2124,2332,0500000US19057
6,2488,1085,1403,0500000US19057
7,1206,411,795,0500000US19057
0,17153,8521,8632,0500000US19059
1,3593,1866,1727,0500000US19059
2,4324,2261,2063,0500000US19059
3,1953,960,993,0500000US19059
4,2798,1389,1409,0500000US19059
5,2552,1243,1309,0500000US19059
6,1291,568,723,0500000US19059
7,642,234,408,0500000US19059
0,96854,47863,48991,0500000US19061
1,25013,12775,12238,0500000US19061
2,29805,15225,14580,0500000US19061
3,11413,5736,5677,0500000US19061
4,13214,6525,6689,0500000US19061
5,9380,4524,4856,0500000US19061
6,5412,2268,3144,0500000US19061
7,2617,810,1807,0500000US19061
0,9253,4646,4607,0500000US19063
1,2183,1104,1079,0500000US19063
2,2639,1400,1239,0500000US19063
3,1010,516,494,0500000US19063
4,1442,742,700,0500000US19063
5,1043,506,537,0500000US19063
6,602,275,327,0500000US19063
7,334,103,231,0500000US19063
0,19660,9910,9750,0500000US19065
1,4686,2434,2252,0500000US19065
2,5387,2832,2555,0500000US19065
3,2300,1187,1113,0500000US19065
4,3060,1569,1491,0500000US19065
5,2192,1081,1111,0500000US19065
6,1370,585,785,0500000US19065
7,665,222,443,0500000US19065
0,15761,7793,7968,0500000US19067
1,3952,2031,1921,0500000US19067
2,4208,2129,2079,0500000US19067
3,1933,954,979,0500000US19067
4,2231,1106,1125,0500000US19067
5,1825,859,966,0500000US19067
6,1127,534,593,0500000US19067
7,485,180,305,0500000US19067
0,10124,5099,5025,0500000US19069
1,2554,1328,1226,0500000US19069
2,2666,1383,1283,0500000US19069
3,1177,590,587,0500000US19069
4,1602,808,794,0500000US19069
5,1106,558,548,0500000US19069
6,664,313,351,0500000US19069
7,355,119,236,0500000US19069
0,6993,3488,3505,0500000US19071
1,1697,890,807,0500000US19071
2,1764,906,858,0500000US19071
3,818,402,416,0500000US19071
4,1130,563,567,0500000US19071
5,874,428,446,0500000US19071
6,464,218,246,0500000US19071
7,246,81,165,0500000US19071
0,8981,4430,4551,0500000US19073
1,2289,1185,1104,0500000US19073
2,2298,1167,1131,0500000US19073
3,1049,548,501,0500000US19073
4,1362,648,714,0500000US19073
5,1040,515,525,0500000US19073
6,614,267,347,0500000US19073
7,329,100,229,0500000US19073
0,12304,6072,6232,0500000US19075
1,3083,1536,1547,0500000US19075
2,3409,1757,1652,0500000US19075
3,1465,744,721,0500000US19075
4,1778,890,888,0500000US19075
5,1311,618,693,0500000US19075
6,861,405,456,0500000US19075
7,397,122,275,0500000US19075
0,10720,5350,5370,0500000US19077
1,2639,1367,1272,0500000US19077
2,2704,1386,1318,0500000US19077
3,1317,656,661,0500000US19077
4,1653,834,819,0500000US19077
5,1321,662,659,0500000US19077
6,718,332,386,0500000US19077
7,368,113,255,0500000US19077
0,14952,7451,7501,0500000US19079
1,3711,1911,1800,0500000US19079
2,4127,2113,2014,0500000US19079
3,1807,943,864,0500000US19079
4,2242,1130,1112,0500000US19079
5,1623,788,835,0500000US19079
6,900,390,510,0500000US19079
7,542,176,366,0500000US19079
0,10712,5365,5347,0500000US19081
1,2560,1324,1236,0500000US19081
2,2851,1475,1376,0500000US19081
3,1181,589,592,0500000US19081
4,1713,854,859,0500000US19081
5,1279,661,618,0500000US19081
6,727,345,382,0500000US19081
7,401,117,284,0500000US19081
0,16868,8467,8401,0500000US19083
1,3862,2049,1813,0500000US19083
2,4633,2411,2222,0500000US19083
3,1965,992,973,0500000US19083
4,2692,1371,1321,0500000US19083
5,1864,914,950,0500000US19083
6,1184,495,689,0500000US19083
7,668,235,433,0500000US19083
0,14134,7065,7069,0500000US19085
1,3579,1819,1760,0500000US19085
2,3752,1939,1813,0500000US19085
3,1772,881,891,0500000US19085
4,2246,1150,1096,0500000US19085
5,1496,739,757,0500000US19085
6,854,394,460,0500000US19085
7,435,143,292,0500000US19085
0,20067,10349,9718,0500000US19087
1,4912,2545,2367,0500000US19087
2,6157,3420,2737,0500000US19087
3,2503,1286,1217,0500000US19087
4,2689,1385,1304,0500000US19087
5,2126,1031,1095,0500000US19087
6,1152,511,641,0500000US19087
7,528,171,357,0500000US19087
0,9187,4582,4605,0500000US19089
1,2462,1253,1209,0500000US19089
2,2416,1234,1182,0500000US19089
3,1050,531,519,0500000US19089
4,1341,681,660,0500000US19089
5,1003,507,496,0500000US19089
6,582,254,328,0500000US19089
7,333,122,211,0500000US19089
0,9547,4703,4844,0500000US19091
1,2405,1204,1201,0500000US19091
2,2545,1321,1224,0500000US19091
3,1051,531,520,0500000US19091
4,1491,723,768,0500000US19091
5,1021,501,520,0500000US19091
6,680,302,378,0500000US19091
7,354,121,233,0500000US19091
0,6841,3415,3426,0500000US19093
1,1786,943,843,0500000US19093
2,1797,916,881,0500000US19093
3,705,332,373,0500000US19093
4,1034,530,504,0500000US19093
5,787,402,385,0500000US19093
6,466,208,258,0500000US19093
7,266,84,182,0500000US19093
0,16141,8046,8095,0500000US19095
1,4078,2104,1974,0500000US19095
2,4467,2286,2181,0500000US19095
3,2016,1022,994,0500000US19095
4,2519,1256,1263,0500000US19095
5,1548,784,764,0500000US19095
6,985,423,562,0500000US19095
7,528,171,357,0500000US19095
0,19432,9698,9734,0500000US19097
1,4740,2437,2303,0500000US19097
2,5066,2633,2433,0500000US19097
3,2483,1211,1272,0500000US19097
4,3082,1560,1522,0500000US19097
5,2241,1108,1133,0500000US19097
6,1188,517,671,0500000US19097
7,632,232,400,0500000US19097
0,37147,18996,18151,0500000US19099
1,9096,4671,4425,0500000US19099
2,10945,6032,4913,0500000US19099
3,4717,2495,2222,0500000US19099
4,5280,2662,2618,0500000US19099
5,3828,1824,2004,0500000US19099
6,2175,938,1237,0500000US19099
7,1106,374,732,0500000US19099
0,18381,10127,8254,0500000US19101
1,3177,1621,1556,0500000US19101
2,6566,4298,2268,0500000US19101
3,1845,903,942,0500000US19101
4,2674,1352,1322,0500000US19101
5,2713,1350,1363,0500000US19101
6,928,430,498,0500000US19101
7,478,173,305,0500000US19101
0,151260,75011,76249,0500000US19103
1,38465,19097,19368,0500000US19103
2,65043,33166,31877,0500000US19103
3,15180,7602,7578,0500000US19103
4,14836,7168,7668,0500000US19103
5,10891,5187,5704,0500000US19103
6,4633,2030,2603,0500000US19103
7,2212,761,1451,0500000US19103
0,20744,10715,10029,0500000US19105
1,4847,2508,2339,0500000US19105
2,5915,3249,2666,0500000US19105
3,2633,1398,1235,0500000US19105
4,3076,1557,1519,0500000US19105
5,2287,1181,1106,0500000US19105
6,1325,608,717,0500000US19105
7,661,214,447,0500000US19105
0,10225,5201,5024,0500000US19107
1,2554,1385,1169,0500000US19107
2,2710,1406,1304,0500000US19107
3,1167,584,583,0500000US19107
4,1602,814,788,0500000US19107
5,1128,581,547,0500000US19107
6,680,298,382,0500000US19107
7,384,133,251,0500000US19107
0,14908,7507,7401,0500000US19109
1,3566,1867,1699,0500000US19109
2,3751,1929,1822,0500000US19109
3,1621,805,816,0500000US19109
4,2432,1287,1145,0500000US19109
5,1720,847,873,0500000US19109
6,1189,532,657,0500000US19109
7,629,240,389,0500000US19109
0,34055,17161,16894,0500000US19111
1,7972,4120,3852,0500000US19111
2,9696,5169,4527,0500000US19111
3,4273,2173,2100,0500000US19111
4,5197,2611,2586,0500000US19111
5,4034,1952,2082,0500000US19111
6,1981,847,1134,0500000US19111
7,902,289,613,0500000US19111
0,225909,111266,114643,0500000US19113
1,58333,29782,28551,0500000US19113
2,74871,37531,37340,0500000US19113
3,28308,14154,14154,0500000US19113
4,28695,14092,14603,0500000US19113
5,20429,9555,10874,0500000US19113
6,10581,4536,6045,0500000US19113
7,4692,1616,3076,0500000US19113
0,11169,5700,5469,0500000US19115
1,2781,1482,1299,0500000US19115
2,3298,1730,1568,0500000US19115
3,1396,723,673,0500000US19115
4,1629,815,814,0500000US19115
5,1157,595,562,0500000US19115
6,623,262,361,0500000US19115
7,285,93,192,0500000US19115
0,8645,4406,4239,0500000US19117
1,2174,1157,1017,0500000US19117
2,2232,1161,1071,0500000US19117
3,1035,539,496,0500000US19117
4,1322,657,665,0500000US19117
5,1018,521,497,0500000US19117
6,591,275,316,0500000US19117
7,273,96,177,0500000US19117
0,11811,5994,5817,0500000US19119
1,3610,1922,1688,0500000US19119
2,3307,1696,1611,0500000US19119
3,1257,653,604,0500000US19119
4,1497,762,735,0500000US19119
5,1092,547,545,0500000US19119
6,639,273,366,0500000US19119
7,409,141,268,0500000US19119
0,16249,8114,8135,0500000US19121
1,4405,2309,2096,0500000US19121
2,4502,2232,2270,0500000US19121
3,2324,1140,1184,0500000US19121
4,2258,1141,1117,0500000US19121
5,1570,779,791,0500000US19121
6,827,399,428,0500000US19121
7,363,114,249,0500000US19121
0,22000,11143,10857,0500000US19123
1,5935,3164,2771,0500000US19123
2,6552,3369,3183,0500000US19123
3,2467,1258,1209,0500000US19123
4,3019,1529,1490,0500000US19123
5,2193,1081,1112,0500000US19123
6,1194,537,657,0500000US19123
7,640,205,435,0500000US19123
0,33407,16705,16702,0500000US19125
1,9043,4657,4386,0500000US19125
2,9868,5064,4804,0500000US19125
3,4049,2045,2004,0500000US19125
4,4490,2245,2245,0500000US19125
5,3262,1594,1668,0500000US19125
6,1898,827,1071,0500000US19125
7,797,273,524,0500000US19125
0,39981,20231,19750,0500000US19127
1,11092,5755,5337,0500000US19127
2,11546,6042,5504,0500000US19127
3,4715,2421,2294,0500000US19127
4,5356,2679,2677,0500000US19127
5,3946,1952,1994,0500000US19127
6,2184,967,1217,0500000US19127
7,1142,415,727,0500000US19127
0,15063,7580,7483,0500000US19129
1,3881,2000,1881,0500000US19129
2,4067,2046,2021,0500000US19129
3,2039,1024,1015,0500000US19129
4,2302,1181,1121,0500000US19129
5,1738,861,877,0500000US19129
6,723,354,369,0500000US19129
7,313,114,199,0500000US19129
0,10569,5268,5301,0500000US19131
1,2734,1408,1326,0500000US19131
2,2765,1425,1340,0500000US19131
3,1236,611,625,0500000US19131
4,1598,826,772,0500000US19131
5,1076,525,551,0500000US19131
6,724,322,402,0500000US19131
7,436,151,285,0500000US19131
0,8679,4235,4444,0500000US19133
1,2093,1056,1037,0500000US19133
2,2165,1093,1072,0500000US19133
3,934,472,462,0500000US19133
4,1351,677,674,0500000US19133
5,1031,525,506,0500000US19133
6,699,301,398,0500000US19133
7,406,111,295,0500000US19133
0,7790,3858,3932,0500000US19135
1,2011,1016,995,0500000US19135
2,2104,1063,1041,0500000US19135
3,987,503,484,0500000US19135
4,1133,560,573,0500000US19135
5,874,425,449,0500000US19135
6,479,220,259,0500000US19135
7,202,71,131,0500000US19135
0,10003,4876,5127,0500000US19137
1,2504,1265,1239,0500000US19137
2,2571,1286,1285,0500000US19137
3,1210,595,615,0500000US19137
4,1574,785,789,0500000US19137
5,1138,570,568,0500000US19137
6,629,261,368,0500000US19137
7,377,114,263,0500000US19137
0,42929,21452,21477,0500000US19139
1,11689,5995,5694,0500000US19139
2,13055,6679,6376,0500000US19139
3,5235,2622,2613,0500000US19139
4,5805,2918,2887,0500000US19139
5,4189,2030,2159,0500000US19139
6,2042,895,1147,0500000US19139
7,914,313,601,0500000US19139
0,13840,6927,6913,0500000US19141
1,3595,1866,1729,0500000US19141
2,3822,2008,1814,0500000US19141
3,1482,759,723,0500000US19141
4,2082,1056,1026,0500000US19141
5,1373,679,694,0500000US19141
6,894,364,530,0500000US19141
7,592,195,397,0500000US19141
0,6040,3082,2958,0500000US19143
1,1565,834,731,0500000US19143
2,1499,804,695,0500000US19143
3,697,346,351,0500000US19143
4,980,514,466,0500000US19143
5,632,317,315,0500000US19143
6,434,182,252,0500000US19143
7,233,85,148,0500000US19143
0,15249,8051,7198,0500000US19145
1,3220,1754,1466,0500000US19145
2,4549,2649,1900,0500000US19145
3,1795,989,806,0500000US19145
4,2281,1126,1155,0500000US19145
5,1812,901,911,0500000US19145
6,1032,458,574,0500000US19145
7,560,174,386,0500000US19145
0,8929,4449,4480,0500000US19147
1,2273,1194,1079,0500000US19147
2,2455,1282,1173,0500000US19147
3,958,471,487,0500000US19147
4,1285,656,629,0500000US19147
5,976,476,500,0500000US19147
6,592,248,344,0500000US19147
7,390,122,268,0500000US19147
0,25095,12530,12565,0500000US19149
1,6852,3500,3352,0500000US19149
2,7028,3592,3436,0500000US19149
3,3038,1536,1502,0500000US19149
4,3566,1791,1775,0500000US19149
5,2520,1253,1267,0500000US19149
6,1381,628,753,0500000US19149
7,710,230,480,0500000US19149
0,6740,3354,3386,0500000US19151
1,1674,826,848,0500000US19151
2,1663,864,799,0500000US19151
3,724,366,358,0500000US19151
4,1127,580,547,0500000US19151
5,792,403,389,0500000US19151
6,515,222,293,0500000US19151
7,245,93,152,0500000US19151
0,487204,240245,246959,0500000US19153
1,132872,67628,65244,0500000US19153
2,172819,86923,85896,0500000US19153
3,60304,30208,30096,0500000US19153
4,57578,27805,29773,0500000US19153
5,38028,17559,20469,0500000US19153
6,17358,7367,9991,0500000US19153
7,8245,2755,5490,0500000US19153
0,93533,46030,47503,0500000US19155
1,24522,12657,11865,0500000US19155
2,27989,14053,13936,0500000US19155
3,11293,5594,5699,0500000US19155
4,13394,6452,6942,0500000US19155
5,9426,4487,4939,0500000US19155
6,4748,2018,2730,0500000US19155
7,2161,769,1392,0500000US19155
0,18699,9061,9638,0500000US19157
1,4607,2321,2286,0500000US19157
2,5580,2743,2837,0500000US19157
3,2054,1033,1021,0500000US19157
4,2571,1239,1332,0500000US19157
5,2044,994,1050,0500000US19157
6,1220,522,698,0500000US19157
7,623,209,414,0500000US19157
0,4968,2454,2514,0500000US19159
1,1274,674,600,0500000US19159
2,1208,616,592,0500000US19159
3,536,264,272,0500000US19159
4,731,361,370,0500000US19159
5,602,301,301,0500000US19159
6,368,167,201,0500000US19159
7,249,71,178,0500000US19159
0,9719,4791,4928,0500000US19161
1,2365,1209,1156,0500000US19161
2,2368,1212,1156,0500000US19161
3,1152,584,568,0500000US19161
4,1551,769,782,0500000US19161
5,1151,581,570,0500000US19161
6,692,310,382,0500000US19161
7,440,126,314,0500000US19161
0,173283,84974,88309,0500000US19163
1,45273,22865,22408,0500000US19163
2,55348,27604,27744,0500000US19163
3,21508,10702,10806,0500000US19163
4,23012,11187,11825,0500000US19163
5,16405,7925,8480,0500000US19163
6,7972,3397,4575,0500000US19163
7,3765,1294,2471,0500000US19163
0,11578,5725,5853,0500000US19165
1,2852,1489,1363,0500000US19165
2,2802,1377,1425,0500000US19165
3,1456,724,732,0500000US19165
4,1850,953,897,0500000US19165
5,1288,623,665,0500000US19165
6,812,366,446,0500000US19165
7,518,193,325,0500000US19165
0,34909,17575,17334,0500000US19167
1,10991,5614,5377,0500000US19167
2,10838,5631,5207,0500000US19167
3,3461,1786,1675,0500000US19167
4,4083,2053,2030,0500000US19167
5,2810,1393,1417,0500000US19167
6,1743,768,975,0500000US19167
7,983,330,653,0500000US19167
0,98105,51227,46878,0500000US19169
1,25236,13081,12155,0500000US19169
2,43916,24263,19653,0500000US19169
3,8146,4171,3975,0500000US19169
4,8995,4378,4617,0500000US19169
5,6647,3218,3429,0500000US19169
6,3483,1534,1949,0500000US19169
7,1682,582,1100,0500000US19169
0,16904,8471,8433,0500000US19171
1,4479,2328,2151,0500000US19171
2,4454,2271,2183,0500000US19171
3,2116,1078,1038,0500000US19171
4,2520,1261,1259,0500000US19171
5,1766,877,889,0500000US19171
6,1017,475,542,0500000US19171
7,552,181,371,0500000US19171
0,6191,3141,3050,0500000US19173
1,1597,865,732,0500000US19173
2,1660,837,823,0500000US19173
3,697,364,333,0500000US19173
4,868,417,451,0500000US19173
5,752,386,366,0500000US19173
6,403,186,217,0500000US19173
7,214,86,128,0500000US19173
0,12359,5991,6368,0500000US19175
1,3159,1579,1580,0500000US19175
2,3506,1730,1776,0500000US19175
3,1428,695,733,0500000US19175
4,1722,842,880,0500000US19175
5,1338,647,691,0500000US19175
6,818,363,455,0500000US19175
7,388,135,253,0500000US19175
0,7020,3613,3407,0500000US19177
1,1737,960,777,0500000US19177
2,1783,910,873,0500000US19177
3,834,436,398,0500000US19177
4,1090,545,545,0500000US19177
5,888,440,448,0500000US19177
6,497,240,257,0500000US19177
7,191,82,109,0500000US19177
0,35205,17539,17666,0500000US19179
1,8804,4483,4321,0500000US19179
2,10931,5729,5202,0500000US19179
3,4161,2120,2041,0500000US19179
4,4972,2381,2591,0500000US19179
5,3507,1672,1835,0500000US19179
6,1944,853,1091,0500000US19179
7,886,301,585,0500000US19179
0,51056,25173,25883,0500000US19181
1,14194,7337,6857,0500000US19181
2,15716,7791,7925,0500000US19181
3,6604,3243,3361,0500000US19181
4,6517,3190,3327,0500000US19181
5,4713,2271,2442,0500000US19181
6,2353,1023,1330,0500000US19181
7,959,318,641,0500000US19181
0,22141,10939,11202,0500000US19183
1,5982,3086,2896,0500000US19183
2,6203,3118,3085,0500000US19183
3,2664,1317,1347,0500000US19183
4,3020,1529,1491,0500000US19183
5,2319,1103,1216,0500000US19183
6,1261,573,688,0500000US19183
7,692,213,479,0500000US19183
0,6401,3146,3255,0500000US19185
1,1757,882,875,0500000US19185
2,1599,788,811,0500000US19185
3,653,334,319,0500000US19185
4,976,517,459,0500000US19185
5,691,345,346,0500000US19185
6,482,208,274,0500000US19185
7,243,72,171,0500000US19185
0,36277,18779,17498,0500000US19187
1,9208,4927,4281,0500000US19187
2,11169,6223,4946,0500000US19187
3,4029,2078,1951,0500000US19187
4,5217,2582,2635,0500000US19187
5,3652,1733,1919,0500000US19187
6,2068,899,1169,0500000US19187
7,934,337,597,0500000US19187
0,10518,5185,5333,0500000US19189
1,2632,1290,1342,0500000US19189
2,2894,1541,1353,0500000US19189
3,1172,589,583,0500000US19189
4,1557,776,781,0500000US19189
5,1156,579,577,0500000US19189
6,686,297,389,0500000US19189
7,421,113,308,0500000US19189
0,20029,9993,10036,0500000US19191
1,4776,2402,2374,0500000US19191
2,5796,2960,2836,0500000US19191
3,2256,1169,1087,0500000US19191
4,3057,1560,1497,0500000US19191
5,2180,1064,1116,0500000US19191
6,1288,596,692,0500000US19191
7,676,242,434,0500000US19191
0,102539,50815,51724,0500000US19193
1,29828,15148,14680,0500000US19193
2,32633,16605,16028,0500000US19193
3,12046,5984,6062,0500000US19193
4,12561,6221,6340,0500000US19193
5,9007,4248,4759,0500000US19193
6,4482,1928,2554,0500000US19193
7,1982,681,1301,0500000US19193
0,7453,3767,3686,0500000US19195
1,1715,893,822,0500000US19195
2,2066,1065,1001,0500000US19195
3,956,479,477,0500000US19195
4,1185,610,575,0500000US19195
5,845,426,419,0500000US19195
6,461,225,236,0500000US19195
7,225,69,156,0500000US19195
0,12690,6379,6311,0500000US19197
1,3322,1686,1636,0500000US19197
2,3249,1679,1570,0500000US19197
3,1336,709,627,0500000US19197
4,1899,969,930,0500000US19197
5,1450,727,723,0500000US19197
6,886,407,479,0500000US19197
7,548,202,346,0500000US19197
0,12444,6131,6313,0500000US20001
1,3200,1678,1522,0500000US20001
2,3488,1782,1706,0500000US20001
3,1438,733,705,0500000US20001
4,1741,823,918,0500000US20001
5,1388,646,742,0500000US20001
6,814,358,456,0500000US20001
7,375,111,264,0500000US20001
0,7878,3911,3967,0500000US20003
1,2170,1130,1040,0500000US20003
2,2031,1026,1005,0500000US20003
3,871,417,454,0500000US20003
4,1130,573,557,0500000US20003
5,840,419,421,0500000US20003
6,587,255,332,0500000US20003
7,249,91,158,0500000US20003
0,16193,7861,8332,0500000US20005
1,4593,2310,2283,0500000US20005
2,4851,2377,2474,0500000US20005
3,1870,928,942,0500000US20005
4,2100,1022,1078,0500000US20005
5,1477,709,768,0500000US20005
6,914,388,526,0500000US20005
7,388,127,261,0500000US20005
0,4472,2301,2171,0500000US20007
1,1099,586,513,0500000US20007
2,1125,588,537,0500000US20007
3,457,231,226,0500000US20007
4,764,395,369,0500000US20007
5,606,308,298,0500000US20007
6,275,137,138,0500000US20007
7,146,56,90,0500000US20007
0,26111,12899,13212,0500000US20009
1,6885,3518,3367,0500000US20009
2,7470,3817,3653,0500000US20009
3,2768,1370,1398,0500000US20009
4,3970,1922,2048,0500000US20009
5,2656,1312,1344,0500000US20009
6,1511,656,855,0500000US20009
7,851,304,547,0500000US20009
0,14653,7242,7411,0500000US20011
1,4223,2207,2016,0500000US20011
2,4087,2084,2003,0500000US20011
3,1501,734,767,0500000US20011
4,1953,934,1019,0500000US20011
5,1605,766,839,0500000US20011
6,837,365,472,0500000US20011
7,447,152,295,0500000US20011
0,9598,4737,4861,0500000US20013
1,2622,1353,1269,0500000US20013
2,2511,1285,1226,0500000US20013
3,1072,524,548,0500000US20013
4,1425,678,747,0500000US20013
5,1104,548,556,0500000US20013
6,590,266,324,0500000US20013
7,274,83,191,0500000US20013
0,66765,33594,33171,0500000US20015
1,18953,9721,9232,0500000US20015
2,20340,10652,9688,0500000US20015
3,8159,4103,4056,0500000US20015
4,9184,4586,4598,0500000US20015
5,5815,2781,3034,0500000US20015
6,2908,1253,1655,0500000US20015
7,1406,498,908,0500000US20015
0,2629,1338,1291,0500000US20017
1,585,293,292,0500000US20017
2,703,406,297,0500000US20017
3,297,139,158,0500000US20017
4,383,196,187,0500000US20017
5,353,175,178,0500000US20017
6,209,99,110,0500000US20017
7,99,30,69,0500000US20017
0,3309,1703,1606,0500000US20019
1,734,392,342,0500000US20019
2,804,421,383,0500000US20019
3,350,183,167,0500000US20019
4,536,283,253,0500000US20019
5,448,219,229,0500000US20019
6,312,156,156,0500000US20019
7,125,49,76,0500000US20019
0,20015,9844,10171,0500000US20021
1,5050,2571,2479,0500000US20021
2,5482,2750,2732,0500000US20021
3,2669,1329,1340,0500000US20021
4,2951,1437,1514,0500000US20021
5,2181,1060,1121,0500000US20021
6,1254,545,709,0500000US20021
7,428,152,276,0500000US20021
0,2660,1348,1312,0500000US20023
1,625,361,264,0500000US20023
2,671,348,323,0500000US20023
3,248,129,119,0500000US20023
4,399,196,203,0500000US20023
5,350,166,184,0500000US20023
6,207,93,114,0500000US20023
7,160,55,105,0500000US20023
0,2005,995,1010,0500000US20025
1,529,279,250,0500000US20025
2,564,302,262,0500000US20025
3,208,98,110,0500000US20025
4,264,127,137,0500000US20025
5,193,93,100,0500000US20025
6,156,69,87,0500000US20025
7,91,27,64,0500000US20025
0,7997,4001,3996,0500000US20027
1,2036,1071,965,0500000US20027
2,2141,1106,1035,0500000US20027
3,862,435,427,0500000US20027
4,1120,561,559,0500000US20027
5,963,463,500,0500000US20027
6,555,243,312,0500000US20027
7,320,122,198,0500000US20027
0,8729,4330,4399,0500000US20029
1,2297,1191,1106,0500000US20029
2,2384,1262,1122,0500000US20029
3,946,467,479,0500000US20029
4,1217,621,596,0500000US20029
5,954,461,493,0500000US20029
6,592,245,347,0500000US20029
7,339,83,256,0500000US20029
0,8233,4064,4169,0500000US20031
1,1967,1012,955,0500000US20031
2,2212,1123,1089,0500000US20031
3,1024,492,532,0500000US20031
4,1264,611,653,0500000US20031
5,1014,511,503,0500000US20031
6,536,239,297,0500000US20031
7,216,76,140,0500000US20031
0,1748,849,899,0500000US20033
1,454,224,230,0500000US20033
2,408,195,213,0500000US20033
3,191,99,92,0500000US20033
4,248,126,122,0500000US20033
5,249,112,137,0500000US20033
6,138,68,70,0500000US20033
7,60,25,35,0500000US20033
0,35218,17716,17502,0500000US20035
1,9498,4879,4619,0500000US20035
2,10632,5566,5066,0500000US20035
3,4055,2083,1972,0500000US20035
4,4613,2281,2332,0500000US20035
5,3548,1716,1832,0500000US20035
6,1925,860,1065,0500000US20035
7,947,331,616,0500000US20035
0,39019,19574,19445,0500000US20037
1,10230,5361,4869,0500000US20037
2,14165,7387,6778,0500000US20037
3,4099,2055,2044,0500000US20037
4,4470,2159,2311,0500000US20037
5,3306,1560,1746,0500000US20037
6,1822,780,1042,0500000US20037
7,927,272,655,0500000US20037
0,2871,1443,1428,0500000US20039
1,613,326,287,0500000US20039
2,668,343,325,0500000US20039
3,300,146,154,0500000US20039
4,482,260,222,0500000US20039
5,375,192,183,0500000US20039
6,242,119,123,0500000US20039
7,191,57,134,0500000US20039
0,18717,9433,9284,0500000US20041
1,4849,2530,2319,0500000US20041
2,5209,2721,2488,0500000US20041
3,2231,1135,1096,0500000US20041
4,2730,1369,1361,0500000US20041
5,1898,940,958,0500000US20041
6,1164,517,647,0500000US20041
7,636,221,415,0500000US20041
0,7682,3863,3819,0500000US20043
1,2007,1013,994,0500000US20043
2,2195,1131,1064,0500000US20043
3,902,447,455,0500000US20043
4,1076,557,519,0500000US20043
5,842,437,405,0500000US20043
6,438,204,234,0500000US20043
7,222,74,148,0500000US20043
0,121436,60520,60916,0500000US20045
1,29144,14776,14368,0500000US20045
2,53306,27500,25806,0500000US20045
3,11632,5737,5895,0500000US20045
4,12400,5748,6652,0500000US20045
5,9047,4374,4673,0500000US20045
6,4017,1771,2246,0500000US20045
7,1890,614,1276,0500000US20045
0,2849,1449,1400,0500000US20047
1,726,376,350,0500000US20047
2,713,365,348,0500000US20047
3,339,171,168,0500000US20047
4,465,235,230,0500000US20047
5,336,178,158,0500000US20047
6,201,96,105,0500000US20047
7,69,28,41,0500000US20047
0,2508,1267,1241,0500000US20049
1,580,311,269,0500000US20049
2,501,258,243,0500000US20049
3,269,139,130,0500000US20049
4,429,216,213,0500000US20049
5,367,175,192,0500000US20049
6,270,134,136,0500000US20049
7,92,34,58,0500000US20049
0,28710,14458,14252,0500000US20051
1,7375,3782,3593,0500000US20051
2,10734,5545,5189,0500000US20051
3,2818,1453,1365,0500000US20051
4,3367,1658,1709,0500000US20051
5,2433,1185,1248,0500000US20051
6,1291,581,710,0500000US20051
7,692,254,438,0500000US20051
0,6196,3503,2693,0500000US20053
1,1231,650,581,0500000US20053
2,2035,1339,696,0500000US20053
3,739,456,283,0500000US20053
4,894,454,440,0500000US20053
5,702,360,342,0500000US20053
6,395,172,223,0500000US20053
7,200,72,128,0500000US20053
0,36611,18844,17767,0500000US20055
1,12306,6354,5952,0500000US20055
2,12270,6565,5705,0500000US20055
3,4109,2064,2045,0500000US20055
4,3892,1967,1925,0500000US20055
5,2371,1166,1205,0500000US20055
6,1107,526,581,0500000US20055
7,556,202,354,0500000US20055
0,33888,17584,16304,0500000US20057
1,11270,5867,5403,0500000US20057
2,11234,6085,5149,0500000US20057
3,3920,1964,1956,0500000US20057
4,3672,1925,1747,0500000US20057
5,2082,1040,1042,0500000US20057
6,1074,475,599,0500000US20057
7,636,228,408,0500000US20057
0,25631,12785,12846,0500000US20059
1,6842,3544,3298,0500000US20059
2,7489,3732,3757,0500000US20059
3,3229,1641,1588,0500000US20059
4,3809,1919,1890,0500000US20059
5,2477,1192,1285,0500000US20059
6,1301,599,702,0500000US20059
7,484,158,326,0500000US20059
0,32594,17216,15378,0500000US20061
1,10813,5617,5196,0500000US20061
2,14978,8429,6549,0500000US20061
3,2106,1049,1057,0500000US20061
4,1879,907,972,0500000US20061
5,1598,731,867,0500000US20061
6,864,366,498,0500000US20061
7,356,117,239,0500000US20061
0,2612,1315,1297,0500000US20063
1,677,340,337,0500000US20063
2,655,355,300,0500000US20063
3,241,124,117,0500000US20063
4,404,207,197,0500000US20063
5,311,158,153,0500000US20063
6,192,87,105,0500000US20063
7,132,44,88,0500000US20063
0,2492,1236,1256,0500000US20065
1,523,273,250,0500000US20065
2,604,318,286,0500000US20065
3,237,129,108,0500000US20065
4,444,204,240,0500000US20065
5,300,134,166,0500000US20065
6,270,128,142,0500000US20065
7,114,50,64,0500000US20065
0,7336,3684,3652,0500000US20067
1,2479,1269,1210,0500000US20067
2,2159,1106,1053,0500000US20067
3,781,397,384,0500000US20067
4,914,471,443,0500000US20067
5,593,283,310,0500000US20067
6,293,126,167,0500000US20067
7,117,32,85,0500000US20067
0,6033,3037,2996,0500000US20069
1,1913,978,935,0500000US20069
2,1796,898,898,0500000US20069
3,647,344,303,0500000US20069
4,767,388,379,0500000US20069
5,498,250,248,0500000US20069
6,280,126,154,0500000US20069
7,132,53,79,0500000US20069
0,1227,588,639,0500000US20071
1,347,165,182,0500000US20071
2,333,157,176,0500000US20071
3,107,55,52,0500000US20071
4,186,98,88,0500000US20071
5,119,63,56,0500000US20071
6,76,30,46,0500000US20071
7,59,20,39,0500000US20071
0,6055,3026,3029,0500000US20073
1,1432,735,697,0500000US20073
2,1403,711,692,0500000US20073
3,706,361,345,0500000US20073
4,1005,490,515,0500000US20073
5,840,433,407,0500000US20073
6,445,219,226,0500000US20073
7,224,77,147,0500000US20073
0,2607,1351,1256,0500000US20075
1,820,448,372,0500000US20075
2,804,411,393,0500000US20075
3,298,148,150,0500000US20075
4,320,158,162,0500000US20075
5,212,118,94,0500000US20075
6,121,57,64,0500000US20075
7,32,11,21,0500000US20075
0,5506,2757,2749,0500000US20077
1,1477,778,699,0500000US20077
2,1414,751,663,0500000US20077
3,566,279,287,0500000US20077
4,782,399,383,0500000US20077
5,649,298,351,0500000US20077
6,405,196,209,0500000US20077
7,213,56,157,0500000US20077
0,34210,16893,17317,0500000US20079
1,9351,4812,4539,0500000US20079
2,9953,5085,4868,0500000US20079
3,3640,1790,1850,0500000US20079
4,4584,2234,2350,0500000US20079
5,3369,1644,1725,0500000US20079
6,2100,903,1197,0500000US20079
7,1213,425,788,0500000US20079
0,3997,2008,1989,0500000US20081
1,1223,639,584,0500000US20081
2,1198,612,586,0500000US20081
3,450,214,236,0500000US20081
4,535,261,274,0500000US20081
5,360,189,171,0500000US20081
6,164,72,92,0500000US20081
7,67,21,46,0500000US20081
0,1818,905,913,0500000US20083
1,446,214,232,0500000US20083
2,431,210,221,0500000US20083
3,201,103,98,0500000US20083
4,304,160,144,0500000US20083
5,195,109,86,0500000US20083
6,173,73,100,0500000US20083
7,68,36,32,0500000US20083
0,13280,6644,6636,0500000US20085
1,3620,1869,1751,0500000US20085
2,3538,1801,1737,0500000US20085
3,1732,858,874,0500000US20085
4,1860,939,921,0500000US20085
5,1478,716,762,0500000US20085
6,760,337,423,0500000US20085
7,292,124,168,0500000US20085
0,18975,9661,9314,0500000US20087
1,4747,2477,2270,0500000US20087
2,5105,2632,2473,0500000US20087
3,2487,1236,1251,0500000US20087
4,3098,1592,1506,0500000US20087
5,2050,1026,1024,0500000US20087
6,1052,517,535,0500000US20087
7,436,181,255,0500000US20087
0,2841,1452,1389,0500000US20089
1,592,308,284,0500000US20089
2,624,349,275,0500000US20089
3,280,140,140,0500000US20089
4,489,241,248,0500000US20089
5,437,231,206,0500000US20089
6,273,127,146,0500000US20089
7,146,56,90,0500000US20089
0,597555,293223,304332,0500000US20091
1,158823,81029,77794,0500000US20091
2,199775,100201,99574,0500000US20091
3,77637,38275,39362,0500000US20091
4,74597,35383,39214,0500000US20091
5,51858,24122,27736,0500000US20091
6,23429,10201,13228,0500000US20091
7,11436,4012,7424,0500000US20091
0,3943,1967,1976,0500000US20093
1,1239,664,575,0500000US20093
2,1228,619,609,0500000US20093
3,419,194,225,0500000US20093
4,445,237,208,0500000US20093
5,329,148,181,0500000US20093
6,195,76,119,0500000US20093
7,88,29,59,0500000US20093
0,7310,3663,3647,0500000US20095
1,1765,926,839,0500000US20095
2,1891,955,936,0500000US20095
3,861,429,432,0500000US20095
4,1208,613,595,0500000US20095
5,795,402,393,0500000US20095
6,527,223,304,0500000US20095
7,263,115,148,0500000US20095
0,2516,1234,1282,0500000US20097
1,676,314,362,0500000US20097
2,675,343,332,0500000US20097
3,256,129,127,0500000US20097
4,357,192,165,0500000US20097
5,301,155,146,0500000US20097
6,151,59,92,0500000US20097
7,100,42,58,0500000US20097
0,19964,9931,10033,0500000US20099
1,5219,2688,2531,0500000US20099
2,5513,2825,2688,0500000US20099
3,2526,1268,1258,0500000US20099
4,2894,1451,1443,0500000US20099
5,2122,1016,1106,0500000US20099
6,1142,517,625,0500000US20099
7,548,166,382,0500000US20099
0,1560,788,772,0500000US20101
1,376,205,171,0500000US20101
2,371,180,191,0500000US20101
3,197,107,90,0500000US20101
4,249,125,124,0500000US20101
5,192,96,96,0500000US20101
6,119,58,61,0500000US20101
7,56,17,39,0500000US20101
0,81352,43269,38083,0500000US20103
1,21017,10785,10232,0500000US20103
2,27754,16055,11699,0500000US20103
3,10276,5664,4612,0500000US20103
4,10526,5328,5198,0500000US20103
5,7121,3500,3621,0500000US20103
6,3377,1491,1886,0500000US20103
7,1281,446,835,0500000US20103
0,3023,1500,1523,0500000US20105
1,750,394,356,0500000US20105
2,687,348,339,0500000US20105
3,345,176,169,0500000US20105
4,502,238,264,0500000US20105
5,399,220,179,0500000US20105
6,187,80,107,0500000US20105
7,153,44,109,0500000US20105
0,9750,4937,4813,0500000US20107
1,2383,1237,1146,0500000US20107
2,2522,1281,1241,0500000US20107
3,1171,580,591,0500000US20107
4,1494,769,725,0500000US20107
5,1276,643,633,0500000US20107
6,640,315,325,0500000US20107
7,264,112,152,0500000US20107
0,2844,1414,1430,0500000US20109
1,739,382,357,0500000US20109
2,811,425,386,0500000US20109
3,257,137,120,0500000US20109
4,445,219,226,0500000US20109
5,289,146,143,0500000US20109
6,193,71,122,0500000US20109
7,110,34,76,0500000US20109
0,33406,16223,17183,0500000US20111
1,8837,4408,4429,0500000US20111
2,12049,5819,6230,0500000US20111
3,3365,1696,1669,0500000US20111
4,4080,2018,2062,0500000US20111
5,2821,1389,1432,0500000US20111
6,1446,618,828,0500000US20111
7,808,275,533,0500000US20111
0,28537,13992,14545,0500000US20113
1,7285,3637,3648,0500000US20113
2,8384,4265,4119,0500000US20113
3,3077,1583,1494,0500000US20113
4,4131,2026,2105,0500000US20113
5,2941,1425,1516,0500000US20113
6,1629,697,932,0500000US20113
7,1090,359,731,0500000US20113
0,11950,5943,6007,0500000US20115
1,2907,1494,1413,0500000US20115
2,3102,1555,1547,0500000US20115
3,1333,689,644,0500000US20115
4,1825,919,906,0500000US20115
5,1408,693,715,0500000US20115
6,863,408,455,0500000US20115
7,512,185,327,0500000US20115
0,9722,4841,4881,0500000US20117
1,2514,1260,1254,0500000US20117
2,2527,1304,1223,0500000US20117
3,1003,505,498,0500000US20117
4,1566,789,777,0500000US20117
5,1043,523,520,0500000US20117
6,690,307,383,0500000US20117
7,379,153,226,0500000US20117
0,4146,2104,2042,0500000US20119
1,1183,642,541,0500000US20119
2,1104,554,550,0500000US20119
3,509,238,271,0500000US20119
4,551,282,269,0500000US20119
5,389,217,172,0500000US20119
6,254,100,154,0500000US20119
7,156,71,85,0500000US20119
0,33680,16735,16945,0500000US20121
1,9043,4600,4443,0500000US20121
2,9430,4790,4640,0500000US20121
3,4558,2271,2287,0500000US20121
4,5018,2511,2507,0500000US20121
5,3149,1545,1604,0500000US20121
6,1730,758,972,0500000US20121
7,752,260,492,0500000US20121
0,6150,3113,3037,0500000US20123
1,1644,879,765,0500000US20123
2,1580,828,752,0500000US20123
3,623,302,321,0500000US20123
4,853,426,427,0500000US20123
5,745,387,358,0500000US20123
6,441,197,244,0500000US20123
7,264,94,170,0500000US20123
0,32120,15909,16211,0500000US20125
1,8686,4564,4122,0500000US20125
2,8817,4481,4336,0500000US20125
3,3673,1788,1885,0500000US20125
4,4555,2247,2308,0500000US20125
5,3466,1665,1801,0500000US20125
6,2002,872,1130,0500000US20125
7,921,292,629,0500000US20125
0,5521,2761,2760,0500000US20127
1,1242,637,605,0500000US20127
2,1388,733,655,0500000US20127
3,616,309,307,0500000US20127
4,910,442,468,0500000US20127
5,697,346,351,0500000US20127
6,427,195,232,0500000US20127
7,241,99,142,0500000US20127
0,2667,1323,1344,0500000US20129
1,712,357,355,0500000US20129
2,682,353,329,0500000US20129
3,329,170,159,0500000US20129
4,403,204,199,0500000US20129
5,256,132,124,0500000US20129
6,173,72,101,0500000US20129
7,112,35,77,0500000US20129
0,10155,5140,5015,0500000US20131
1,2886,1503,1383,0500000US20131
2,2697,1415,1282,0500000US20131
3,1136,587,549,0500000US20131
4,1388,710,678,0500000US20131
5,933,476,457,0500000US20131
6,647,288,359,0500000US20131
7,468,161,307,0500000US20131
0,15951,7902,8049,0500000US20133
1,4400,2249,2151,0500000US20133
2,4311,2177,2134,0500000US20133
3,1810,935,875,0500000US20133
4,2266,1134,1132,0500000US20133
5,1682,816,866,0500000US20133
6,986,423,563,0500000US20133
7,496,168,328,0500000US20133
0,2840,1401,1439,0500000US20135
1,677,337,340,0500000US20135
2,650,337,313,0500000US20135
3,273,141,132,0500000US20135
4,505,259,246,0500000US20135
5,341,166,175,0500000US20135
6,247,115,132,0500000US20135
7,147,46,101,0500000US20135
0,5430,3035,2395,0500000US20137
1,1132,582,550,0500000US20137
2,1698,1119,579,0500000US20137
3,745,447,298,0500000US20137
4,743,397,346,0500000US20137
5,537,258,279,0500000US20137
6,359,168,191,0500000US20137
7,216,64,152,0500000US20137
0,15941,7989,7952,0500000US20139
1,4064,2129,1935,0500000US20139
2,4196,2128,2068,0500000US20139
3,1939,947,992,0500000US20139
4,2579,1275,1304,0500000US20139
5,1793,906,887,0500000US20139
6,966,428,538,0500000US20139
7,404,176,228,0500000US20139
0,3475,1756,1719,0500000US20141
1,775,418,357,0500000US20141
2,908,477,431,0500000US20141
3,356,186,170,0500000US20141
4,568,290,278,0500000US20141
5,384,194,190,0500000US20141
6,311,133,178,0500000US20141
7,173,58,115,0500000US20141
0,5802,3009,2793,0500000US20143
1,1457,804,653,0500000US20143
2,1538,825,713,0500000US20143
3,709,348,361,0500000US20143
4,915,462,453,0500000US20143
5,640,318,322,0500000US20143
6,412,200,212,0500000US20143
7,131,52,79,0500000US20143
0,6562,3683,2879,0500000US20145
1,1264,766,498,0500000US20145
2,2029,1211,818,0500000US20145
3,867,552,315,0500000US20145
4,1025,528,497,0500000US20145
5,725,379,346,0500000US20145
6,427,181,246,0500000US20145
7,225,66,159,0500000US20145
0,5317,2638,2679,0500000US20147
1,1329,672,657,0500000US20147
2,1315,672,643,0500000US20147
3,577,286,291,0500000US20147
4,825,418,407,0500000US20147
5,717,363,354,0500000US20147
6,359,164,195,0500000US20147
7,195,63,132,0500000US20147
0,24277,12063,12214,0500000US20149
1,7659,3867,3792,0500000US20149
2,7627,3857,3770,0500000US20149
3,2588,1302,1286,0500000US20149
4,2940,1447,1493,0500000US20149
5,2006,1010,996,0500000US20149
6,987,430,557,0500000US20149
7,470,150,320,0500000US20149
0,9378,4638,4740,0500000US20151
1,2621,1364,1257,0500000US20151
2,2644,1358,1286,0500000US20151
3,889,435,454,0500000US20151
4,1329,646,683,0500000US20151
5,960,467,493,0500000US20151
6,581,262,319,0500000US20151
7,354,106,248,0500000US20151
0,2508,1267,1241,0500000US20153
1,572,298,274,0500000US20153
2,598,320,278,0500000US20153
3,252,134,118,0500000US20153
4,386,195,191,0500000US20153
5,352,170,182,0500000US20153
6,235,114,121,0500000US20153
7,113,36,77,0500000US20153
0,62342,31304,31038,0500000US20155
1,15576,8002,7574,0500000US20155
2,18595,10003,8592,0500000US20155
3,7127,3614,3513,0500000US20155
4,8724,4289,4435,0500000US20155
5,6583,3112,3471,0500000US20155
6,3707,1595,2112,0500000US20155
7,2030,689,1341,0500000US20155
0,4664,2305,2359,0500000US20157
1,1047,541,506,0500000US20157
2,1070,556,514,0500000US20157
3,479,236,243,0500000US20157
4,774,383,391,0500000US20157
5,620,314,306,0500000US20157
6,409,179,230,0500000US20157
7,265,96,169,0500000US20157
0,9531,4760,4771,0500000US20159
1,2552,1294,1258,0500000US20159
2,2769,1486,1283,0500000US20159
3,1013,516,497,0500000US20159
4,1354,665,689,0500000US20159
5,972,455,517,0500000US20159
6,600,253,347,0500000US20159
7,271,91,180,0500000US20159
0,73703,38675,35028,0500000US20161
1,17772,9021,8751,0500000US20161
2,38290,21358,16932,0500000US20161
3,4953,2475,2478,0500000US20161
4,5679,2668,3011,0500000US20161
5,4081,1945,2136,0500000US20161
6,1844,807,1037,0500000US20161
7,1084,401,683,0500000US20161
0,5013,2419,2594,0500000US20163
1,1219,584,635,0500000US20163
2,1325,649,676,0500000US20163
3,575,302,273,0500000US20163
4,781,392,389,0500000US20163
5,584,280,304,0500000US20163
6,353,154,199,0500000US20163
7,176,58,118,0500000US20163
0,3093,1588,1505,0500000US20165
1,713,399,314,0500000US20165
2,749,379,370,0500000US20165
3,359,199,160,0500000US20165
4,504,255,249,0500000US20165
5,390,193,197,0500000US20165
6,231,108,123,0500000US20165
7,147,55,92,0500000US20165
0,6907,3406,3501,0500000US20167
1,1617,846,771,0500000US20167
2,1735,873,862,0500000US20167
3,803,398,405,0500000US20167
4,1063,525,538,0500000US20167
5,873,420,453,0500000US20167
6,498,221,277,0500000US20167
7,318,123,195,0500000US20167
0,54401,26984,27417,0500000US20169
1,13988,7188,6800,0500000US20169
2,16495,8390,8105,0500000US20169
3,6584,3320,3264,0500000US20169
4,7578,3743,3835,0500000US20169
5,5367,2563,2804,0500000US20169
6,2929,1255,1674,0500000US20169
7,1460,525,935,0500000US20169
0,4897,2467,2430,0500000US20171
1,1426,736,690,0500000US20171
2,1352,701,651,0500000US20171
3,544,292,252,0500000US20171
4,627,282,345,0500000US20171
5,503,268,235,0500000US20171
6,286,137,149,0500000US20171
7,159,51,108,0500000US20171
0,513607,254106,259501,0500000US20173
1,144542,73749,70793,0500000US20173
2,171008,86071,84937,0500000US20173
3,58625,29071,29554,0500000US20173
4,64945,31627,33318,0500000US20173
5,44054,20962,23092,0500000US20173
6,20829,9073,11756,0500000US20173
7,9604,3553,6051,0500000US20173
0,21780,11052,10728,0500000US20175
1,7602,3783,3819,0500000US20175
2,7495,3964,3531,0500000US20175
3,2447,1295,1152,0500000US20175
4,2106,1070,1036,0500000US20175
5,1198,583,615,0500000US20175
6,641,272,369,0500000US20175
7,291,85,206,0500000US20175
0,177499,85958,91541,0500000US20177
1,46271,23719,22552,0500000US20177
2,53660,26397,27263,0500000US20177
3,20923,10224,10699,0500000US20177
4,24349,11386,12963,0500000US20177
5,18516,8710,9806,0500000US20177
6,9424,4045,5379,0500000US20177
7,4356,1477,2879,0500000US20177
0,2533,1274,1259,0500000US20179
1,686,352,334,0500000US20179
2,623,320,303,0500000US20179
3,247,123,124,0500000US20179
4,393,212,181,0500000US20179
5,298,153,145,0500000US20179
6,163,71,92,0500000US20179
7,123,43,80,0500000US20179
0,5899,2959,2940,0500000US20181
1,1551,804,747,0500000US20181
2,1736,893,843,0500000US20181
3,597,305,292,0500000US20181
4,878,436,442,0500000US20181
5,588,298,290,0500000US20181
6,386,168,218,0500000US20181
7,163,55,108,0500000US20181
0,3603,1792,1811,0500000US20183
1,798,401,397,0500000US20183
2,825,423,402,0500000US20183
3,356,182,174,0500000US20183
4,627,313,314,0500000US20183
5,492,261,231,0500000US20183
6,297,122,175,0500000US20183
7,208,90,118,0500000US20183
0,4178,2121,2057,0500000US20185
1,1095,592,503,0500000US20185
2,1018,522,496,0500000US20185
3,470,226,244,0500000US20185
4,668,351,317,0500000US20185
5,460,225,235,0500000US20185
6,288,139,149,0500000US20185
7,179,66,113,0500000US20185
0,1987,990,997,0500000US20187
1,590,294,296,0500000US20187
2,560,293,267,0500000US20187
3,226,111,115,0500000US20187
4,261,134,127,0500000US20187
5,178,82,96,0500000US20187
6,111,49,62,0500000US20187
7,61,27,34,0500000US20187
0,5559,2754,2805,0500000US20189
1,1747,832,915,0500000US20189
2,1559,802,757,0500000US20189
3,684,372,312,0500000US20189
4,685,356,329,0500000US20189
5,463,226,237,0500000US20189
6,256,109,147,0500000US20189
7,165,57,108,0500000US20189
0,22996,11519,11477,0500000US20191
1,6168,3172,2996,0500000US20191
2,6478,3344,3134,0500000US20191
3,2609,1295,1314,0500000US20191
4,3438,1726,1712,0500000US20191
5,2383,1203,1180,0500000US20191
6,1291,564,727,0500000US20191
7,629,215,414,0500000US20191
0,7711,3775,3936,0500000US20193
1,2159,1087,1072,0500000US20193
2,2423,1201,1222,0500000US20193
3,732,362,370,0500000US20193
4,1035,507,528,0500000US20193
5,707,360,347,0500000US20193
6,424,176,248,0500000US20193
7,231,82,149,0500000US20193
0,2793,1418,1375,0500000US20195
1,556,298,258,0500000US20195
2,672,347,325,0500000US20195
3,323,161,162,0500000US20195
4,502,248,254,0500000US20195
5,394,204,190,0500000US20195
6,219,105,114,0500000US20195
7,127,55,72,0500000US20195
0,6899,3527,3372,0500000US20197
1,1769,944,825,0500000US20197
2,1760,889,871,0500000US20197
3,809,402,407,0500000US20197
4,1180,602,578,0500000US20197
5,801,426,375,0500000US20197
6,422,208,214,0500000US20197
7,158,56,102,0500000US20197
0,1503,750,753,0500000US20199
1,417,197,220,0500000US20199
2,362,183,179,0500000US20199
3,146,78,68,0500000US20199
4,228,123,105,0500000US20199
5,183,97,86,0500000US20199
6,95,45,50,0500000US20199
7,72,27,45,0500000US20199
0,5420,2767,2653,0500000US20201
1,1318,705,613,0500000US20201
2,1372,728,644,0500000US20201
3,614,321,293,0500000US20201
4,818,423,395,0500000US20201
5,616,311,305,0500000US20201
6,428,184,244,0500000US20201
7,254,95,159,0500000US20201
0,2105,1073,1032,0500000US20203
1,612,296,316,0500000US20203
2,541,291,250,0500000US20203
3,231,128,103,0500000US20203
4,295,157,138,0500000US20203
5,221,113,108,0500000US20203
6,128,57,71,0500000US20203
7,77,31,46,0500000US20203
0,8665,4289,4376,0500000US20205
1,2275,1166,1109,0500000US20205
2,2260,1153,1107,0500000US20205
3,979,484,495,0500000US20205
4,1297,640,657,0500000US20205
5,1055,513,542,0500000US20205
6,548,255,293,0500000US20205
7,251,78,173,0500000US20205
0,3183,1601,1582,0500000US20207
1,739,386,353,0500000US20207
2,810,417,393,0500000US20207
3,342,174,168,0500000US20207
4,519,260,259,0500000US20207
5,441,218,223,0500000US20207
6,207,92,115,0500000US20207
7,125,54,71,0500000US20207
0,165324,82022,83302,0500000US20209
1,49842,25594,24248,0500000US20209
2,56765,28567,28198,0500000US20209
3,18916,9555,9361,0500000US20209
4,19520,9519,10001,0500000US20209
5,12180,5520,6660,0500000US20209
6,5592,2394,3198,0500000US20209
7,2509,873,1636,0500000US20209
0,19215,9508,9707,0500000US21001
1,4686,2454,2232,0500000US21001
2,5767,2871,2896,0500000US21001
3,2508,1237,1271,0500000US21001
4,2683,1280,1403,0500000US21001
5,2100,1047,1053,0500000US21001
6,1099,493,606,0500000US21001
7,372,126,246,0500000US21001
0,21122,10446,10676,0500000US21003
1,5341,2734,2607,0500000US21003
2,6233,3113,3120,0500000US21003
3,2931,1449,1482,0500000US21003
4,2892,1438,1454,0500000US21003
5,2257,1058,1199,0500000US21003
6,1150,535,615,0500000US21003
7,318,119,199,0500000US21003
0,22663,11107,11556,0500000US21005
1,5849,3072,2777,0500000US21005
2,6798,3304,3494,0500000US21005
3,3357,1659,1698,0500000US21005
4,3087,1534,1553,0500000US21005
5,2158,976,1182,0500000US21005
6,1038,469,569,0500000US21005
7,376,93,283,0500000US21005
0,7979,3977,4002,0500000US21007
1,1893,1007,886,0500000US21007
2,2192,1130,1062,0500000US21007
3,1062,518,544,0500000US21007
4,1162,559,603,0500000US21007
5,950,451,499,0500000US21007
6,519,243,276,0500000US21007
7,201,69,132,0500000US21007
0,44176,21353,22823,0500000US21009
1,11317,5723,5594,0500000US21009
2,13175,6556,6619,0500000US21009
3,5800,2832,2968,0500000US21009
4,6066,2910,3156,0500000US21009
5,4438,2063,2375,0500000US21009
6,2429,999,1430,0500000US21009
7,951,270,681,0500000US21009
0,12383,6111,6272,0500000US21011
1,3394,1764,1630,0500000US21011
2,3546,1726,1820,0500000US21011
3,1701,827,874,0500000US21011
4,1662,830,832,0500000US21011
5,1236,609,627,0500000US21011
6,618,268,350,0500000US21011
7,226,87,139,0500000US21011
0,26569,13024,13545,0500000US21013
1,6194,3190,3004,0500000US21013
2,7895,4026,3869,0500000US21013
3,3588,1743,1845,0500000US21013
4,3787,1837,1950,0500000US21013
5,3012,1405,1607,0500000US21013
6,1533,647,886,0500000US21013
7,560,176,384,0500000US21013
0,131533,65164,66369,0500000US21015
1,37254,19039,18215,0500000US21015
2,41577,20817,20760,0500000US21015
3,18483,9257,9226,0500000US21015
4,16415,8047,8368,0500000US21015
5,11126,5175,5951,0500000US21015
6,4991,2215,2776,0500000US21015
7,1687,614,1073,0500000US21015
0,20184,9838,10346,0500000US21017
1,5044,2602,2442,0500000US21017
2,5770,2879,2891,0500000US21017
3,2730,1287,1443,0500000US21017
4,2825,1381,1444,0500000US21017
5,2117,1003,1114,0500000US21017
6,1221,510,711,0500000US21017
7,477,176,301,0500000US21017
0,47240,23510,23730,0500000US21019
1,10914,5609,5305,0500000US21019
2,13980,7336,6644,0500000US21019
3,6301,3260,3041,0500000US21019
4,6824,3279,3545,0500000US21019
5,5245,2480,2765,0500000US21019
6,2863,1196,1667,0500000US21019
7,1113,350,763,0500000US21019
0,30100,14993,15107,0500000US21021
1,7132,3641,3491,0500000US21021
2,9502,5135,4367,0500000US21021
3,3851,1949,1902,0500000US21021
4,3858,1834,2024,0500000US21021
5,3192,1449,1743,0500000US21021
6,1724,719,1005,0500000US21021
7,841,266,575,0500000US21021
0,8239,4129,4110,0500000US21023
1,2093,1089,1004,0500000US21023
2,2378,1201,1177,0500000US21023
3,1164,580,584,0500000US21023
4,1234,627,607,0500000US21023
5,839,416,423,0500000US21023
6,402,169,233,0500000US21023
7,129,47,82,0500000US21023
0,12726,6366,6360,0500000US21025
1,2832,1504,1328,0500000US21025
2,3910,2008,1902,0500000US21025
3,1857,909,948,0500000US21025
4,1934,966,968,0500000US21025
5,1398,667,731,0500000US21025
6,592,241,351,0500000US21025
7,203,71,132,0500000US21025
0,20388,10249,10139,0500000US21027
1,5105,2670,2435,0500000US21027
2,5553,2862,2691,0500000US21027
3,2691,1308,1383,0500000US21027
4,3098,1556,1542,0500000US21027
5,2411,1182,1229,0500000US21027
6,1157,536,621,0500000US21027
7,373,135,238,0500000US21027
0,81069,40302,40767,0500000US21029
1,19522,10106,9416,0500000US21029
2,25823,12938,12885,0500000US21029
3,11746,5810,5936,0500000US21029
4,11326,5591,5735,0500000US21029
5,7895,3752,4143,0500000US21029
6,3683,1681,2002,0500000US21029
7,1074,424,650,0500000US21029
0,12772,6413,6359,0500000US21031
1,3113,1624,1489,0500000US21031
2,3748,1918,1830,0500000US21031
3,1680,845,835,0500000US21031
4,1831,903,928,0500000US21031
5,1380,694,686,0500000US21031
6,757,349,408,0500000US21031
7,263,80,183,0500000US21031
0,12715,6130,6585,0500000US21033
1,3117,1574,1543,0500000US21033
2,3552,1724,1828,0500000US21033
3,1613,811,802,0500000US21033
4,1781,870,911,0500000US21033
5,1492,680,812,0500000US21033
6,805,356,449,0500000US21033
7,355,115,240,0500000US21033
0,39135,19061,20074,0500000US21035
1,9170,4458,4712,0500000US21035
2,14343,7258,7085,0500000US21035
3,4325,2130,2195,0500000US21035
4,4683,2222,2461,0500000US21035
5,3747,1817,1930,0500000US21035
6,2095,904,1191,0500000US21035
7,772,272,500,0500000US21035
0,93152,45696,47456,0500000US21037
1,22169,11153,11016,0500000US21037
2,31608,15915,15693,0500000US21037
3,11596,5781,5815,0500000US21037
4,13230,6451,6779,0500000US21037
5,8604,4059,4545,0500000US21037
6,4150,1688,2462,0500000US21037
7,1795,649,1146,0500000US21037
0,4771,2353,2418,0500000US21039
1,1178,613,565,0500000US21039
2,1307,661,646,0500000US21039
3,600,289,311,0500000US21039
4,663,350,313,0500000US21039
5,544,248,296,0500000US21039
6,338,156,182,0500000US21039
7,141,36,105,0500000US21039
0,10737,5412,5325,0500000US21041
1,3045,1540,1505,0500000US21041
2,3216,1670,1546,0500000US21041
3,1370,712,658,0500000US21041
4,1471,741,730,0500000US21041
5,980,469,511,0500000US21041
6,465,211,254,0500000US21041
7,190,69,121,0500000US21041
0,27004,13290,13714,0500000US21043
1,6747,3504,3243,0500000US21043
2,7849,3901,3948,0500000US21043
3,3618,1753,1865,0500000US21043
4,3725,1845,1880,0500000US21043
5,2992,1403,1589,0500000US21043
6,1595,694,901,0500000US21043
7,478,190,288,0500000US21043
0,15888,7702,8186,0500000US21045
1,3978,2019,1959,0500000US21045
2,4516,2201,2315,0500000US21045
3,2097,1065,1032,0500000US21045
4,2100,1032,1068,0500000US21045
5,1899,887,1012,0500000US21045
6,946,399,547,0500000US21045
7,352,99,253,0500000US21045
0,71671,38320,33351,0500000US21047
1,21505,11472,10033,0500000US21047
2,28767,17082,11685,0500000US21047
3,6151,2925,3226,0500000US21047
4,6457,3031,3426,0500000US21047
5,4872,2245,2627,0500000US21047
6,2784,1168,1616,0500000US21047
7,1135,397,738,0500000US21047
0,36249,17704,18545,0500000US21049
1,8831,4581,4250,0500000US21049
2,10814,5362,5452,0500000US21049
3,5059,2486,2573,0500000US21049
4,5065,2417,2648,0500000US21049
5,3815,1769,2046,0500000US21049
6,1951,837,1114,0500000US21049
7,714,252,462,0500000US21049
0,20105,10467,9638,0500000US21051
1,4623,2367,2256,0500000US21051
2,6863,3878,2985,0500000US21051
3,2849,1540,1309,0500000US21051
4,2705,1317,1388,0500000US21051
5,1912,889,1023,0500000US21051
6,880,372,508,0500000US21051
7,273,104,169,0500000US21051
0,10206,5014,5192,0500000US21053
1,2496,1259,1237,0500000US21053
2,2875,1424,1451,0500000US21053
3,1372,686,686,0500000US21053
4,1473,722,751,0500000US21053
5,1152,581,571,0500000US21053
6,671,284,387,0500000US21053
7,167,58,109,0500000US21053
0,8915,4488,4427,0500000US21055
1,2149,1125,1024,0500000US21055
2,2453,1276,1177,0500000US21055
3,1142,581,561,0500000US21055
4,1319,635,684,0500000US21055
5,1063,516,547,0500000US21055
6,596,284,312,0500000US21055
7,193,71,122,0500000US21055
0,6659,3245,3414,0500000US21057
1,1571,795,776,0500000US21057
2,1718,854,864,0500000US21057
3,849,397,452,0500000US21057
4,1065,537,528,0500000US21057
5,836,404,432,0500000US21057
6,470,211,259,0500000US21057
7,150,47,103,0500000US21057
0,101104,49399,51705,0500000US21059
1,27046,13861,13185,0500000US21059
2,30848,15410,15438,0500000US21059
3,12439,6165,6274,0500000US21059
4,13643,6507,7136,0500000US21059
5,9787,4538,5249,0500000US21059
6,5096,2192,2904,0500000US21059
7,2245,726,1519,0500000US21059
0,12274,6161,6113,0500000US21061
1,2586,1375,1211,0500000US21061
2,3685,1865,1820,0500000US21061
3,1584,759,825,0500000US21061
4,1873,948,925,0500000US21061
5,1494,738,756,0500000US21061
6,776,362,414,0500000US21061
7,276,114,162,0500000US21061
0,7508,4245,3263,0500000US21063
1,1502,779,723,0500000US21063
2,2493,1596,897,0500000US21063
3,1067,643,424,0500000US21063
4,963,509,454,0500000US21063
5,867,441,426,0500000US21063
6,457,227,230,0500000US21063
7,159,50,109,0500000US21063
0,14198,7033,7165,0500000US21065
1,3309,1685,1624,0500000US21065
2,4079,2105,1974,0500000US21065
3,2080,1061,1019,0500000US21065
4,2028,976,1052,0500000US21065
5,1659,758,901,0500000US21065
6,833,376,457,0500000US21065
7,210,72,138,0500000US21065
0,323780,158892,164888,0500000US21067
1,79291,40314,38977,0500000US21067
2,126188,63630,62558,0500000US21067
3,37762,18867,18895,0500000US21067
4,37325,17535,19790,0500000US21067
5,25911,11792,14119,0500000US21067
6,12167,5059,7108,0500000US21067
7,5136,1695,3441,0500000US21067
0,14432,7090,7342,0500000US21069
1,3803,1931,1872,0500000US21069
2,4125,2046,2079,0500000US21069
3,1989,985,1004,0500000US21069
4,1932,941,991,0500000US21069
5,1564,750,814,0500000US21069
6,772,350,422,0500000US21069
7,247,87,160,0500000US21069
0,35845,17523,18322,0500000US21071
1,8605,4587,4018,0500000US21071
2,10584,5269,5315,0500000US21071
3,4850,2330,2520,0500000US21071
4,5218,2445,2773,0500000US21071
5,4127,1901,2226,0500000US21071
6,1911,815,1096,0500000US21071
7,550,176,374,0500000US21071
0,50815,24539,26276,0500000US21073
1,12067,6083,5984,0500000US21073
2,15866,7894,7972,0500000US21073
3,6787,3312,3475,0500000US21073
4,6947,3234,3713,0500000US21073
5,5548,2540,3008,0500000US21073
6,2626,1138,1488,0500000US21073
7,974,338,636,0500000US21073
0,6120,3042,3078,0500000US21075
1,1449,759,690,0500000US21075
2,1813,969,844,0500000US21075
3,721,361,360,0500000US21075
4,900,425,475,0500000US21075
5,746,333,413,0500000US21075
6,360,154,206,0500000US21075
7,131,41,90,0500000US21075
0,8832,4473,4359,0500000US21077
1,2349,1195,1154,0500000US21077
2,2726,1407,1319,0500000US21077
3,1261,638,623,0500000US21077
4,1263,640,623,0500000US21077
5,779,391,388,0500000US21077
6,361,175,186,0500000US21077
7,93,27,66,0500000US21077
0,17560,8656,8904,0500000US21079
1,4161,2211,1950,0500000US21079
2,4913,2425,2488,0500000US21079
3,2504,1257,1247,0500000US21079
4,2793,1354,1439,0500000US21079
5,1881,889,992,0500000US21079
6,964,418,546,0500000US21079
7,344,102,242,0500000US21079
0,25121,12579,12542,0500000US21081
1,7301,3689,3612,0500000US21081
2,7717,3984,3733,0500000US21081
3,3453,1732,1721,0500000US21081
4,3198,1568,1630,0500000US21081
5,2116,1021,1095,0500000US21081
6,1056,492,564,0500000US21081
7,280,93,187,0500000US21081
0,37317,18254,19063,0500000US21083
1,9741,4981,4760,0500000US21083
2,10927,5414,5513,0500000US21083
3,4717,2337,2380,0500000US21083
4,5031,2418,2613,0500000US21083
5,3929,1871,2058,0500000US21083
6,2158,934,1224,0500000US21083
7,814,299,515,0500000US21083
0,26321,13283,13038,0500000US21085
1,6702,3462,3240,0500000US21085
2,7868,4119,3749,0500000US21085
3,3357,1705,1652,0500000US21085
4,3717,1853,1864,0500000US21085
5,2808,1337,1471,0500000US21085
6,1423,656,767,0500000US21085
7,446,151,295,0500000US21085
0,11049,5446,5603,0500000US21087
1,2533,1274,1259,0500000US21087
2,2990,1500,1490,0500000US21087
3,1551,764,787,0500000US21087
4,1695,881,814,0500000US21087
5,1313,633,680,0500000US21087
6,719,310,409,0500000US21087
7,248,84,164,0500000US21087
0,35268,17148,18120,0500000US21089
1,8196,4263,3933,0500000US21089
2,9964,5032,4932,0500000US21089
3,4713,2245,2468,0500000US21089
4,5007,2380,2627,0500000US21089
5,4264,1975,2289,0500000US21089
6,2271,956,1315,0500000US21089
7,853,297,556,0500000US21089
0,8758,4494,4264,0500000US21091
1,2420,1307,1113,0500000US21091
2,2477,1251,1226,0500000US21091
3,1184,614,570,0500000US21091
4,1191,609,582,0500000US21091
5,879,441,438,0500000US21091
6,470,223,247,0500000US21091
7,137,49,88,0500000US21091
0,110356,54969,55387,0500000US21093
1,29822,15452,14370,0500000US21093
2,36672,18967,17705,0500000US21093
3,14185,7015,7170,0500000US21093
4,14280,6844,7436,0500000US21093
5,9158,4209,4949,0500000US21093
6,4537,1894,2643,0500000US21093
7,1702,588,1114,0500000US21093
0,26409,12677,13732,0500000US21095
1,6538,3267,3271,0500000US21095
2,7639,3763,3876,0500000US21095
3,3448,1683,1765,0500000US21095
4,3839,1780,2059,0500000US21095
5,3044,1424,1620,0500000US21095
6,1387,591,796,0500000US21095
7,514,169,345,0500000US21095
0,18778,9228,9550,0500000US21097
1,4649,2403,2246,0500000US21097
2,5351,2658,2693,0500000US21097
3,2639,1304,1335,0500000US21097
4,2841,1389,1452,0500000US21097
5,1918,930,988,0500000US21097
6,1020,438,582,0500000US21097
7,360,106,254,0500000US21097
0,18906,9298,9608,0500000US21099
1,5040,2510,2530,0500000US21099
2,5444,2770,2674,0500000US21099
3,2511,1237,1274,0500000US21099
4,2779,1378,1401,0500000US21099
5,1838,867,971,0500000US21099
6,967,446,521,0500000US21099
7,327,90,237,0500000US21099
0,45591,22006,23585,0500000US21101
1,11525,5865,5660,0500000US21101
2,13599,6679,6920,0500000US21101
3,5825,2865,2960,0500000US21101
4,6630,3109,3521,0500000US21101
5,4777,2195,2582,0500000US21101
6,2316,993,1323,0500000US21101
7,919,300,619,0500000US21101
0,16106,7969,8137,0500000US21103
1,4170,2200,1970,0500000US21103
2,4572,2297,2275,0500000US21103
3,2209,1048,1161,0500000US21103
4,2325,1156,1169,0500000US21103
5,1722,802,920,0500000US21103
6,845,392,453,0500000US21103
7,263,74,189,0500000US21103
0,4421,2084,2337,0500000US21105
1,927,455,472,0500000US21105
2,1117,551,566,0500000US21105
3,603,307,296,0500000US21105
4,645,286,359,0500000US21105
5,609,276,333,0500000US21105
6,354,164,190,0500000US21105
7,166,45,121,0500000US21105
0,45068,21976,23092,0500000US21107
1,11081,5672,5409,0500000US21107
2,13442,6677,6765,0500000US21107
3,5784,2886,2898,0500000US21107
4,6447,3028,3419,0500000US21107
5,4876,2305,2571,0500000US21107
6,2537,1111,1426,0500000US21107
7,901,297,604,0500000US21107
0,13442,6682,6760,0500000US21109
1,3339,1759,1580,0500000US21109
2,3985,1986,1999,0500000US21109
3,1870,921,949,0500000US21109
4,1931,939,992,0500000US21109
5,1454,710,744,0500000US21109
6,695,313,382,0500000US21109
7,168,54,114,0500000US21109
0,770517,372427,398090,0500000US21111
1,188800,96432,92368,0500000US21111
2,258687,128340,130347,0500000US21111
3,94937,45899,49038,0500000US21111
4,103590,48803,54787,0500000US21111
5,73173,33314,39859,0500000US21111
6,35397,14420,20977,0500000US21111
7,15933,5219,10714,0500000US21111
0,53920,26281,27639,0500000US21113
1,14521,7410,7111,0500000US21113
2,17246,8457,8789,0500000US21113
3,7034,3375,3659,0500000US21113
4,7032,3307,3725,0500000US21113
5,4809,2266,2543,0500000US21113
6,2248,1032,1216,0500000US21113
7,1030,434,596,0500000US21113
0,22386,10971,11415,0500000US21115
1,5377,2748,2629,0500000US21115
2,6587,3298,3289,0500000US21115
3,3162,1533,1629,0500000US21115
4,3143,1479,1664,0500000US21115
5,2548,1250,1298,0500000US21115
6,1198,542,656,0500000US21115
7,371,121,250,0500000US21115
0,166051,82155,83896,0500000US21117
1,43066,22132,20934,0500000US21117
2,56002,28223,27779,0500000US21117
3,20988,10368,10620,0500000US21117
4,22016,10827,11189,0500000US21117
5,14714,6918,7796,0500000US21117
6,6599,2817,3782,0500000US21117
7,2666,870,1796,0500000US21117
0,15126,7473,7653,0500000US21119
1,3563,1838,1725,0500000US21119
2,4366,2174,2192,0500000US21119
3,2110,1031,1079,0500000US21119
4,2293,1172,1121,0500000US21119
5,1737,849,888,0500000US21119
6,799,336,463,0500000US21119
7,258,73,185,0500000US21119
0,31304,15336,15968,0500000US21121
1,8151,4215,3936,0500000US21121
2,9612,4843,4769,0500000US21121
3,4147,2037,2110,0500000US21121
4,3988,1905,2083,0500000US21121
5,3148,1415,1733,0500000US21121
6,1740,748,992,0500000US21121
7,518,173,345,0500000US21121
0,14307,7102,7205,0500000US21123
1,3512,1852,1660,0500000US21123
2,4289,2161,2128,0500000US21123
3,1898,941,957,0500000US21123
4,2084,1021,1063,0500000US21123
5,1427,692,735,0500000US21123
6,800,343,457,0500000US21123
7,297,92,205,0500000US21123
0,60669,29725,30944,0500000US21125
1,15336,7836,7500,0500000US21125
2,18985,9364,9621,0500000US21125
3,8325,4156,4169,0500000US21125
4,8102,3820,4282,0500000US21125
5,6041,2892,3149,0500000US21125
6,2984,1321,1663,0500000US21125
7,896,336,560,0500000US21125
0,15571,7758,7813,0500000US21127
1,4004,2109,1895,0500000US21127
2,4505,2260,2245,0500000US21127
3,2089,1047,1042,0500000US21127
4,2274,1082,1192,0500000US21127
5,1677,809,868,0500000US21127
6,789,365,424,0500000US21127
7,233,86,147,0500000US21127
0,7033,3810,3223,0500000US21129
1,1475,807,668,0500000US21129
2,2187,1319,868,0500000US21129
3,1057,574,483,0500000US21129
4,1078,552,526,0500000US21129
5,818,391,427,0500000US21129
6,324,142,182,0500000US21129
7,94,25,69,0500000US21129
0,10143,5062,5081,0500000US21131
1,2370,1266,1104,0500000US21131
2,3006,1528,1478,0500000US21131
3,1423,688,735,0500000US21131
4,1526,765,761,0500000US21131
5,1091,535,556,0500000US21131
6,551,215,336,0500000US21131
7,176,65,111,0500000US21131
0,21899,10698,11201,0500000US21133
1,5157,2642,2515,0500000US21133
2,6212,3117,3095,0500000US21133
3,2899,1395,1504,0500000US21133
4,3354,1603,1751,0500000US21133
5,2687,1282,1405,0500000US21133
6,1247,539,708,0500000US21133
7,343,120,223,0500000US21133
0,13257,6627,6630,0500000US21135
1,3112,1594,1518,0500000US21135
2,3850,1943,1907,0500000US21135
3,1778,912,866,0500000US21135
4,2048,992,1056,0500000US21135
5,1443,711,732,0500000US21135
6,800,384,416,0500000US21135
7,226,91,135,0500000US21135
0,24644,12076,12568,0500000US21137
1,6355,3262,3093,0500000US21137
2,7007,3482,3525,0500000US21137
3,3440,1695,1745,0500000US21137
4,3351,1649,1702,0500000US21137
5,2610,1194,1416,0500000US21137
6,1417,626,791,0500000US21137
7,464,168,296,0500000US21137
0,9242,4540,4702,0500000US21139
1,2045,1051,994,0500000US21139
2,2409,1203,1206,0500000US21139
3,1272,624,648,0500000US21139
4,1510,735,775,0500000US21139
5,1168,563,605,0500000US21139
6,632,300,332,0500000US21139
7,206,64,142,0500000US21139
0,26989,13311,13678,0500000US21141
1,6889,3560,3329,0500000US21141
2,7868,3935,3933,0500000US21141
3,3459,1738,1721,0500000US21141
4,3749,1809,1940,0500000US21141
5,2889,1350,1539,0500000US21141
6,1570,721,849,0500000US21141
7,565,198,367,0500000US21141
0,8009,4388,3621,0500000US21143
1,1290,680,610,0500000US21143
2,2240,1453,787,0500000US21143
3,1075,613,462,0500000US21143
4,1324,658,666,0500000US21143
5,1220,594,626,0500000US21143
6,654,317,337,0500000US21143
7,206,73,133,0500000US21143
0,65346,31393,33953,0500000US21145
1,15892,8137,7755,0500000US21145
2,19182,9411,9771,0500000US21145
3,8120,3998,4122,0500000US21145
4,9212,4398,4814,0500000US21145
5,7320,3334,3986,0500000US21145
6,3907,1589,2318,0500000US21145
7,1713,526,1187,0500000US21145
0,17408,9462,7946,0500000US21147
1,4205,2226,1979,0500000US21147
2,5896,3538,2358,0500000US21147
3,2393,1317,1076,0500000US21147
4,2121,1086,1035,0500000US21147
5,1738,812,926,0500000US21147
6,836,394,442,0500000US21147
7,219,89,130,0500000US21147
0,9252,4551,4701,0500000US21149
1,2400,1247,1153,0500000US21149
2,2506,1233,1273,0500000US21149
3,1235,616,619,0500000US21149
4,1311,636,675,0500000US21149
5,1055,506,549,0500000US21149
6,545,245,300,0500000US21149
7,200,68,132,0500000US21149
0,92368,44872,47496,0500000US21151
1,24074,11919,12155,0500000US21151
2,33822,16818,17004,0500000US21151
3,11211,5502,5709,0500000US21151
4,10524,4974,5550,0500000US21151
5,7723,3619,4104,0500000US21151
6,3618,1568,2050,0500000US21151
7,1396,472,924,0500000US21151
0,12362,6176,6186,0500000US21153
1,3020,1567,1453,0500000US21153
2,3577,1791,1786,0500000US21153
3,1770,914,856,0500000US21153
4,1872,918,954,0500000US21153
5,1297,613,684,0500000US21153
6,644,286,358,0500000US21153
7,182,87,95,0500000US21153
0,19404,9605,9799,0500000US21155
1,5131,2571,2560,0500000US21155
2,5827,3053,2774,0500000US21155
3,2586,1257,1329,0500000US21155
4,2674,1337,1337,0500000US21155
5,1874,899,975,0500000US21155
6,885,368,517,0500000US21155
7,427,120,307,0500000US21155
0,31191,15281,15910,0500000US21157
1,7022,3645,3377,0500000US21157
2,8584,4238,4346,0500000US21157
3,4122,2064,2058,0500000US21157
4,4654,2226,2428,0500000US21157
5,3884,1881,2003,0500000US21157
6,2191,963,1228,0500000US21157
7,734,264,470,0500000US21157
0,11323,6219,5104,0500000US21159
1,2423,1249,1174,0500000US21159
2,4020,2608,1412,0500000US21159
3,1522,799,723,0500000US21159
4,1477,700,777,0500000US21159
5,1154,573,581,0500000US21159
6,547,228,319,0500000US21159
7,180,62,118,0500000US21159
0,17150,8305,8845,0500000US21161
1,4390,2241,2149,0500000US21161
2,4920,2437,2483,0500000US21161
3,2344,1171,1173,0500000US21161
4,2349,1106,1243,0500000US21161
5,1882,856,1026,0500000US21161
6,940,388,552,0500000US21161
7,325,106,219,0500000US21161
0,28715,14460,14255,0500000US21163
1,7096,3664,3432,0500000US21163
2,9485,4763,4722,0500000US21163
3,4077,2061,2016,0500000US21163
4,4031,2023,2008,0500000US21163
5,2466,1248,1218,0500000US21163
6,1179,552,627,0500000US21163
7,381,149,232,0500000US21163
0,6451,3281,3170,0500000US21165
1,1386,757,629,0500000US21165
2,1798,953,845,0500000US21165
3,898,459,439,0500000US21165
4,1016,509,507,0500000US21165
5,808,383,425,0500000US21165
6,416,182,234,0500000US21165
7,129,38,91,0500000US21165
0,21774,10683,11091,0500000US21167
1,5222,2715,2507,0500000US21167
2,6081,3075,3006,0500000US21167
3,3058,1476,1582,0500000US21167
4,3324,1650,1674,0500000US21167
5,2389,1096,1293,0500000US21167
6,1247,537,710,0500000US21167
7,453,134,319,0500000US21167
0,10030,4973,5057,0500000US21169
1,2559,1331,1228,0500000US21169
2,2786,1406,1380,0500000US21169
3,1356,682,674,0500000US21169
4,1455,721,734,0500000US21169
5,1033,479,554,0500000US21169
6,643,295,348,0500000US21169
7,198,59,139,0500000US21169
0,10718,5343,5375,0500000US21171
1,2653,1418,1235,0500000US21171
2,3044,1548,1496,0500000US21171
3,1431,721,710,0500000US21171
4,1574,781,793,0500000US21171
5,1185,544,641,0500000US21171
6,664,283,381,0500000US21171
7,167,48,119,0500000US21171
0,28203,13790,14413,0500000US21173
1,7300,3819,3481,0500000US21173
2,8881,4395,4486,0500000US21173
3,3943,1930,2013,0500000US21173
4,3608,1690,1918,0500000US21173
5,2710,1229,1481,0500000US21173
6,1293,564,729,0500000US21173
7,468,163,305,0500000US21173
0,13345,7627,5718,0500000US21175
1,2670,1468,1202,0500000US21175
2,4688,3035,1653,0500000US21175
3,1883,1064,819,0500000US21175
4,1869,1006,863,0500000US21175
5,1366,671,695,0500000US21175
6,647,296,351,0500000US21175
7,222,87,135,0500000US21175
0,30774,15708,15066,0500000US21177
1,7165,3783,3382,0500000US21177
2,9484,5193,4291,0500000US21177
3,3986,2082,1904,0500000US21177
4,4254,2070,2184,0500000US21177
5,3394,1613,1781,0500000US21177
6,1853,775,1078,0500000US21177
7,638,192,446,0500000US21177
0,45851,22625,23226,0500000US21179
1,11793,6168,5625,0500000US21179
2,14176,7036,7140,0500000US21179
3,6201,3031,3170,0500000US21179
4,6506,3204,3302,0500000US21179
5,4503,2154,2349,0500000US21179
6,1982,822,1160,0500000US21179
7,690,210,480,0500000US21179
0,7166,3550,3616,0500000US21181
1,1876,952,924,0500000US21181
2,2073,1041,1032,0500000US21181
3,1019,519,500,0500000US21181
4,1013,498,515,0500000US21181
5,718,339,379,0500000US21181
6,338,142,196,0500000US21181
7,129,59,70,0500000US21181
0,24087,11991,12096,0500000US21183
1,6416,3278,3138,0500000US21183
2,7093,3618,3475,0500000US21183
3,3056,1516,1540,0500000US21183
4,3235,1584,1651,0500000US21183
5,2515,1222,1293,0500000US21183
6,1300,607,693,0500000US21183
7,472,166,306,0500000US21183
0,66470,34810,31660,0500000US21185
1,18648,9463,9185,0500000US21185
2,20130,11275,8855,0500000US21185
3,10567,5694,4873,0500000US21185
4,8348,4203,4145,0500000US21185
5,5687,2819,2868,0500000US21185
6,2329,1106,1223,0500000US21185
7,761,250,511,0500000US21185
0,10880,5403,5477,0500000US21187
1,2641,1331,1310,0500000US21187
2,3095,1538,1557,0500000US21187
3,1474,750,724,0500000US21187
4,1657,819,838,0500000US21187
5,1229,608,621,0500000US21187
6,594,304,290,0500000US21187
7,190,53,137,0500000US21187
0,4472,2208,2264,0500000US21189
1,1086,543,543,0500000US21189
2,1267,645,622,0500000US21189
3,603,290,313,0500000US21189
4,639,329,310,0500000US21189
5,506,246,260,0500000US21189
6,278,115,163,0500000US21189
7,93,40,53,0500000US21189
0,14529,7406,7123,0500000US21191
1,3577,1879,1698,0500000US21191
2,4214,2188,2026,0500000US21191
3,2150,1119,1031,0500000US21191
4,2251,1145,1106,0500000US21191
5,1443,700,743,0500000US21191
6,655,293,362,0500000US21191
7,239,82,157,0500000US21191
0,26092,12836,13256,0500000US21193
1,6449,3332,3117,0500000US21193
2,7858,3928,3930,0500000US21193
3,3607,1742,1865,0500000US21193
4,3749,1778,1971,0500000US21193
5,2772,1312,1460,0500000US21193
6,1260,575,685,0500000US21193
7,397,169,228,0500000US21193
0,58402,28499,29903,0500000US21195
1,13381,6825,6556,0500000US21195
2,17173,8767,8406,0500000US21195
3,8043,3842,4201,0500000US21195
4,8843,4276,4567,0500000US21195
5,6772,3132,3640,0500000US21195
6,3052,1287,1765,0500000US21195
7,1138,370,768,0500000US21195
0,12442,6177,6265,0500000US21197
1,3270,1687,1583,0500000US21197
2,3834,1923,1911,0500000US21197
3,1661,863,798,0500000US21197
4,1702,823,879,0500000US21197
5,1248,579,669,0500000US21197
6,560,246,314,0500000US21197
7,167,56,111,0500000US21197
0,64623,31566,33057,0500000US21199
1,15640,8074,7566,0500000US21199
2,18916,9363,9553,0500000US21199
3,8759,4284,4475,0500000US21199
4,9178,4375,4803,0500000US21199
5,7218,3397,3821,0500000US21199
6,3775,1683,2092,0500000US21199
7,1137,390,747,0500000US21199
0,2135,1079,1056,0500000US21201
1,482,250,232,0500000US21201
2,562,290,272,0500000US21201
3,297,154,143,0500000US21201
4,334,157,177,0500000US21201
5,239,120,119,0500000US21201
6,155,79,76,0500000US21201
7,66,29,37,0500000US21201
0,16750,8185,8565,0500000US21203
1,3959,1982,1977,0500000US21203
2,4796,2352,2444,0500000US21203
3,2515,1279,1236,0500000US21203
4,2439,1216,1223,0500000US21203
5,1812,824,988,0500000US21203
6,962,434,528,0500000US21203
7,267,98,169,0500000US21203
0,24583,11905,12678,0500000US21205
1,6575,3247,3328,0500000US21205
2,9156,4600,4556,0500000US21205
3,2700,1297,1403,0500000US21205
4,2703,1263,1440,0500000US21205
5,2004,894,1110,0500000US21205
6,1103,479,624,0500000US21205
7,342,125,217,0500000US21205
0,17821,8756,9065,0500000US21207
1,4371,2253,2118,0500000US21207
2,4826,2386,2440,0500000US21207
3,2495,1231,1264,0500000US21207
4,2532,1199,1333,0500000US21207
5,2102,1052,1050,0500000US21207
6,1081,503,578,0500000US21207
7,414,132,282,0500000US21207
0,56031,27650,28381,0500000US21209
1,15617,7872,7745,0500000US21209
2,19323,9622,9701,0500000US21209
3,7743,3912,3831,0500000US21209
4,6601,3233,3368,0500000US21209
5,4314,2021,2293,0500000US21209
6,1817,787,1030,0500000US21209
7,616,203,413,0500000US21209
0,48518,23581,24937,0500000US21211
1,12349,6354,5995,0500000US21211
2,15345,7290,8055,0500000US21211
3,6824,3320,3504,0500000US21211
4,6516,3170,3346,0500000US21211
5,4656,2219,2437,0500000US21211
6,2104,977,1127,0500000US21211
7,724,251,473,0500000US21211
0,18529,9119,9410,0500000US21213
1,4911,2544,2367,0500000US21213
2,5614,2821,2793,0500000US21213
3,2457,1203,1254,0500000US21213
4,2491,1234,1257,0500000US21213
5,1834,830,1004,0500000US21213
6,913,381,532,0500000US21213
7,309,106,203,0500000US21213
0,18794,9515,9279,0500000US21215
1,4678,2460,2218,0500000US21215
2,5538,2737,2801,0500000US21215
3,3051,1541,1510,0500000US21215
4,2900,1493,1407,0500000US21215
5,1724,838,886,0500000US21215
6,695,351,344,0500000US21215
7,208,95,113,0500000US21215
0,25549,12483,13066,0500000US21217
1,6695,3390,3305,0500000US21217
2,7843,4036,3807,0500000US21217
3,2967,1437,1530,0500000US21217
4,3445,1607,1838,0500000US21217
5,2579,1210,1369,0500000US21217
6,1520,640,880,0500000US21217
7,500,163,337,0500000US21217
0,12311,6129,6182,0500000US21219
1,3596,1816,1780,0500000US21219
2,3574,1816,1758,0500000US21219
3,1566,794,772,0500000US21219
4,1593,800,793,0500000US21219
5,1153,552,601,0500000US21219
6,617,286,331,0500000US21219
7,212,65,147,0500000US21219
0,14643,7259,7384,0500000US21221
1,3498,1798,1700,0500000US21221
2,3650,1828,1822,0500000US21221
3,1957,941,1016,0500000US21221
4,2279,1097,1182,0500000US21221
5,1944,957,987,0500000US21221
6,1041,536,505,0500000US21221
7,274,102,172,0500000US21221
0,8515,4267,4248,0500000US21223
1,2065,1075,990,0500000US21223
2,2442,1200,1242,0500000US21223
3,1251,636,615,0500000US21223
4,1268,663,605,0500000US21223
5,940,461,479,0500000US21223
6,408,171,237,0500000US21223
7,141,61,80,0500000US21223
0,14505,7556,6949,0500000US21225
1,3450,1918,1532,0500000US21225
2,4913,2757,2156,0500000US21225
3,1757,860,897,0500000US21225
4,1980,948,1032,0500000US21225
5,1503,743,760,0500000US21225
6,664,274,390,0500000US21225
7,238,56,182,0500000US21225
0,131264,64205,67059,0500000US21227
1,36238,17936,18302,0500000US21227
2,48953,24650,24303,0500000US21227
3,14830,7291,7539,0500000US21227
4,14347,6849,7498,0500000US21227
5,10126,4715,5411,0500000US21227
6,4817,2124,2693,0500000US21227
7,1953,640,1313,0500000US21227
0,12084,5980,6104,0500000US21229
1,3138,1689,1449,0500000US21229
2,3379,1685,1694,0500000US21229
3,1695,849,846,0500000US21229
4,1696,826,870,0500000US21229
5,1233,594,639,0500000US21229
6,667,265,402,0500000US21229
7,276,72,204,0500000US21229
0,20468,10174,10294,0500000US21231
1,4614,2374,2240,0500000US21231
2,5778,2971,2807,0500000US21231
3,2761,1381,1380,0500000US21231
4,3009,1431,1578,0500000US21231
5,2535,1221,1314,0500000US21231
6,1379,638,741,0500000US21231
7,392,158,234,0500000US21231
0,13111,6487,6624,0500000US21233
1,3310,1628,1682,0500000US21233
2,3955,2076,1879,0500000US21233
3,1695,851,844,0500000US21233
4,1868,905,963,0500000US21233
5,1353,660,693,0500000US21233
6,674,277,397,0500000US21233
7,256,90,166,0500000US21233
0,36242,17835,18407,0500000US21235
1,10383,5356,5027,0500000US21235
2,11200,5616,5584,0500000US21235
3,4431,2126,2305,0500000US21235
4,4449,2138,2311,0500000US21235
5,3367,1620,1747,0500000US21235
6,1844,794,1050,0500000US21235
7,568,185,383,0500000US21235
0,7177,3515,3662,0500000US21237
1,1782,918,864,0500000US21237
2,2011,986,1025,0500000US21237
3,929,454,475,0500000US21237
4,1067,512,555,0500000US21237
5,843,426,417,0500000US21237
6,416,179,237,0500000US21237
7,129,40,89,0500000US21237
0,26533,12773,13760,0500000US21239
1,6498,3206,3292,0500000US21239
2,7448,3658,3790,0500000US21239
3,3541,1700,1841,0500000US21239
4,4058,1949,2109,0500000US21239
5,3125,1495,1630,0500000US21239
6,1399,611,788,0500000US21239
7,464,154,310,0500000US21239
0,62190,30342,31848,0500000US22001
1,17517,9044,8473,0500000US22001
2,19375,9534,9841,0500000US22001
3,7561,3623,3938,0500000US22001
4,8246,3995,4251,0500000US22001
5,5508,2565,2943,0500000US22001
6,2842,1244,1598,0500000US22001
7,1141,337,804,0500000US22001
0,25605,14516,11089,0500000US22003
1,6185,3213,2972,0500000US22003
2,9151,5952,3199,0500000US22003
3,3348,2001,1347,0500000US22003
4,3077,1637,1440,0500000US22003
5,2208,1047,1161,0500000US22003
6,1199,511,688,0500000US22003
7,437,155,282,0500000US22003
0,124672,61555,63117,0500000US22005
1,36306,18667,17639,0500000US22005
2,42050,20748,21302,0500000US22005
3,16959,8300,8659,0500000US22005
4,14623,7202,7421,0500000US22005
5,9273,4428,4845,0500000US22005
6,4187,1783,2404,0500000US22005
7,1274,427,847,0500000US22005
0,22300,10819,11481,0500000US22007
1,5279,2654,2625,0500000US22007
2,6746,3297,3449,0500000US22007
3,2984,1415,1569,0500000US22007
4,3271,1573,1698,0500000US22007
5,2365,1155,1210,0500000US22007
6,1181,558,623,0500000US22007
7,474,167,307,0500000US22007
0,40462,20408,20054,0500000US22009
1,10477,5473,5004,0500000US22009
2,12924,6901,6023,0500000US22009
3,4973,2542,2431,0500000US22009
4,5238,2518,2720,0500000US22009
5,3913,1825,2088,0500000US22009
6,2107,885,1222,0500000US22009
7,830,264,566,0500000US22009
0,37253,18888,18365,0500000US22011
1,10035,5190,4845,0500000US22011
2,12055,6483,5572,0500000US22011
3,4600,2294,2306,0500000US22011
4,4692,2286,2406,0500000US22011
5,3526,1617,1909,0500000US22011
6,1771,803,968,0500000US22011
7,574,215,359,0500000US22011
0,13308,6381,6927,0500000US22013
1,3241,1617,1624,0500000US22013
2,3710,1819,1891,0500000US22013
3,1637,810,827,0500000US22013
4,1935,943,992,0500000US22013
5,1471,694,777,0500000US22013
6,894,374,520,0500000US22013
7,420,124,296,0500000US22013
0,127185,62919,64266,0500000US22015
1,34596,17892,16704,0500000US22015
2,44723,22723,22000,0500000US22015
3,14565,7115,7450,0500000US22015
4,15061,7186,7875,0500000US22015
5,10492,4833,5659,0500000US22015
6,5623,2411,3212,0500000US22015
7,2125,759,1366,0500000US22015
0,242922,114969,127953,0500000US22017
1,63252,31848,31404,0500000US22017
2,77608,37344,40264,0500000US22017
3,28115,13264,14851,0500000US22017
4,32341,14911,17430,0500000US22017
5,24107,10854,13253,0500000US22017
6,12119,4934,7185,0500000US22017
7,5380,1814,3566,0500000US22017
0,203112,99313,103799,0500000US22019
1,55397,28453,26944,0500000US22019
2,67912,33624,34288,0500000US22019
3,23660,11515,12145,0500000US22019
4,26086,12430,13656,0500000US22019
5,17750,8267,9483,0500000US22019
6,9093,3836,5257,0500000US22019
7,3214,1188,2026,0500000US22019
0,9960,5124,4836,0500000US22021
1,2502,1307,1195,0500000US22021
2,3080,1713,1367,0500000US22021
3,1272,652,620,0500000US22021
4,1337,673,664,0500000US22021
5,1035,501,534,0500000US22021
6,549,227,322,0500000US22021
7,185,51,134,0500000US22021
0,6968,3468,3500,0500000US22023
1,1687,855,832,0500000US22023
2,2117,1079,1038,0500000US22023
3,924,470,454,0500000US22023
4,1091,532,559,0500000US22023
5,676,326,350,0500000US22023
6,352,162,190,0500000US22023
7,121,44,77,0500000US22023
0,9608,5078,4530,0500000US22025
1,2254,1143,1111,0500000US22025
2,3188,1901,1287,0500000US22025
3,1130,599,531,0500000US22025
4,1357,674,683,0500000US22025
5,989,477,512,0500000US22025
6,526,227,299,0500000US22025
7,164,57,107,0500000US22025
0,15944,9028,6916,0500000US22027
1,3167,1598,1569,0500000US22027
2,5476,3713,1763,0500000US22027
3,2058,1182,876,0500000US22027
4,2197,1158,1039,0500000US22027
5,1717,849,868,0500000US22027
6,932,398,534,0500000US22027
7,397,130,267,0500000US22027
0,19572,9931,9641,0500000US22029
1,5141,2673,2468,0500000US22029
2,6226,3513,2713,0500000US22029
3,2156,1055,1101,0500000US22029
4,2670,1249,1421,0500000US22029
5,1945,851,1094,0500000US22029
6,1039,442,597,0500000US22029
7,395,148,247,0500000US22029
0,27436,13232,14204,0500000US22031
1,7178,3709,3469,0500000US22031
2,8143,3915,4228,0500000US22031
3,3426,1665,1761,0500000US22031
4,3791,1811,1980,0500000US22031
5,2882,1300,1582,0500000US22031
6,1481,629,852,0500000US22031
7,535,203,332,0500000US22031
0,440956,210609,230347,0500000US22033
1,114588,57454,57134,0500000US22033
2,163220,80071,83149,0500000US22033
3,48120,22624,25496,0500000US22033
4,52500,23961,28539,0500000US22033
5,38159,17038,21121,0500000US22033
6,17302,7175,10127,0500000US22033
7,7067,2286,4781,0500000US22033
0,7037,3811,3226,0500000US22035
1,1887,948,939,0500000US22035
2,2427,1526,901,0500000US22035
3,791,439,352,0500000US22035
4,893,469,424,0500000US22035
5,588,273,315,0500000US22035
6,333,124,209,0500000US22035
7,118,32,86,0500000US22035
0,19305,10486,8819,0500000US22037
1,3941,2048,1893,0500000US22037
2,6135,3662,2473,0500000US22037
3,2718,1561,1157,0500000US22037
4,3090,1568,1522,0500000US22037
5,2126,1032,1094,0500000US22037
6,1004,469,535,0500000US22037
7,291,146,145,0500000US22037
0,33443,17001,16442,0500000US22039
1,9248,4712,4536,0500000US22039
2,10797,5926,4871,0500000US22039
3,4023,2011,2012,0500000US22039
4,4248,2062,2186,0500000US22039
5,2952,1387,1565,0500000US22039
6,1634,714,920,0500000US22039
7,541,189,352,0500000US22039
0,20156,9752,10404,0500000US22041
1,5591,2840,2751,0500000US22041
2,5963,2998,2965,0500000US22041
3,2270,1068,1202,0500000US22041
4,2727,1334,1393,0500000US22041
5,1975,906,1069,0500000US22041
6,1169,480,689,0500000US22041
7,461,126,335,0500000US22041
0,22482,12576,9906,0500000US22043
1,5198,2713,2485,0500000US22043
2,8390,5362,3028,0500000US22043
3,2773,1543,1230,0500000US22043
4,2701,1344,1357,0500000US22043
5,2076,1014,1062,0500000US22043
6,1027,476,551,0500000US22043
7,317,124,193,0500000US22043
0,70941,34708,36233,0500000US22045
1,20061,10195,9866,0500000US22045
2,21804,10784,11020,0500000US22045
3,8617,4126,4491,0500000US22045
4,9831,4776,5055,0500000US22045
5,6260,3036,3224,0500000US22045
6,3235,1370,1865,0500000US22045
7,1133,421,712,0500000US22045
0,32721,16553,16168,0500000US22047
1,7526,3882,3644,0500000US22047
2,11185,5887,5298,0500000US22047
3,4406,2284,2122,0500000US22047
4,4423,2216,2207,0500000US22047
5,3070,1443,1627,0500000US22047
6,1516,642,874,0500000US22047
7,595,199,396,0500000US22047
0,15902,8158,7744,0500000US22049
1,3785,2021,1764,0500000US22049
2,4917,2687,2230,0500000US22049
3,1936,1027,909,0500000US22049
4,2098,1013,1085,0500000US22049
5,1732,802,930,0500000US22049
6,1046,476,570,0500000US22049
7,388,132,256,0500000US22049
0,434051,210118,223933,0500000US22051
1,103832,53220,50612,0500000US22051
2,141494,69688,71806,0500000US22051
3,54118,26254,27864,0500000US22051
4,60277,28747,31530,0500000US22051
5,43923,20210,23713,0500000US22051
6,21189,8930,12259,0500000US22051
7,9218,3069,6149,0500000US22051
0,31582,15468,16114,0500000US22053
1,8835,4582,4253,0500000US22053
2,9551,4733,4818,0500000US22053
3,3775,1800,1975,0500000US22053
4,4262,2062,2200,0500000US22053
5,2855,1281,1574,0500000US22053
6,1675,737,938,0500000US22053
7,629,273,356,0500000US22053
0,242782,118148,124634,0500000US22055
1,63336,32075,31261,0500000US22055
2,88115,43899,44216,0500000US22055
3,28787,13872,14915,0500000US22055
4,30477,14242,16235,0500000US22055
5,19492,9174,10318,0500000US22055
6,8915,3684,5231,0500000US22055
7,3660,1202,2458,0500000US22055
0,98115,48123,49992,0500000US22057
1,25249,12765,12484,0500000US22057
2,31808,15912,15896,0500000US22057
3,12718,6244,6474,0500000US22057
4,13172,6490,6682,0500000US22057
5,8651,4048,4603,0500000US22057
6,4722,2047,2675,0500000US22057
7,1795,617,1178,0500000US22057
0,14917,7732,7185,0500000US22059
1,3757,1923,1834,0500000US22059
2,5019,2889,2130,0500000US22059
3,1767,918,849,0500000US22059
4,1850,884,966,0500000US22059
5,1453,676,777,0500000US22059
6,791,345,446,0500000US22059
7,280,97,183,0500000US22059
0,47196,22948,24248,0500000US22061
1,12803,6411,6392,0500000US22061
2,19039,9567,9472,0500000US22061
3,4295,2042,2253,0500000US22061
4,4663,2212,2451,0500000US22061
5,3596,1643,1953,0500000US22061
6,1918,798,1120,0500000US22061
7,882,275,607,0500000US22061
0,139567,68810,70757,0500000US22063
1,38861,19816,19045,0500000US22063
2,47387,23436,23951,0500000US22063
3,18307,9150,9157,0500000US22063
4,16590,8104,8486,0500000US22063
5,11554,5359,6195,0500000US22063
6,5373,2355,3018,0500000US22063
7,1495,590,905,0500000US22063
0,11161,5540,5621,0500000US22065
1,2869,1441,1428,0500000US22065
2,3925,2055,1870,0500000US22065
3,1423,698,725,0500000US22065
4,1338,618,720,0500000US22065
5,945,453,492,0500000US22065
6,454,196,258,0500000US22065
7,207,79,128,0500000US22065
0,25398,12212,13186,0500000US22067
1,6685,3426,3259,0500000US22067
2,7452,3715,3737,0500000US22067
3,3013,1417,1596,0500000US22067
4,3485,1583,1902,0500000US22067
5,2813,1304,1509,0500000US22067
6,1352,562,790,0500000US22067
7,598,205,393,0500000US22067
0,38659,18589,20070,0500000US22069
1,10958,5511,5447,0500000US22069
2,12917,6320,6597,0500000US22069
3,4031,1934,2097,0500000US22069
4,4338,1976,2362,0500000US22069
5,3697,1716,1981,0500000US22069
6,1971,857,1114,0500000US22069
7,747,275,472,0500000US22069
0,391006,185068,205938,0500000US22071
1,87585,43981,43604,0500000US22071
2,147348,69878,77470,0500000US22071
3,46597,22257,24340,0500000US22071
4,51716,24208,27508,0500000US22071
5,35889,16260,19629,0500000US22071
6,15247,6280,8967,0500000US22071
7,6624,2204,4420,0500000US22071
0,154475,74050,80425,0500000US22073
1,42700,21677,21023,0500000US22073
2,51582,25012,26570,0500000US22073
3,18261,8655,9606,0500000US22073
4,19085,9071,10014,0500000US22073
5,13288,5922,7366,0500000US22073
6,6827,2755,4072,0500000US22073
7,2732,958,1774,0500000US22073
0,23410,11805,11605,0500000US22075
1,6603,3442,3161,0500000US22075
2,7607,3865,3742,0500000US22075
3,3116,1540,1576,0500000US22075
4,2941,1512,1429,0500000US22075
5,1842,896,946,0500000US22075
6,968,452,516,0500000US22075
7,333,98,235,0500000US22075
0,21940,10543,11397,0500000US22077
1,5260,2682,2578,0500000US22077
2,6133,3013,3120,0500000US22077
3,2645,1273,1372,0500000US22077
4,3386,1582,1804,0500000US22077
5,2684,1212,1472,0500000US22077
6,1323,578,745,0500000US22077
7,509,203,306,0500000US22077
0,130562,63168,67394,0500000US22079
1,35552,18172,17380,0500000US22079
2,40860,20199,20661,0500000US22079
3,15819,7528,8291,0500000US22079
4,16956,8079,8877,0500000US22079
5,12270,5565,6705,0500000US22079
6,6582,2776,3806,0500000US22079
7,2523,849,1674,0500000US22079
0,8477,4078,4399,0500000US22081
1,2154,1113,1041,0500000US22081
2,2361,1179,1182,0500000US22081
3,1087,530,557,0500000US22081
4,1256,584,672,0500000US22081
5,909,402,507,0500000US22081
6,524,229,295,0500000US22081
7,186,41,145,0500000US22081
0,20192,9852,10340,0500000US22083
1,5213,2742,2471,0500000US22083
2,6327,3116,3211,0500000US22083
3,2338,1119,1219,0500000US22083
4,2770,1289,1481,0500000US22083
5,2081,1011,1070,0500000US22083
6,1063,442,621,0500000US22083
7,400,133,267,0500000US22083
0,24032,11862,12170,0500000US22085
1,6187,3177,3010,0500000US22085
2,6710,3292,3418,0500000US22085
3,2893,1437,1456,0500000US22085
4,3262,1601,1661,0500000US22085
5,2901,1415,1486,0500000US22085
6,1526,754,772,0500000US22085
7,553,186,367,0500000US22085
0,46721,22896,23825,0500000US22087
1,13428,6896,6532,0500000US22087
2,16611,7946,8665,0500000US22087
3,5468,2708,2760,0500000US22087
4,5874,2889,2985,0500000US22087
5,3357,1621,1736,0500000US22087
6,1416,641,775,0500000US22087
7,567,195,372,0500000US22087
0,52879,25940,26939,0500000US22089
1,14174,7257,6917,0500000US22089
2,16825,8223,8602,0500000US22089
3,7163,3454,3709,0500000US22089
4,7543,3716,3827,0500000US22089
5,4457,2132,2325,0500000US22089
6,1987,855,1132,0500000US22089
7,730,303,427,0500000US22089
0,10262,4947,5315,0500000US22091
1,2364,1187,1177,0500000US22091
2,3113,1543,1570,0500000US22091
3,1284,605,679,0500000US22091
4,1455,704,751,0500000US22091
5,1196,554,642,0500000US22091
6,639,267,372,0500000US22091
7,211,87,124,0500000US22091
0,21037,10161,10876,0500000US22093
1,5197,2661,2536,0500000US22093
2,6508,3204,3304,0500000US22093
3,2658,1235,1423,0500000US22093
4,3064,1497,1567,0500000US22093
5,2108,965,1143,0500000US22093
6,1141,461,680,0500000US22093
7,361,138,223,0500000US22093
0,43184,21066,22118,0500000US22095
1,11704,5944,5760,0500000US22095
2,13747,6753,6994,0500000US22095
3,5584,2585,2999,0500000US22095
4,6005,2924,3081,0500000US22095
5,3865,1851,2014,0500000US22095
6,1707,774,933,0500000US22095
7,572,235,337,0500000US22095
0,82764,39950,42814,0500000US22097
1,24223,12487,11736,0500000US22097
2,24569,11853,12716,0500000US22097
3,9624,4595,5029,0500000US22097
4,11020,5234,5786,0500000US22097
5,7792,3579,4213,0500000US22097
6,4037,1718,2319,0500000US22097
7,1499,484,1015,0500000US22097
0,53621,26359,27262,0500000US22099
1,14145,7190,6955,0500000US22099
2,17160,8617,8543,0500000US22099
3,6780,3246,3534,0500000US22099
4,7479,3609,3870,0500000US22099
5,4865,2318,2547,0500000US22099
6,2383,1064,1319,0500000US22099
7,809,315,494,0500000US22099
0,49774,24545,25229,0500000US22101
1,12960,6627,6333,0500000US22101
2,14861,7433,7428,0500000US22101
3,6441,3145,3296,0500000US22101
4,7270,3597,3673,0500000US22101
5,4716,2256,2460,0500000US22101
6,2563,1143,1420,0500000US22101
7,963,344,619,0500000US22101
0,258111,125280,132831,0500000US22103
1,67625,34451,33174,0500000US22103
2,76258,37293,38965,0500000US22103
3,34152,16437,17715,0500000US22103
4,36382,17323,19059,0500000US22103
5,26924,12718,14206,0500000US22103
6,12310,5481,6829,0500000US22103
7,4460,1577,2883,0500000US22103
0,133777,64790,68987,0500000US22105
1,36775,18503,18272,0500000US22105
2,45576,22386,23190,0500000US22105
3,15490,7396,8094,0500000US22105
4,16706,7921,8785,0500000US22105
5,12045,5645,6400,0500000US22105
6,5330,2288,3042,0500000US22105
7,1855,651,1204,0500000US22105
0,4462,2158,2304,0500000US22107
1,1115,582,533,0500000US22107
2,1061,511,550,0500000US22107
3,479,236,243,0500000US22107
4,718,346,372,0500000US22107
5,651,299,352,0500000US22107
6,308,146,162,0500000US22107
7,130,38,92,0500000US22107
0,111021,54649,56372,0500000US22109
1,30542,15623,14919,0500000US22109
2,36180,18006,18174,0500000US22109
3,13823,6781,7042,0500000US22109
4,14492,7108,7384,0500000US22109
5,9524,4458,5066,0500000US22109
6,4793,2030,2763,0500000US22109
7,1667,643,1024,0500000US22109
0,22330,11056,11274,0500000US22111
1,5359,2757,2602,0500000US22111
2,6238,3138,3100,0500000US22111
3,2729,1348,1381,0500000US22111
4,3414,1645,1769,0500000US22111
5,2653,1326,1327,0500000US22111
6,1404,629,775,0500000US22111
7,533,213,320,0500000US22111
0,59830,28974,30856,0500000US22113
1,16650,8477,8173,0500000US22113
2,18494,8955,9539,0500000US22113
3,7377,3575,3802,0500000US22113
4,8197,3942,4255,0500000US22113
5,5172,2434,2738,0500000US22113
6,2791,1189,1602,0500000US22113
7,1149,402,747,0500000US22113
0,48860,26045,22815,0500000US22115
1,13515,7035,6480,0500000US22115
2,20108,11665,8443,0500000US22115
3,4814,2443,2371,0500000US22115
4,4464,2231,2233,0500000US22115
5,3528,1618,1910,0500000US22115
6,1857,808,1049,0500000US22115
7,574,245,329,0500000US22115
0,46582,23027,23555,0500000US22117
1,12299,6343,5956,0500000US22117
2,14001,7084,6917,0500000US22117
3,5459,2781,2678,0500000US22117
4,6468,3090,3378,0500000US22117
5,4972,2343,2629,0500000US22117
6,2499,1045,1454,0500000US22117
7,884,341,543,0500000US22117
0,38798,18861,19937,0500000US22119
1,9605,4967,4638,0500000US22119
2,11320,5646,5674,0500000US22119
3,4813,2380,2433,0500000US22119
4,5394,2594,2800,0500000US22119
5,4235,1965,2270,0500000US22119
6,2494,1001,1493,0500000US22119
7,937,308,629,0500000US22119
0,26427,13047,13380,0500000US22121
1,6992,3561,3431,0500000US22121
2,9058,4600,4458,0500000US22121
3,3264,1558,1706,0500000US22121
4,3506,1695,1811,0500000US22121
5,2149,1063,1086,0500000US22121
6,1069,437,632,0500000US22121
7,389,133,256,0500000US22121
0,10982,5588,5394,0500000US22123
1,2795,1512,1283,0500000US22123
2,3321,1775,1546,0500000US22123
3,1280,640,640,0500000US22123
4,1496,742,754,0500000US22123
5,1141,541,600,0500000US22123
6,725,303,422,0500000US22123
7,224,75,149,0500000US22123
0,15460,10106,5354,0500000US22125
1,2762,1390,1372,0500000US22125
2,5536,4127,1409,0500000US22125
3,2720,2026,694,0500000US22125
4,2119,1364,755,0500000US22125
5,1451,796,655,0500000US22125
6,605,291,314,0500000US22125
7,267,112,155,0500000US22125
0,14134,7575,6559,0500000US22127
1,3250,1652,1598,0500000US22127
2,4514,2708,1806,0500000US22127
3,1892,1086,806,0500000US22127
4,1852,970,882,0500000US22127
5,1507,706,801,0500000US22127
6,798,357,441,0500000US22127
7,321,96,225,0500000US22127
0,107679,52706,54973,0500000US23001
1,26054,13251,12803,0500000US23001
2,32368,15964,16404,0500000US23001
3,14640,7218,7422,0500000US23001
4,15526,7658,7868,0500000US23001
5,11150,5347,5803,0500000US23001
6,5509,2408,3101,0500000US23001
7,2432,860,1572,0500000US23001
0,67111,33186,33925,0500000US23003
1,13740,7134,6606,0500000US23003
2,17042,8647,8395,0500000US23003
3,8949,4417,4532,0500000US23003
4,11184,5582,5602,0500000US23003
5,9190,4545,4645,0500000US23003
6,4897,2163,2734,0500000US23003
7,2109,698,1411,0500000US23003
0,293557,142464,151093,0500000US23005
1,62193,31832,30361,0500000US23005
2,94099,47014,47085,0500000US23005
3,39991,19378,20613,0500000US23005
4,43113,20503,22610,0500000US23005
5,31898,14927,16971,0500000US23005
6,15300,6546,8754,0500000US23005
7,6963,2264,4699,0500000US23005
0,29897,14676,15221,0500000US23007
1,6232,3134,3098,0500000US23007
2,8108,3955,4153,0500000US23007
3,3832,1865,1967,0500000US23007
4,5020,2489,2531,0500000US23007
5,3996,1967,2029,0500000US23007
6,2006,991,1015,0500000US23007
7,703,275,428,0500000US23007
0,54811,26549,28262,0500000US23009
1,10420,5339,5081,0500000US23009
2,14316,7098,7218,0500000US23009
3,7142,3457,3685,0500000US23009
4,9444,4504,4940,0500000US23009
5,8185,3901,4284,0500000US23009
6,3761,1732,2029,0500000US23009
7,1543,518,1025,0500000US23009
0,122083,59519,62564,0500000US23011
1,26504,13443,13061,0500000US23011
2,35100,17492,17608,0500000US23011
3,16670,8126,8544,0500000US23011
4,19459,9375,10084,0500000US23011
5,14407,6917,7490,0500000US23011
6,6952,3075,3877,0500000US23011
7,2991,1091,1900,0500000US23011
0,39771,19617,20154,0500000US23013
1,7720,4026,3694,0500000US23013
2,10420,5463,4957,0500000US23013
3,5025,2517,2508,0500000US23013
4,6549,3075,3474,0500000US23013
5,5949,2788,3161,0500000US23013
6,2877,1295,1582,0500000US23013
7,1231,453,778,0500000US23013
0,34342,16852,17490,0500000US23015
1,6321,3343,2978,0500000US23015
2,8323,4176,4147,0500000US23015
3,4352,2151,2201,0500000US23015
4,5828,2795,3033,0500000US23015
5,5610,2658,2952,0500000US23015
6,2816,1324,1492,0500000US23015
7,1092,405,687,0500000US23015
0,57618,28505,29113,0500000US23017
1,11782,6094,5688,0500000US23017
2,15204,7603,7601,0500000US23017
3,7925,3831,4094,0500000US23017
4,10224,5046,5178,0500000US23017
5,7483,3753,3730,0500000US23017
6,3613,1664,1949,0500000US23017
7,1387,514,873,0500000US23017
0,151096,74754,76342,0500000US23019
1,32475,16830,15645,0500000US23019
2,47470,24153,23317,0500000US23019
3,19980,9772,10208,0500000US23019
4,22967,11208,11759,0500000US23019
5,16464,7873,8591,0500000US23019
6,8154,3597,4557,0500000US23019
7,3586,1321,2265,0500000US23019
0,16800,8378,8422,0500000US23021
1,3135,1587,1548,0500000US23021
2,3827,1879,1948,0500000US23021
3,2211,1097,1114,0500000US23021
4,3138,1546,1592,0500000US23021
5,2737,1420,1317,0500000US23021
6,1224,611,613,0500000US23021
7,528,238,290,0500000US23021
0,35634,17314,18320,0500000US23023
1,7440,3813,3627,0500000US23023
2,9723,4775,4948,0500000US23023
3,4798,2346,2452,0500000US23023
4,5792,2761,3031,0500000US23023
5,4708,2230,2478,0500000US23023
6,2358,1109,1249,0500000US23023
7,815,280,535,0500000US23023
0,50592,25163,25429,0500000US23025
1,10625,5443,5182,0500000US23025
2,13701,6899,6802,0500000US23025
3,7325,3617,3708,0500000US23025
4,8411,4176,4235,0500000US23025
5,6381,3201,3180,0500000US23025
6,3075,1424,1651,0500000US23025
7,1074,403,671,0500000US23025
0,39694,19517,20177,0500000US23027
1,8192,4236,3956,0500000US23027
2,10874,5452,5422,0500000US23027
3,5142,2519,2623,0500000US23027
4,6561,3101,3460,0500000US23027
5,5639,2739,2900,0500000US23027
6,2397,1132,1265,0500000US23027
7,889,338,551,0500000US23027
0,31490,15567,15923,0500000US23029
1,6635,3418,3217,0500000US23029
2,7891,3966,3925,0500000US23029
3,3923,1956,1967,0500000US23029
4,5354,2613,2741,0500000US23029
5,4563,2293,2270,0500000US23029
6,2319,1042,1277,0500000US23029
7,805,279,526,0500000US23029
0,206229,100606,105623,0500000US23031
1,43036,22160,20876,0500000US23031
2,59281,29669,29612,0500000US23031
3,28268,13905,14363,0500000US23031
4,33411,15955,17456,0500000US23031
5,25007,11827,13180,0500000US23031
6,11955,5274,6681,0500000US23031
7,5271,1816,3455,0500000US23031
0,70975,36998,33977,0500000US24001
1,14952,7718,7234,0500000US24001
2,23322,13462,9860,0500000US24001
3,8905,4755,4150,0500000US24001
4,9396,4709,4687,0500000US24001
5,7779,3631,4148,0500000US24001
6,4690,2050,2640,0500000US24001
7,1931,673,1258,0500000US24001
0,576031,285333,290698,0500000US24003
1,141413,72695,68718,0500000US24003
2,195141,100122,95019,0500000US24003
3,78322,38100,40222,0500000US24003
4,76605,36837,39768,0500000US24003
5,50330,23247,27083,0500000US24003
6,24607,10879,13728,0500000US24003
7,9613,3453,6160,0500000US24003
0,828431,392710,435721,0500000US24005
1,201367,102133,99234,0500000US24005
2,265377,127971,137406,0500000US24005
3,105539,49734,55805,0500000US24005
4,113838,53128,60710,0500000US24005
5,79409,35597,43812,0500000US24005
6,40334,16527,23807,0500000US24005
7,22567,7620,14947,0500000US24005
0,92003,45613,46390,0500000US24009
1,23482,12040,11442,0500000US24009
2,27080,13692,13388,0500000US24009
3,13818,6744,7074,0500000US24009
4,13936,6830,7106,0500000US24009
5,8222,4006,4216,0500000US24009
6,3887,1789,2098,0500000US24009
7,1578,512,1066,0500000US24009
0,33304,16326,16978,0500000US24011
1,8608,4348,4260,0500000US24011
2,9986,4955,5031,0500000US24011
3,4481,2237,2244,0500000US24011
4,4819,2346,2473,0500000US24011
5,3188,1512,1676,0500000US24011
6,1608,733,875,0500000US24011
7,614,195,419,0500000US24011
0,168429,83295,85134,0500000US24013
1,40739,20962,19777,0500000US24013
2,48650,24734,23916,0500000US24013
3,25326,12383,12943,0500000US24013
4,25336,12590,12746,0500000US24013
5,16397,7790,8607,0500000US24013
6,8392,3591,4801,0500000US24013
7,3589,1245,2344,0500000US24013
0,102826,51039,51787,0500000US24015
1,25596,13205,12391,0500000US24015
2,30943,15421,15522,0500000US24015
3,14846,7304,7542,0500000US24015
4,15255,7602,7653,0500000US24015
5,10046,4805,5241,0500000US24015
6,4546,2138,2408,0500000US24015
7,1594,564,1030,0500000US24015
0,161503,77776,83727,0500000US24017
1,42632,21774,20858,0500000US24017
2,51737,25029,26708,0500000US24017
3,25463,11895,13568,0500000US24017
4,21473,10268,11205,0500000US24017
5,12348,5600,6748,0500000US24017
6,5835,2520,3315,0500000US24017
7,2015,690,1325,0500000US24017
0,31998,15211,16787,0500000US24019
1,7295,3789,3506,0500000US24019
2,8776,4085,4691,0500000US24019
3,4037,1899,2138,0500000US24019
4,4979,2339,2640,0500000US24019
5,3965,1859,2106,0500000US24019
6,2087,924,1163,0500000US24019
7,859,316,543,0500000US24019
0,255648,126126,129522,0500000US24021
1,65695,33616,32079,0500000US24021
2,81188,40846,40342,0500000US24021
3,37188,18383,18805,0500000US24021
4,34605,16930,17675,0500000US24021
5,21784,10325,11459,0500000US24021
6,10468,4558,5910,0500000US24021
7,4720,1468,3252,0500000US24021
0,29163,14389,14774,0500000US24023
1,6008,3136,2872,0500000US24023
2,7996,4047,3949,0500000US24023
3,3950,1910,2040,0500000US24023
4,4685,2273,2412,0500000US24023
5,3773,1846,1927,0500000US24023
6,1986,939,1047,0500000US24023
7,765,238,527,0500000US24023
0,253956,124388,129568,0500000US24025
1,62215,32212,30003,0500000US24025
2,78029,38936,39093,0500000US24025
3,36077,17451,18626,0500000US24025
4,36507,17675,18832,0500000US24025
5,24497,11429,13068,0500000US24025
6,12077,5211,6866,0500000US24025
7,4554,1474,3080,0500000US24025
0,323196,158137,165059,0500000US24027
1,86127,44194,41933,0500000US24027
2,103539,50869,52670,0500000US24027
3,46696,22484,24212,0500000US24027
4,42205,20541,21664,0500000US24027
5,27279,12722,14557,0500000US24027
6,12755,5595,7160,0500000US24027
7,4595,1732,2863,0500000US24027
0,19383,9242,10141,0500000US24029
1,3897,1912,1985,0500000US24029
2,5163,2567,2596,0500000US24029
3,2136,1050,1086,0500000US24029
4,3010,1381,1629,0500000US24029
5,2803,1300,1503,0500000US24029
6,1656,773,883,0500000US24029
7,718,259,459,0500000US24029
0,1052567,508919,543648,0500000US24031
1,266992,136670,130322,0500000US24031
2,338122,166472,171650,0500000US24031
3,145834,69698,76136,0500000US24031
4,138103,65473,72630,0500000US24031
5,92661,42339,50322,0500000US24031
6,46552,19796,26756,0500000US24031
7,24303,8471,15832,0500000US24031
0,909308,437746,471562,0500000US24033
1,228912,116444,112468,0500000US24033
2,316076,157905,158171,0500000US24033
3,125668,59243,66425,0500000US24033
4,118052,54163,63889,0500000US24033
5,75982,32589,43393,0500000US24033
6,32789,13519,19270,0500000US24033
7,11829,3883,7946,0500000US24033
0,50251,24945,25306,0500000US24035
1,11886,6077,5809,0500000US24035
2,13341,6698,6643,0500000US24035
3,7658,3790,3868,0500000US24035
4,7904,3933,3971,0500000US24035
5,5619,2693,2926,0500000US24035
6,2855,1347,1508,0500000US24035
7,988,407,581,0500000US24035
0,112664,56159,56505,0500000US24037
1,30316,15311,15005,0500000US24037
2,37192,18822,18370,0500000US24037
3,15739,7732,8007,0500000US24037
4,14687,7435,7252,0500000US24037
5,8738,4148,4590,0500000US24037
6,4367,2032,2335,0500000US24037
7,1625,679,946,0500000US24037
0,25675,13878,11797,0500000US24039
1,5667,2871,2796,0500000US24039
2,9340,5616,3724,0500000US24039
3,2944,1662,1282,0500000US24039
4,3372,1707,1665,0500000US24039
5,2525,1261,1264,0500000US24039
6,1302,594,708,0500000US24039
7,525,167,358,0500000US24039
0,36968,17461,19507,0500000US24041
1,7353,3748,3605,0500000US24041
2,8675,4239,4436,0500000US24041
3,4451,2072,2379,0500000US24041
4,5685,2607,3078,0500000US24041
5,5627,2523,3104,0500000US24041
6,3641,1674,1967,0500000US24041
7,1536,598,938,0500000US24041
0,150926,76833,74093,0500000US24043
1,36310,18656,17654,0500000US24043
2,46935,25485,21450,0500000US24043
3,21377,11065,10312,0500000US24043
4,20298,10114,10184,0500000US24043
5,14518,6863,7655,0500000US24043
6,7872,3344,4528,0500000US24043
7,3616,1306,2310,0500000US24043
0,103195,48895,54300,0500000US24045
1,28014,13907,14107,0500000US24045
2,33743,16078,17665,0500000US24045
3,11940,5691,6249,0500000US24045
4,13100,6079,7021,0500000US24045
5,9618,4426,5192,0500000US24045
6,4792,2021,2771,0500000US24045
7,1988,693,1295,0500000US24045
0,51823,25127,26696,0500000US24047
1,9813,5007,4806,0500000US24047
2,12730,6355,6375,0500000US24047
3,6503,3149,3354,0500000US24047
4,8356,3988,4368,0500000US24047
5,8108,3821,4287,0500000US24047
6,4694,2212,2482,0500000US24047
7,1619,595,1024,0500000US24047
0,602495,282375,320120,0500000US24510
1,139669,70154,69515,0500000US24510
2,231882,110548,121334,0500000US24510
3,70029,33124,36905,0500000US24510
4,76528,34502,42026,0500000US24510
5,50236,21574,28662,0500000US24510
6,23489,9125,14364,0500000US24510
7,10662,3348,7314,0500000US24510
0,213413,102092,111321,0500000US25001
1,36179,18679,17500,0500000US25001
2,48558,24999,23559,0500000US25001
3,25810,12167,13643,0500000US25001
4,37567,17381,20186,0500000US25001
5,37076,17090,19986,0500000US25001
6,19583,8641,10942,0500000US25001
7,8640,3135,5505,0500000US25001
0,126348,61187,65161,0500000US25003
1,24920,12608,12312,0500000US25003
2,35095,17676,17419,0500000US25003
3,16419,7971,8448,0500000US25003
4,20516,9785,10731,0500000US25003
5,16593,7899,8694,0500000US25003
6,8522,3774,4748,0500000US25003
7,4283,1474,2809,0500000US25003
0,564022,273143,290879,0500000US25005
1,130688,66407,64281,0500000US25005
2,178294,88378,89916,0500000US25005
3,80294,39110,41184,0500000US25005
4,79282,38162,41120,0500000US25005
5,54634,25286,29348,0500000US25005
6,27133,11475,15658,0500000US25005
7,13697,4325,9372,0500000US25005
0,17352,8557,8795,0500000US25007
1,3331,1709,1622,0500000US25007
2,4646,2387,2259,0500000US25007
3,2306,1148,1158,0500000US25007
4,2850,1387,1463,0500000US25007
5,2700,1259,1441,0500000US25007
6,1091,509,582,0500000US25007
7,428,158,270,0500000US25007
0,790638,381264,409374,0500000US25009
1,189877,96999,92878,0500000US25009
2,244198,120765,123433,0500000US25009
3,108773,51721,57052,0500000US25009
4,112994,53818,59176,0500000US25009
5,77647,35757,41890,0500000US25009
6,37940,15941,21999,0500000US25009
7,19209,6263,12946,0500000US25009
0,70963,34435,36528,0500000US25011
1,13666,6999,6667,0500000US25011
2,20436,10237,10199,0500000US25011
3,9221,4432,4789,0500000US25011
4,12016,5712,6304,0500000US25011
5,9928,4708,5220,0500000US25011
6,3878,1741,2137,0500000US25011
7,1818,606,1212,0500000US25011
0,470406,227388,243018,0500000US25013
1,115556,59459,56097,0500000US25013
2,151542,74655,76887,0500000US25013
3,59989,28460,31529,0500000US25013
4,64270,30871,33399,0500000US25013
5,44989,20783,24206,0500000US25013
6,22439,9427,13012,0500000US25013
7,11621,3733,7888,0500000US25013
0,161355,75345,86010,0500000US25015
1,36642,17348,19294,0500000US25015
2,57219,27043,30176,0500000US25015
3,18330,8767,9563,0500000US25015
4,21356,9924,11432,0500000US25015
5,16879,7854,9025,0500000US25015
6,7336,3189,4147,0500000US25015
7,3593,1220,2373,0500000US25015
0,1614714,790488,824226,0500000US25017
1,365811,186547,179264,0500000US25017
2,576852,289971,286881,0500000US25017
3,216593,105820,110773,0500000US25017
4,209070,101404,107666,0500000US25017
5,139577,64318,75259,0500000US25017
6,71312,30142,41170,0500000US25017
7,35499,12286,23213,0500000US25017
0,11327,5769,5558,0500000US25019
1,2571,1274,1297,0500000US25019
2,3903,2063,1840,0500000US25019
3,1677,896,781,0500000US25019
4,1496,730,766,0500000US25019
5,1011,501,510,0500000US25019
6,450,218,232,0500000US25019
7,219,87,132,0500000US25019
0,705388,339234,366154,0500000US25021
1,165716,84066,81650,0500000US25021
2,223427,109447,113980,0500000US25021
3,99008,47834,51174,0500000US25021
4,98355,47244,51111,0500000US25021
5,66016,30252,35764,0500000US25021
6,34640,14352,20288,0500000US25021
7,18226,6039,12187,0500000US25021
0,518132,251872,266260,0500000US25023
1,123670,63278,60392,0500000US25023
2,147749,73605,74144,0500000US25023
3,75732,36573,39159,0500000US25023
4,77117,37063,40054,0500000US25023
5,55705,25790,29915,0500000US25023
6,26752,11754,14998,0500000US25023
7,11407,3809,7598,0500000US25023
0,807252,390083,417169,0500000US25025
1,167128,83184,83944,0500000US25025
2,370529,182837,187692,0500000US25025
3,89008,43514,45494,0500000US25025
4,83936,39872,44064,0500000US25025
5,55549,24822,30727,0500000US25025
6,27754,11434,16320,0500000US25025
7,13348,4420,8928,0500000US25025
0,830839,409671,421168,0500000US25027
1,198964,101822,97142,0500000US25027
2,265184,133356,131828,0500000US25027
3,118371,58394,59977,0500000US25027
4,118342,58339,60003,0500000US25027
5,75525,36052,39473,0500000US25027
6,36589,15755,20834,0500000US25027
7,17864,5953,11911,0500000US25027
0,10362,5224,5138,0500000US26001
1,1440,729,711,0500000US26001
2,1884,978,906,0500000US26001
3,1225,614,611,0500000US26001
4,2100,1041,1059,0500000US26001
5,2025,1032,993,0500000US26001
6,1327,684,643,0500000US26001
7,361,146,215,0500000US26001
0,9097,5033,4064,0500000US26003
1,1530,772,758,0500000US26003
2,2525,1675,850,0500000US26003
3,1100,611,489,0500000US26003
4,1607,813,794,0500000US26003
5,1398,738,660,0500000US26003
6,695,338,357,0500000US26003
7,242,86,156,0500000US26003
0,117327,58615,58712,0500000US26005
1,31071,15910,15161,0500000US26005
2,34383,17392,16991,0500000US26005
3,15431,7769,7662,0500000US26005
4,17028,8518,8510,0500000US26005
5,11813,5773,6040,0500000US26005
6,5597,2565,3032,0500000US26005
7,2004,688,1316,0500000US26005
0,28360,13976,14384,0500000US26007
1,5834,2973,2861,0500000US26007
2,7442,3831,3611,0500000US26007
3,3551,1744,1807,0500000US26007
4,4886,2400,2486,0500000US26007
5,3661,1786,1875,0500000US26007
6,2089,937,1152,0500000US26007
7,897,305,592,0500000US26007
0,23365,11617,11748,0500000US26009
1,4654,2368,2286,0500000US26009
2,5349,2752,2597,0500000US26009
3,2840,1387,1453,0500000US26009
4,4180,2045,2135,0500000US26009
5,3683,1825,1858,0500000US26009
6,1984,980,1004,0500000US26009
7,675,260,415,0500000US26009
0,15041,7584,7457,0500000US26011
1,2990,1523,1467,0500000US26011
2,3690,1884,1806,0500000US26011
3,1818,919,899,0500000US26011
4,2796,1424,1372,0500000US26011
5,2228,1124,1104,0500000US26011
6,1138,557,581,0500000US26011
7,381,153,228,0500000US26011
0,8320,4586,3734,0500000US26013
1,1641,825,816,0500000US26013
2,2448,1601,847,0500000US26013
3,1121,583,538,0500000US26013
4,1270,689,581,0500000US26013
5,1064,535,529,0500000US26013
6,563,277,286,0500000US26013
7,213,76,137,0500000US26013
0,61157,30784,30373,0500000US26015
1,14959,7691,7268,0500000US26015
2,17289,8822,8467,0500000US26015
3,8100,4096,4004,0500000US26015
4,9555,4856,4699,0500000US26015
5,6752,3338,3414,0500000US26015
6,3335,1574,1761,0500000US26015
7,1167,407,760,0500000US26015
0,103923,51068,52855,0500000US26017
1,23174,11942,11232,0500000US26017
2,30449,15480,14969,0500000US26017
3,13225,6652,6573,0500000US26017
4,15880,7595,8285,0500000US26017
5,12060,5749,6311,0500000US26017
6,6344,2808,3536,0500000US26017
7,2791,842,1949,0500000US26017
0,17753,8814,8939,0500000US26019
1,3551,1848,1703,0500000US26019
2,4340,2191,2149,0500000US26019
3,2135,1045,1090,0500000US26019
4,3088,1504,1584,0500000US26019
5,2676,1323,1353,0500000US26019
6,1436,696,740,0500000US26019
7,527,207,320,0500000US26019
0,154141,75450,78691,0500000US26021
1,37239,18973,18266,0500000US26021
2,44438,22358,22080,0500000US26021
3,19452,9602,9850,0500000US26021
4,22610,10995,11615,0500000US26021
5,17282,8072,9210,0500000US26021
6,9132,4031,5101,0500000US26021
7,3988,1419,2569,0500000US26021
0,43622,22485,21137,0500000US26023
1,11055,5634,5421,0500000US26023
2,12731,6940,5791,0500000US26023
3,5563,3036,2527,0500000US26023
4,6341,3231,3110,0500000US26023
5,4632,2263,2369,0500000US26023
6,2477,1103,1374,0500000US26023
7,823,278,545,0500000US26023
0,134487,65817,68670,0500000US26025
1,34364,17689,16675,0500000US26025
2,40732,20180,20552,0500000US26025
3,16814,8254,8560,0500000US26025
4,18590,9052,9538,0500000US26025
5,13696,6498,7198,0500000US26025
6,7161,3069,4092,0500000US26025
7,3130,1075,2055,0500000US26025
0,51653,25919,25734,0500000US26027
1,11850,6108,5742,0500000US26027
2,13772,7050,6722,0500000US26027
3,7067,3534,3533,0500000US26027
4,8102,4079,4023,0500000US26027
5,6681,3277,3404,0500000US26027
6,3181,1505,1676,0500000US26027
7,1000,366,634,0500000US26027
0,26244,12988,13256,0500000US26029
1,5480,2763,2717,0500000US26029
2,6598,3375,3223,0500000US26029
3,3227,1618,1609,0500000US26029
4,4540,2201,2339,0500000US26029
5,3782,1818,1964,0500000US26029
6,1908,943,965,0500000US26029
7,709,270,439,0500000US26029
0,25413,12673,12740,0500000US26031
1,4636,2440,2196,0500000US26031
2,6077,3086,2991,0500000US26031
3,3266,1655,1611,0500000US26031
4,4507,2130,2377,0500000US26031
5,4074,2048,2026,0500000US26031
6,2119,1034,1085,0500000US26031
7,734,280,454,0500000US26031
0,37517,20711,16806,0500000US26033
1,7898,4063,3835,0500000US26033
2,13089,8013,5076,0500000US26033
3,4624,2715,1909,0500000US26033
4,5164,2656,2508,0500000US26033
5,3838,1958,1880,0500000US26033
6,2128,1000,1128,0500000US26033
7,776,306,470,0500000US26033
0,30757,15375,15382,0500000US26035
1,6678,3447,3231,0500000US26035
2,7847,3977,3870,0500000US26035
3,3750,1878,1872,0500000US26035
4,5141,2526,2615,0500000US26035
5,4401,2142,2259,0500000US26035
6,2235,1133,1102,0500000US26035
7,705,272,433,0500000US26035
0,79332,39234,40098,0500000US26037
1,19481,9924,9557,0500000US26037
2,24254,12206,12048,0500000US26037
3,10875,5278,5597,0500000US26037
4,11280,5586,5694,0500000US26037
5,7955,3834,4121,0500000US26037
6,3962,1858,2104,0500000US26037
7,1525,548,977,0500000US26037
0,13901,7062,6839,0500000US26039
1,2731,1394,1337,0500000US26039
2,3201,1610,1591,0500000US26039
3,1828,935,893,0500000US26039
4,2571,1315,1256,0500000US26039
5,2056,1066,990,0500000US26039
6,1133,572,561,0500000US26039
7,381,170,211,0500000US26039
0,35857,17808,18049,0500000US26041
1,7814,4005,3809,0500000US26041
2,8996,4599,4397,0500000US26041
3,4406,2215,2191,0500000US26041
4,5976,2975,3001,0500000US26041
5,4916,2427,2489,0500000US26041
6,2539,1179,1360,0500000US26041
7,1210,408,802,0500000US26041
0,25383,12723,12660,0500000US26043
1,5623,2874,2749,0500000US26043
2,6687,3491,3196,0500000US26043
3,3189,1619,1570,0500000US26043
4,4278,2089,2189,0500000US26043
5,3057,1542,1515,0500000US26043
6,1656,763,893,0500000US26043
7,893,345,548,0500000US26043
0,109826,53971,55855,0500000US26045
1,25409,13078,12331,0500000US26045
2,34021,17181,16840,0500000US26045
3,13963,6719,7244,0500000US26045
4,16029,7730,8299,0500000US26045
5,12274,5854,6420,0500000US26045
6,5841,2560,3281,0500000US26045
7,2289,849,1440,0500000US26045
0,33308,16414,16894,0500000US26047
1,7118,3678,3440,0500000US26047
2,9223,4600,4623,0500000US26047
3,4094,2060,2034,0500000US26047
4,5368,2572,2796,0500000US26047
5,4454,2156,2298,0500000US26047
6,2147,1042,1105,0500000US26047
7,904,306,598,0500000US26047
0,406892,196242,210650,0500000US26049
1,101293,51976,49317,0500000US26049
2,122341,59589,62752,0500000US26049
3,53795,25944,27851,0500000US26049
4,58327,27716,30611,0500000US26049
5,41123,18922,22201,0500000US26049
6,21139,8993,12146,0500000US26049
7,8874,3102,5772,0500000US26049
0,25337,12814,12523,0500000US26051
1,5245,2739,2506,0500000US26051
2,5843,3041,2802,0500000US26051
3,3184,1599,1585,0500000US26051
4,4296,2141,2155,0500000US26051
5,3941,1971,1970,0500000US26051
6,2165,1059,1106,0500000US26051
7,663,264,399,0500000US26051
0,15096,8126,6970,0500000US26053
1,2655,1386,1269,0500000US26053
2,4111,2490,1621,0500000US26053
3,1888,1039,849,0500000US26053
4,2536,1312,1224,0500000US26053
5,2200,1165,1035,0500000US26053
6,1116,534,582,0500000US26053
7,590,200,390,0500000US26053
0,92573,45296,47277,0500000US26055
1,20700,10619,10081,0500000US26055
2,27471,13830,13641,0500000US26055
3,11580,5727,5853,0500000US26055
4,14395,6863,7532,0500000US26055
5,11062,5309,5753,0500000US26055
6,5071,2189,2882,0500000US26055
7,2294,759,1535,0500000US26055
0,40599,21804,18795,0500000US26057
1,9346,4814,4532,0500000US26057
2,13552,8114,5438,0500000US26057
3,5281,2959,2322,0500000US26057
4,5314,2734,2580,0500000US26057
5,3888,1877,2011,0500000US26057
6,2126,930,1196,0500000US26057
7,1092,376,716,0500000US26057
0,45749,22763,22986,0500000US26059
1,11376,5788,5588,0500000US26059
2,12646,6349,6297,0500000US26059
3,5723,2941,2782,0500000US26059
4,7029,3495,3534,0500000US26059
5,5215,2527,2688,0500000US26059
6,2760,1333,1427,0500000US26059
7,1000,330,670,0500000US26059
0,36219,19588,16631,0500000US26061
1,9676,5299,4377,0500000US26061
2,12521,7381,5140,0500000US26061
3,3481,1768,1713,0500000US26061
4,4203,2132,2071,0500000US26061
5,3605,1835,1770,0500000US26061
6,1883,864,1019,0500000US26061
7,850,309,541,0500000US26061
0,31166,15439,15727,0500000US26063
1,6614,3341,3273,0500000US26063
2,7545,3930,3615,0500000US26063
3,3907,1942,1965,0500000US26063
4,5287,2605,2682,0500000US26063
5,4321,2146,2175,0500000US26063
6,2485,1116,1369,0500000US26063
7,1007,359,648,0500000US26063
0,292735,142571,150164,0500000US26065
1,74286,37207,37079,0500000US26065
2,114533,57445,57088,0500000US26065
3,31149,15125,16024,0500000US26065
4,33308,15597,17711,0500000US26065
5,24011,11041,12970,0500000US26065
6,10696,4569,6127,0500000US26065
7,4752,1587,3165,0500000US26065
0,64210,34441,29769,0500000US26067
1,15773,8207,7566,0500000US26067
2,21565,12553,9012,0500000US26067
3,8709,4788,3921,0500000US26067
4,8686,4458,4228,0500000US26067
5,5851,2896,2955,0500000US26067
6,2694,1189,1505,0500000US26067
7,932,350,582,0500000US26067
0,25081,12437,12644,0500000US26069
1,4531,2280,2251,0500000US26069
2,5628,2878,2750,0500000US26069
3,2954,1488,1466,0500000US26069
4,4547,2225,2322,0500000US26069
5,4195,2080,2115,0500000US26069
6,2417,1154,1263,0500000US26069
7,809,332,477,0500000US26069
0,11117,5548,5569,0500000US26071
1,2030,1023,1007,0500000US26071
2,2347,1197,1150,0500000US26071
3,1224,616,608,0500000US26071
4,2114,1069,1045,0500000US26071
5,1881,1005,876,0500000US26071
6,961,452,509,0500000US26071
7,560,186,374,0500000US26071
0,70562,34331,36231,0500000US26073
1,17866,8622,9244,0500000US26073
2,29232,14571,14661,0500000US26073
3,6881,3436,3445,0500000US26073
4,7674,3681,3993,0500000US26073
5,5282,2555,2727,0500000US26073
6,2595,1148,1447,0500000US26073
7,1032,318,714,0500000US26073
0,158823,81111,77712,0500000US26075
1,37933,19581,18352,0500000US26075
2,48556,26170,22386,0500000US26075
3,21043,10987,10056,0500000US26075
4,23009,11401,11608,0500000US26075
5,16590,8081,8509,0500000US26075
6,8191,3649,4542,0500000US26075
7,3501,1242,2259,0500000US26075
0,264870,129661,135209,0500000US26077
1,66398,33832,32566,0500000US26077
2,98646,49376,49270,0500000US26077
3,29257,14380,14877,0500000US26077
4,30939,14830,16109,0500000US26077
5,23110,10690,12420,0500000US26077
6,11257,4777,6480,0500000US26077
7,5263,1776,3487,0500000US26077
0,17824,9146,8678,0500000US26079
1,4106,2147,1959,0500000US26079
2,4980,2569,2411,0500000US26079
3,2292,1193,1099,0500000US26079
4,2819,1407,1412,0500000US26079
5,2257,1172,1085,0500000US26079
6,1097,546,551,0500000US26079
7,273,112,161,0500000US26079
0,653786,322336,331450,0500000US26081
1,174719,89384,85335,0500000US26081
2,230585,115319,115266,0500000US26081
3,78247,38870,39377,0500000US26081
4,80939,39302,41637,0500000US26081
5,52339,24565,27774,0500000US26081
6,24997,10672,14325,0500000US26081
7,11960,4224,7736,0500000US26081
0,2113,1085,1028,0500000US26083
1,347,176,171,0500000US26083
2,384,205,179,0500000US26083
3,208,100,108,0500000US26083
4,397,200,197,0500000US26083
5,465,244,221,0500000US26083
6,248,138,110,0500000US26083
7,64,22,42,0500000US26083
0,11881,6041,5840,0500000US26085
1,2097,1067,1030,0500000US26085
2,2536,1300,1236,0500000US26085
3,1481,766,715,0500000US26085
4,2366,1146,1220,0500000US26085
5,2089,1099,990,0500000US26085
6,1028,533,495,0500000US26085
7,284,130,154,0500000US26085
0,88028,44635,43393,0500000US26087
1,20171,10468,9703,0500000US26087
2,24413,12722,11691,0500000US26087
3,13003,6554,6449,0500000US26087
4,14478,7360,7118,0500000US26087
5,9800,4807,4993,0500000US26087
6,4653,2198,2455,0500000US26087
7,1510,526,984,0500000US26087
0,21764,10748,11016,0500000US26089
1,3868,2016,1852,0500000US26089
2,4856,2438,2418,0500000US26089
3,2290,1138,1152,0500000US26089
4,4019,1890,2129,0500000US26089
5,3906,1937,1969,0500000US26089
6,1994,987,1007,0500000US26089
7,831,342,489,0500000US26089
0,98266,49663,48603,0500000US26091
1,23419,12109,11310,0500000US26091
2,29102,15498,13604,0500000US26091
3,12974,6660,6314,0500000US26091
4,14126,6987,7139,0500000US26091
5,11102,5320,5782,0500000US26091
6,5401,2328,3073,0500000US26091
7,2142,761,1381,0500000US26091
0,191224,95837,95387,0500000US26093
1,45128,23265,21863,0500000US26093
2,53653,27538,26115,0500000US26093
3,28937,14311,14626,0500000US26093
4,30586,15284,15302,0500000US26093
5,20341,9846,10495,0500000US26093
6,9201,4349,4852,0500000US26093
7,3378,1244,2134,0500000US26093
0,6283,3699,2584,0500000US26095
1,1147,628,519,0500000US26095
2,2037,1391,646,0500000US26095
3,831,523,308,0500000US26095
4,976,529,447,0500000US26095
5,675,366,309,0500000US26095
6,452,198,254,0500000US26095
7,165,64,101,0500000US26095
0,10787,5508,5279,0500000US26097
1,1893,985,908,0500000US26097
2,2527,1343,1184,0500000US26097
3,1392,726,666,0500000US26097
4,1950,961,989,0500000US26097
5,1736,876,860,0500000US26097
6,967,503,464,0500000US26097
7,322,114,208,0500000US26097
0,874759,425844,448915,0500000US26099
1,202311,103646,98665,0500000US26099
2,275485,137490,137995,0500000US26099
3,122731,59743,62988,0500000US26099
4,125596,60700,64896,0500000US26099
5,84782,39307,45475,0500000US26099
6,44076,18344,25732,0500000US26099
7,19778,6614,13164,0500000US26099
0,24528,12682,11846,0500000US26101
1,4721,2338,2383,0500000US26101
2,6287,3696,2591,0500000US26101
3,3005,1567,1438,0500000US26101
4,4197,2039,2158,0500000US26101
5,3690,1858,1832,0500000US26101
6,1906,903,1003,0500000US26101
7,722,281,441,0500000US26101
0,66516,33344,33172,0500000US26103
1,14712,7325,7387,0500000US26103
2,22503,11564,10939,0500000US26103
3,7283,3749,3534,0500000US26103
4,9299,4578,4721,0500000US26103
5,7522,3810,3712,0500000US26103
6,3544,1671,1873,0500000US26103
7,1653,647,1006,0500000US26103
0,29100,14447,14653,0500000US26105
1,6460,3350,3110,0500000US26105
2,7571,3869,3702,0500000US26105
3,3420,1684,1736,0500000US26105
4,4795,2342,2453,0500000US26105
5,3966,1959,2007,0500000US26105
6,2096,961,1135,0500000US26105
7,792,282,510,0500000US26105
0,43545,21849,21696,0500000US26107
1,10744,5438,5306,0500000US26107
2,14239,7472,6767,0500000US26107
3,4650,2307,2343,0500000US26107
4,5937,2916,3021,0500000US26107
5,4706,2304,2402,0500000US26107
6,2491,1140,1351,0500000US26107
7,778,272,506,0500000US26107
0,22983,11696,11287,0500000US26109
1,4649,2433,2216,0500000US26109
2,5721,3031,2690,0500000US26109
3,2981,1534,1447,0500000US26109
4,3980,2003,1977,0500000US26109
5,3198,1598,1600,0500000US26109
6,1682,801,881,0500000US26109
7,772,296,476,0500000US26109
0,83209,41035,42174,0500000US26111
1,19734,10165,9569,0500000US26111
2,25011,12681,12330,0500000US26111
3,11116,5490,5626,0500000US26111
4,12072,5951,6121,0500000US26111
5,8346,3894,4452,0500000US26111
6,4748,2064,2684,0500000US26111
7,2182,790,1392,0500000US26111
0,15113,7682,7431,0500000US26113
1,3770,1955,1815,0500000US26113
2,4045,2080,1965,0500000US26113
3,1863,929,934,0500000US26113
4,2336,1220,1116,0500000US26113
5,1812,916,896,0500000US26113
6,958,457,501,0500000US26113
7,329,125,204,0500000US26113
0,150439,74251,76188,0500000US26115
1,35427,18080,17347,0500000US26115
2,43681,21957,21724,0500000US26115
3,20763,10324,10439,0500000US26115
4,23306,11558,11748,0500000US26115
5,15983,7781,8202,0500000US26115
6,7989,3479,4510,0500000US26115
7,3290,1072,2218,0500000US26115
0,63968,33093,30875,0500000US26117
1,15607,8039,7568,0500000US26117
2,19371,10561,8810,0500000US26117
3,8624,4583,4041,0500000US26117
4,9171,4706,4465,0500000US26117
5,6578,3208,3370,0500000US26117
6,3391,1552,1839,0500000US26117
7,1226,444,782,0500000US26117
0,9265,4722,4543,0500000US26119
1,1541,820,721,0500000US26119
2,1801,920,881,0500000US26119
3,1092,552,540,0500000US26119
4,1839,905,934,0500000US26119
5,1763,939,824,0500000US26119
6,921,466,455,0500000US26119
7,308,120,188,0500000US26119
0,173588,86240,87348,0500000US26121
1,43936,22366,21570,0500000US26121
2,54004,27728,26276,0500000US26121
3,21373,10866,10507,0500000US26121
4,24751,12078,12673,0500000US26121
5,17661,8352,9309,0500000US26121
6,8349,3632,4717,0500000US26121
7,3514,1218,2296,0500000US26121
0,48892,24542,24350,0500000US26123
1,12036,6123,5913,0500000US26123
2,13511,6894,6617,0500000US26123
3,6194,3066,3128,0500000US26123
4,7794,3929,3865,0500000US26123
5,5507,2789,2718,0500000US26123
6,2878,1380,1498,0500000US26123
7,972,361,611,0500000US26123
0,1259201,617094,642107,0500000US26125
1,291762,149372,142390,0500000US26125
2,399027,202688,196339,0500000US26125
3,176879,85985,90894,0500000US26125
4,180006,86424,93582,0500000US26125
5,124642,57589,67053,0500000US26125
6,59335,25706,33629,0500000US26125
7,27550,9330,18220,0500000US26125
0,26625,13491,13134,0500000US26127
1,6684,3452,3232,0500000US26127
2,7119,3680,3439,0500000US26127
3,3197,1638,1559,0500000US26127
4,4146,2076,2070,0500000US26127
5,3216,1581,1635,0500000US26127
6,1713,841,872,0500000US26127
7,550,223,327,0500000US26127
0,20952,10439,10513,0500000US26129
1,4264,2160,2104,0500000US26129
2,4968,2533,2435,0500000US26129
3,2451,1224,1227,0500000US26129
4,3855,1905,1950,0500000US26129
5,3093,1540,1553,0500000US26129
6,1751,867,884,0500000US26129
7,570,210,360,0500000US26129
0,5795,2943,2852,0500000US26131
1,824,424,400,0500000US26131
2,935,484,451,0500000US26131
3,733,359,374,0500000US26131
4,1206,602,604,0500000US26131
5,1211,651,560,0500000US26131
6,695,356,339,0500000US26131
7,191,67,124,0500000US26131
0,23341,11772,11569,0500000US26133
1,5694,2995,2699,0500000US26133
2,6243,3155,3088,0500000US26133
3,2886,1502,1384,0500000US26133
4,3571,1761,1810,0500000US26133
5,2887,1441,1446,0500000US26133
6,1576,743,833,0500000US26133
7,484,175,309,0500000US26133
0,8276,4242,4034,0500000US26135
1,1746,948,798,0500000US26135
2,1778,881,897,0500000US26135
3,858,441,417,0500000US26135
4,1642,815,827,0500000US26135
5,1316,702,614,0500000US26135
6,723,372,351,0500000US26135
7,213,83,130,0500000US26135
0,24665,12228,12437,0500000US26137
1,5756,2947,2809,0500000US26137
2,6675,3312,3363,0500000US26137
3,3287,1648,1639,0500000US26137
4,3734,1875,1859,0500000US26137
5,3080,1504,1576,0500000US26137
6,1537,716,821,0500000US26137
7,596,226,370,0500000US26137
0,290494,143564,146930,0500000US26139
1,81931,41355,40576,0500000US26139
2,96331,48449,47882,0500000US26139
3,33755,16821,16934,0500000US26139
4,34985,17193,17792,0500000US26139
5,24974,11897,13077,0500000US26139
6,12943,5849,7094,0500000US26139
7,5575,2000,3575,0500000US26139
0,12738,6334,6404,0500000US26141
1,2245,1118,1127,0500000US26141
2,2639,1309,1330,0500000US26141
3,1422,707,715,0500000US26141
4,2431,1205,1226,0500000US26141
5,2272,1168,1104,0500000US26141
6,1207,602,605,0500000US26141
7,522,225,297,0500000US26141
0,23884,11957,11927,0500000US26143
1,3877,2020,1857,0500000US26143
2,4683,2340,2343,0500000US26143
3,2750,1348,1402,0500000US26143
4,4801,2350,2451,0500000US26143
5,4626,2381,2245,0500000US26143
6,2458,1220,1238,0500000US26143
7,689,298,391,0500000US26143
0,190800,92674,98126,0500000US26145
1,46201,23564,22637,0500000US26145
2,57083,28690,28393,0500000US26145
3,23775,11591,12184,0500000US26145
4,26958,12761,14197,0500000US26145
5,20859,9669,11190,0500000US26145
6,10946,4691,6255,0500000US26145
7,4978,1708,3270,0500000US26145
0,159337,79205,80132,0500000US26147
1,36596,18912,17684,0500000US26147
2,44383,22484,21899,0500000US26147
3,23073,11496,11577,0500000US26147
4,25263,12551,12712,0500000US26147
5,17737,8584,9153,0500000US26147
6,8796,3930,4866,0500000US26147
7,3489,1248,2241,0500000US26147
0,61043,30446,30597,0500000US26149
1,16282,8364,7918,0500000US26149
2,17724,8999,8725,0500000US26149
3,7416,3820,3596,0500000US26149
4,8638,4279,4359,0500000US26149
5,6396,3047,3349,0500000US26149
6,3257,1472,1785,0500000US26149
7,1330,465,865,0500000US26149
0,41182,20546,20636,0500000US26151
1,9685,4934,4751,0500000US26151
2,10771,5515,5256,0500000US26151
3,5249,2590,2659,0500000US26151
4,6658,3347,3311,0500000US26151
5,5056,2478,2578,0500000US26151
6,2811,1288,1523,0500000US26151
7,952,394,558,0500000US26151
0,8068,3980,4088,0500000US26153
1,1517,778,739,0500000US26153
2,1765,889,876,0500000US26153
3,1022,513,509,0500000US26153
4,1602,761,841,0500000US26153
5,1249,642,607,0500000US26153
6,654,304,350,0500000US26153
7,259,93,166,0500000US26153
0,68192,33706,34486,0500000US26155
1,16112,8245,7867,0500000US26155
2,19653,9957,9696,0500000US26155
3,9418,4734,4684,0500000US26155
4,10486,5109,5377,0500000US26155
5,7417,3524,3893,0500000US26155
6,3724,1653,2071,0500000US26155
7,1382,484,898,0500000US26155
0,52516,26385,26131,0500000US26157
1,11795,6195,5600,0500000US26157
2,14505,7453,7052,0500000US26157
3,7075,3525,3550,0500000US26157
4,8506,4290,4216,0500000US26157
5,6113,2965,3148,0500000US26157
6,3386,1548,1838,0500000US26157
7,1136,409,727,0500000US26157
0,75448,37451,37997,0500000US26159
1,19237,9852,9385,0500000US26159
2,21283,10765,10518,0500000US26159
3,9733,4789,4944,0500000US26159
4,11528,5648,5880,0500000US26159
5,8321,4050,4271,0500000US26159
6,3849,1781,2068,0500000US26159
7,1497,566,931,0500000US26159
0,370963,184083,186880,0500000US26161
1,89938,45602,44336,0500000US26161
2,144666,74238,70428,0500000US26161
3,42891,20993,21898,0500000US26161
4,42091,20171,21920,0500000US26161
5,31166,14626,16540,0500000US26161
6,14198,6324,7874,0500000US26161
7,6013,2129,3884,0500000US26161
0,1753893,844609,909284,0500000US26163
1,454917,232056,222861,0500000US26163
2,566547,275795,290752,0500000US26163
3,228484,110718,117766,0500000US26163
4,233391,111448,121943,0500000US26163
5,158402,71319,87083,0500000US26163
6,75707,31125,44582,0500000US26163
7,36445,12148,24297,0500000US26163
0,33466,16766,16700,0500000US26165
1,8432,4291,4141,0500000US26165
2,9384,4781,4603,0500000US26165
3,4236,2156,2080,0500000US26165
4,5026,2464,2562,0500000US26165
5,3712,1873,1839,0500000US26165
6,1900,900,1000,0500000US26165
7,776,301,475,0500000US26165
0,15902,8034,7868,0500000US27001
1,2893,1509,1384,0500000US27001
2,3135,1569,1566,0500000US27001
3,1720,862,858,0500000US27001
4,2903,1468,1435,0500000US27001
5,2978,1518,1460,0500000US27001
6,1738,886,852,0500000US27001
7,535,222,313,0500000US27001
0,353813,176976,176837,0500000US27003
1,91888,46995,44893,0500000US27003
2,113685,58078,55607,0500000US27003
3,48949,24517,24432,0500000US27003
4,49579,24769,24810,0500000US27003
5,30412,14427,15985,0500000US27003
6,14200,6273,7927,0500000US27003
7,5100,1917,3183,0500000US27003
0,34371,17140,17231,0500000US27005
1,9109,4611,4498,0500000US27005
2,9236,4621,4615,0500000US27005
3,3793,1936,1857,0500000US27005
4,5181,2608,2573,0500000US27005
5,4168,2085,2083,0500000US27005
6,2072,971,1101,0500000US27005
7,812,308,504,0500000US27005
0,46847,23406,23441,0500000US27007
1,13597,7035,6562,0500000US27007
2,15349,7842,7507,0500000US27007
3,4631,2234,2397,0500000US27007
4,5722,2780,2942,0500000US27007
5,4310,2120,2190,0500000US27007
6,2200,994,1206,0500000US27007
7,1038,401,637,0500000US27007
0,40545,20233,20312,0500000US27009
1,11087,5641,5446,0500000US27009
2,13976,7063,6913,0500000US27009
3,4957,2536,2421,0500000US27009
4,4816,2450,2366,0500000US27009
5,3112,1502,1610,0500000US27009
6,1592,717,875,0500000US27009
7,1005,324,681,0500000US27009
0,4989,2475,2514,0500000US27011
1,1128,584,544,0500000US27011
2,1169,603,566,0500000US27011
3,527,256,271,0500000US27011
4,841,445,396,0500000US27011
5,615,303,312,0500000US27011
6,441,187,254,0500000US27011
7,268,97,171,0500000US27011
0,67427,33935,33492,0500000US27013
1,16868,8594,8274,0500000US27013
2,27506,14309,13197,0500000US27013
3,6400,3252,3148,0500000US27013
4,7285,3567,3718,0500000US27013
5,5162,2533,2629,0500000US27013
6,2745,1203,1542,0500000US27013
7,1461,477,984,0500000US27013
0,25111,12509,12602,0500000US27015
1,6230,3281,2949,0500000US27015
2,7092,3630,3462,0500000US27015
3,2762,1375,1387,0500000US27015
4,3784,1840,1944,0500000US27015
5,2625,1320,1305,0500000US27015
6,1621,726,895,0500000US27015
7,997,337,660,0500000US27015
0,35837,18690,17147,0500000US27017
1,8785,4538,4247,0500000US27017
2,10863,6044,4819,0500000US27017
3,4810,2608,2202,0500000US27017
4,5243,2671,2572,0500000US27017
5,3430,1723,1707,0500000US27017
6,1900,862,1038,0500000US27017
7,806,244,562,0500000US27017
0,103551,51395,52156,0500000US27019
1,30342,15514,14828,0500000US27019
2,31596,15621,15975,0500000US27019
3,15359,7659,7700,0500000US27019
4,13811,6979,6832,0500000US27019
5,7461,3591,3870,0500000US27019
6,3420,1517,1903,0500000US27019
7,1562,514,1048,0500000US27019
0,29519,15078,14441,0500000US27021
1,6756,3560,3196,0500000US27021
2,6831,3475,3356,0500000US27021
3,3272,1647,1625,0500000US27021
4,5001,2512,2489,0500000US27021
5,4546,2338,2208,0500000US27021
6,2373,1254,1119,0500000US27021
7,740,292,448,0500000US27021
0,11924,5986,5938,0500000US27023
1,3032,1534,1498,0500000US27023
2,3363,1819,1544,0500000US27023
3,1304,642,662,0500000US27023
4,1699,840,859,0500000US27023
5,1312,639,673,0500000US27023
6,784,363,421,0500000US27023
7,430,149,281,0500000US27023
0,55922,28861,27061,0500000US27025
1,13952,7183,6769,0500000US27025
2,16845,9074,7771,0500000US27025
3,8275,4295,3980,0500000US27025
4,8238,4165,4073,0500000US27025
5,5179,2602,2577,0500000US27025
6,2473,1197,1276,0500000US27025
7,960,345,615,0500000US27025
0,63955,31670,32285,0500000US27027
1,18598,9361,9237,0500000US27027
2,23466,11721,11745,0500000US27027
3,6545,3322,3223,0500000US27027
4,6933,3457,3476,0500000US27027
5,4512,2192,2320,0500000US27027
6,2565,1159,1406,0500000US27027
7,1336,458,878,0500000US27027
0,8810,4504,4306,0500000US27029
1,2363,1240,1123,0500000US27029
2,2343,1220,1123,0500000US27029
3,983,505,478,0500000US27029
4,1339,663,676,0500000US27029
5,944,481,463,0500000US27029
6,601,292,309,0500000US27029
7,237,103,134,0500000US27029
0,5393,2698,2695,0500000US27031
1,930,491,439,0500000US27031
2,1314,669,645,0500000US27031
3,620,294,326,0500000US27031
4,989,485,504,0500000US27031
5,987,507,480,0500000US27031
6,390,199,191,0500000US27031
7,163,53,110,0500000US27031
0,11277,5636,5641,0500000US27033
1,2976,1557,1419,0500000US27033
2,2893,1492,1401,0500000US27033
3,1260,613,647,0500000US27033
4,1576,807,769,0500000US27033
5,1289,623,666,0500000US27033
6,829,380,449,0500000US27033
7,454,164,290,0500000US27033
0,64889,32283,32606,0500000US27035
1,15268,7807,7461,0500000US27035
2,17590,8976,8614,0500000US27035
3,7515,3786,3729,0500000US27035
4,9967,4838,5129,0500000US27035
5,8209,4078,4131,0500000US27035
6,4582,2153,2429,0500000US27035
7,1758,645,1113,0500000US27035
0,425423,209855,215568,0500000US27037
1,112904,58182,54722,0500000US27037
2,136989,68806,68183,0500000US27037
3,57071,27978,29093,0500000US27037
4,58177,28271,29906,0500000US27037
5,36209,16746,19463,0500000US27037
6,16853,7273,9580,0500000US27037
7,7220,2599,4621,0500000US27037
0,20822,10395,10427,0500000US27039
1,5838,2970,2868,0500000US27039
2,6407,3215,3192,0500000US27039
3,2765,1403,1362,0500000US27039
4,2748,1384,1364,0500000US27039
5,1739,847,892,0500000US27039
6,911,428,483,0500000US27039
7,414,148,266,0500000US27039
0,37964,18993,18971,0500000US27041
1,8895,4541,4354,0500000US27041
2,10486,5490,4996,0500000US27041
3,4283,2150,2133,0500000US27041
4,5649,2745,2904,0500000US27041
5,4723,2350,2373,0500000US27041
6,2680,1253,1427,0500000US27041
7,1248,464,784,0500000US27041
0,13758,6875,6883,0500000US27043
1,3321,1719,1602,0500000US27043
2,3597,1854,1743,0500000US27043
3,1534,780,754,0500000US27043
4,2166,1106,1060,0500000US27043
5,1613,808,805,0500000US27043
6,1000,436,564,0500000US27043
7,527,172,355,0500000US27043
0,21058,10563,10495,0500000US27045
1,5611,2929,2682,0500000US27045
2,5542,2814,2728,0500000US27045
3,2429,1277,1152,0500000US27045
4,3067,1524,1543,0500000US27045
5,2317,1156,1161,0500000US27045
6,1317,605,712,0500000US27045
7,775,258,517,0500000US27045
0,30444,15158,15286,0500000US27047
1,7266,3771,3495,0500000US27047
2,8241,4188,4053,0500000US27047
3,3504,1777,1727,0500000US27047
4,4691,2392,2299,0500000US27047
5,3496,1697,1799,0500000US27047
6,2181,957,1224,0500000US27047
7,1065,376,689,0500000US27047
0,46403,23012,23391,0500000US27049
1,11216,5753,5463,0500000US27049
2,13091,6591,6500,0500000US27049
3,5737,2894,2843,0500000US27049
4,7235,3598,3637,0500000US27049
5,5101,2515,2586,0500000US27049
6,2654,1184,1470,0500000US27049
7,1369,477,892,0500000US27049
0,6021,3023,2998,0500000US27051
1,1459,746,713,0500000US27051
2,1617,823,794,0500000US27051
3,615,323,292,0500000US27051
4,929,446,483,0500000US27051
5,716,369,347,0500000US27051
6,445,221,224,0500000US27051
7,240,95,145,0500000US27051
0,1259428,623200,636228,0500000US27053
1,305555,155055,150500,0500000US27053
2,464379,235637,228742,0500000US27053
3,153454,76867,76587,0500000US27053
4,159252,77884,81368,0500000US27053
5,103759,48355,55404,0500000US27053
6,48393,20765,27628,0500000US27053
7,24636,8637,15999,0500000US27053
0,18578,9328,9250,0500000US27055
1,4373,2298,2075,0500000US27055
2,4843,2492,2351,0500000US27055
3,2251,1094,1157,0500000US27055
4,3119,1560,1559,0500000US27055
5,2230,1140,1090,0500000US27055
6,1132,513,619,0500000US27055
7,630,231,399,0500000US27055
0,21332,10829,10503,0500000US27057
1,4910,2546,2364,0500000US27057
2,5027,2582,2445,0500000US27057
3,2464,1232,1232,0500000US27057
4,3588,1794,1794,0500000US27057
5,3193,1653,1540,0500000US27057
6,1601,778,823,0500000US27057
7,549,244,305,0500000US27057
0,39966,20210,19756,0500000US27059
1,10213,5297,4916,0500000US27059
2,12186,6236,5950,0500000US27059
3,5332,2753,2579,0500000US27059
4,5811,2981,2830,0500000US27059
5,3688,1774,1914,0500000US27059
6,1969,899,1070,0500000US27059
7,767,270,497,0500000US27059
0,45108,22797,22311,0500000US27061
1,10306,5433,4873,0500000US27061
2,11454,5912,5542,0500000US27061
3,5336,2647,2689,0500000US27061
4,7419,3677,3742,0500000US27061
5,6153,3107,3046,0500000US27061
6,3107,1492,1615,0500000US27061
7,1333,529,804,0500000US27061
0,9911,5073,4838,0500000US27063
1,2338,1218,1120,0500000US27063
2,2659,1416,1243,0500000US27063
3,1107,567,540,0500000US27063
4,1590,831,759,0500000US27063
5,1107,560,547,0500000US27063
6,699,316,383,0500000US27063
7,411,165,246,0500000US27063
0,16207,8159,8048,0500000US27065
1,3813,1912,1901,0500000US27065
2,4271,2196,2075,0500000US27065
3,2082,1069,1013,0500000US27065
4,2717,1378,1339,0500000US27065
5,1964,981,983,0500000US27065
6,1018,496,522,0500000US27065
7,342,127,215,0500000US27065
0,42855,21576,21279,0500000US27067
1,11418,5957,5461,0500000US27067
2,12435,6506,5929,0500000US27067
3,4760,2351,2409,0500000US27067
4,6181,3045,3136,0500000US27067
5,4390,2157,2233,0500000US27067
6,2412,1133,1279,0500000US27067
7,1259,427,832,0500000US27067
0,4248,2138,2110,0500000US27069
1,1003,515,488,0500000US27069
2,1000,521,479,0500000US27069
3,493,258,235,0500000US27069
4,716,364,352,0500000US27069
5,540,279,261,0500000US27069
6,329,153,176,0500000US27069
7,167,48,119,0500000US27069
0,12440,6225,6215,0500000US27071
1,2564,1284,1280,0500000US27071
2,2955,1520,1435,0500000US27071
3,1552,785,767,0500000US27071
4,2190,1116,1074,0500000US27071
5,1807,899,908,0500000US27071
6,983,478,505,0500000US27071
7,389,143,246,0500000US27071
0,6658,3347,3311,0500000US27073
1,1464,773,691,0500000US27073
2,1525,769,756,0500000US27073
3,715,374,341,0500000US27073
4,1120,577,543,0500000US27073
5,884,453,431,0500000US27073
6,560,262,298,0500000US27073
7,390,139,251,0500000US27073
0,10658,5488,5170,0500000US27075
1,2199,1188,1011,0500000US27075
2,2602,1359,1243,0500000US27075
3,1185,579,606,0500000US27075
4,1897,972,925,0500000US27075
5,1517,804,713,0500000US27075
6,859,418,441,0500000US27075
7,399,168,231,0500000US27075
0,3758,1966,1792,0500000US27077
1,765,403,362,0500000US27077
2,885,459,426,0500000US27077
3,465,246,219,0500000US27077
4,732,405,327,0500000US27077
5,534,276,258,0500000US27077
6,274,143,131,0500000US27077
7,103,34,69,0500000US27077
0,28494,14369,14125,0500000US27079
1,7389,3795,3594,0500000US27079
2,8159,4120,4039,0500000US27079
3,3844,1990,1854,0500000US27079
4,4115,2113,2002,0500000US27079
5,2869,1443,1426,0500000US27079
6,1543,724,819,0500000US27079
7,575,184,391,0500000US27079
0,5673,2861,2812,0500000US27081
1,1429,746,683,0500000US27081
2,1382,718,664,0500000US27081
3,624,322,302,0500000US27081
4,830,445,385,0500000US27081
5,625,298,327,0500000US27081
6,481,213,268,0500000US27081
7,302,119,183,0500000US27081
0,25629,12789,12840,0500000US27083
1,7446,3853,3593,0500000US27083
2,8062,4095,3967,0500000US27083
3,2762,1395,1367,0500000US27083
4,3299,1637,1662,0500000US27083
5,2119,1030,1089,0500000US27083
6,1199,538,661,0500000US27083
7,742,241,501,0500000US27083
0,35873,17925,17948,0500000US27085
1,8991,4602,4389,0500000US27085
2,10490,5445,5045,0500000US27085
3,4699,2401,2298,0500000US27085
4,4977,2448,2529,0500000US27085
5,3567,1719,1848,0500000US27085
6,2153,964,1189,0500000US27085
7,996,346,650,0500000US27085
0,5519,2781,2738,0500000US27087
1,1880,987,893,0500000US27087
2,1384,673,711,0500000US27087
3,577,296,281,0500000US27087
4,727,384,343,0500000US27087
5,515,258,257,0500000US27087
6,304,132,172,0500000US27087
7,132,51,81,0500000US27087
0,9390,4738,4652,0500000US27089
1,2335,1151,1184,0500000US27089
2,2496,1312,1184,0500000US27089
3,1117,587,530,0500000US27089
4,1426,753,673,0500000US27089
5,1021,518,503,0500000US27089
6,635,284,351,0500000US27089
7,360,133,227,0500000US27089
0,19785,9804,9981,0500000US27091
1,4688,2383,2305,0500000US27091
2,5119,2624,2495,0500000US27091
3,2189,1092,1097,0500000US27091
4,3139,1591,1548,0500000US27091
5,2377,1203,1174,0500000US27091
6,1376,613,763,0500000US27091
7,897,298,599,0500000US27091
0,23141,11783,11358,0500000US27093
1,6087,3140,2947,0500000US27093
2,6172,3191,2981,0500000US27093
3,2739,1420,1319,0500000US27093
4,3509,1817,1692,0500000US27093
5,2546,1286,1260,0500000US27093
6,1395,663,732,0500000US27093
7,693,266,427,0500000US27093
0,26139,13139,13000,0500000US27095
1,6848,3559,3289,0500000US27095
2,7407,3787,3620,0500000US27095
3,3292,1655,1637,0500000US27095
4,3805,1929,1876,0500000US27095
5,2622,1300,1322,0500000US27095
6,1533,697,836,0500000US27095
7,632,212,420,0500000US27095
0,33169,16745,16424,0500000US27097
1,8445,4388,4057,0500000US27097
2,9089,4662,4427,0500000US27097
3,4062,2128,1934,0500000US27097
4,5086,2538,2548,0500000US27097
5,3530,1812,1718,0500000US27097
6,2000,874,1126,0500000US27097
7,957,343,614,0500000US27097
0,40011,20124,19887,0500000US27099
1,11018,5734,5284,0500000US27099
2,11861,6107,5754,0500000US27099
3,4630,2387,2243,0500000US27099
4,5162,2612,2550,0500000US27099
5,3718,1869,1849,0500000US27099
6,2159,916,1243,0500000US27099
7,1463,499,964,0500000US27099
0,8276,4140,4136,0500000US27101
1,1974,1013,961,0500000US27101
2,2013,1005,1008,0500000US27101
3,911,473,438,0500000US27101
4,1267,622,645,0500000US27101
5,1108,590,518,0500000US27101
6,657,309,348,0500000US27101
7,346,128,218,0500000US27101
0,34220,17295,16925,0500000US27103
1,9038,4498,4540,0500000US27103
2,11503,5989,5514,0500000US27103
3,3853,2090,1763,0500000US27103
4,4268,2115,2153,0500000US27103
5,3203,1628,1575,0500000US27103
6,1590,698,892,0500000US27103
7,765,277,488,0500000US27103
0,21924,11300,10624,0500000US27105
1,6558,3338,3220,0500000US27105
2,6574,3514,3060,0500000US27105
3,2533,1378,1155,0500000US27105
4,2674,1411,1263,0500000US27105
5,1801,912,889,0500000US27105
6,1104,523,581,0500000US27105
7,680,224,456,0500000US27105
0,6475,3262,3213,0500000US27107
1,1683,874,809,0500000US27107
2,1704,868,836,0500000US27107
3,744,374,370,0500000US27107
4,978,491,487,0500000US27107
5,704,378,326,0500000US27107
6,439,202,237,0500000US27107
7,223,75,148,0500000US27107
0,156277,76246,80031,0500000US27109
1,41379,21000,20379,0500000US27109
2,52205,25837,26368,0500000US27109
3,18065,8964,9101,0500000US27109
4,20356,9724,10632,0500000US27109
5,13219,6151,7068,0500000US27109
6,7442,3259,4183,0500000US27109
7,3611,1311,2300,0500000US27109
0,58812,29588,29224,0500000US27111
1,14058,7267,6791,0500000US27111
2,14657,7606,7051,0500000US27111
3,6496,3221,3275,0500000US27111
4,9609,4830,4779,0500000US27111
5,7733,3962,3771,0500000US27111
6,4209,1981,2228,0500000US27111
7,2050,721,1329,0500000US27111
0,14178,7032,7146,0500000US27113
1,3521,1752,1769,0500000US27113
2,4417,2331,2086,0500000US27113
3,1667,856,811,0500000US27113
4,1981,970,1011,0500000US27113
5,1364,650,714,0500000US27113
6,798,334,464,0500000US27113
7,430,139,291,0500000US27113
0,29483,15830,13653,0500000US27115
1,6351,3352,2999,0500000US27115
2,8309,4881,3428,0500000US27115
3,3835,2085,1750,0500000US27115
4,4890,2581,2309,0500000US27115
5,3483,1759,1724,0500000US27115
6,1919,894,1025,0500000US27115
7,696,278,418,0500000US27115
0,9047,4406,4641,0500000US27117
1,2519,1289,1230,0500000US27117
2,2314,1162,1152,0500000US27117
3,1041,515,526,0500000US27117
4,1277,660,617,0500000US27117
5,879,412,467,0500000US27117
6,618,254,364,0500000US27117
7,399,114,285,0500000US27117
0,31529,15828,15701,0500000US27119
1,8472,4322,4150,0500000US27119
2,9278,4867,4411,0500000US27119
3,3586,1817,1769,0500000US27119
4,4527,2263,2264,0500000US27119
5,3031,1554,1477,0500000US27119
6,1685,743,942,0500000US27119
7,950,262,688,0500000US27119
0,11097,5665,5432,0500000US27121
1,2495,1329,1166,0500000US27121
2,2911,1536,1375,0500000US27121
3,1202,621,581,0500000US27121
4,1779,892,887,0500000US27121
5,1495,774,721,0500000US27121
6,789,357,432,0500000US27121
7,426,156,270,0500000US27121
0,550210,268571,281639,0500000US27123
1,143384,73087,70297,0500000US27123
2,199252,99076,100176,0500000US27123
3,61245,30319,30926,0500000US27123
4,67001,31950,35051,0500000US27123
5,46178,21222,24956,0500000US27123
6,22016,9201,12815,0500000US27123
7,11134,3716,7418,0500000US27123
0,3999,2042,1957,0500000US27125
1,1044,541,503,0500000US27125
2,1024,528,496,0500000US27125
3,462,237,225,0500000US27125
4,632,333,299,0500000US27125
5,447,233,214,0500000US27125
6,263,124,139,0500000US27125
7,127,46,81,0500000US27125
0,15249,7611,7638,0500000US27127
1,4108,2096,2012,0500000US27127
2,4035,2074,1961,0500000US27127
3,1724,896,828,0500000US27127
4,2157,1098,1059,0500000US27127
5,1623,784,839,0500000US27127
6,1018,486,532,0500000US27127
7,584,177,407,0500000US27127
0,14612,7427,7185,0500000US27129
1,3695,1873,1822,0500000US27129
2,3858,2034,1824,0500000US27129
3,1721,860,861,0500000US27129
4,2298,1217,1081,0500000US27129
5,1533,809,724,0500000US27129
6,963,448,515,0500000US27129
7,544,186,358,0500000US27129
0,66523,33901,32622,0500000US27131
1,17702,8792,8910,0500000US27131
2,21850,11760,10090,0500000US27131
3,8140,4307,3833,0500000US27131
4,8581,4323,4258,0500000US27131
5,5806,2835,2971,0500000US27131
6,3108,1422,1686,0500000US27131
7,1336,462,874,0500000US27131
0,9414,4636,4778,0500000US27133
1,2624,1307,1317,0500000US27133
2,2541,1291,1250,0500000US27133
3,1057,522,535,0500000US27133
4,1325,667,658,0500000US27133
5,954,465,489,0500000US27133
6,580,276,304,0500000US27133
7,333,108,225,0500000US27133
0,15150,7795,7355,0500000US27135
1,3992,2043,1949,0500000US27135
2,4029,2145,1884,0500000US27135
3,2080,1083,997,0500000US27135
4,2398,1276,1122,0500000US27135
5,1465,729,736,0500000US27135
6,803,401,402,0500000US27135
7,383,118,265,0500000US27135
0,199754,100283,99471,0500000US27137
1,45041,23014,22027,0500000US27137
2,63599,33102,30497,0500000US27137
3,22428,11415,11013,0500000US27137
4,29938,14849,15089,0500000US27137
5,22457,11254,11203,0500000US27137
6,10953,4851,6102,0500000US27137
7,5338,1798,3540,0500000US27137
0,147381,73440,73941,0500000US27139
1,44035,22407,21628,0500000US27139
2,47388,23572,23816,0500000US27139
3,21976,11085,10891,0500000US27139
4,17947,9047,8900,0500000US27139
5,9775,4621,5154,0500000US27139
6,4492,2049,2443,0500000US27139
7,1768,659,1109,0500000US27139
0,96036,49201,46835,0500000US27141
1,27771,14250,13521,0500000US27141
2,31834,16740,15094,0500000US27141
3,13837,7126,6711,0500000US27141
4,11710,6061,5649,0500000US27141
5,6801,3326,3475,0500000US27141
6,2932,1328,1604,0500000US27141
7,1151,370,781,0500000US27141
0,15028,7560,7468,0500000US27143
1,3880,1949,1931,0500000US27143
2,4206,2198,2008,0500000US27143
3,1892,959,933,0500000US27143
4,2294,1202,1092,0500000US27143
5,1452,732,720,0500000US27143
6,870,378,492,0500000US27143
7,434,142,292,0500000US27143
0,159256,80406,78850,0500000US27145
1,43326,21884,21442,0500000US27145
2,54371,28442,25929,0500000US27145
3,17991,9077,8914,0500000US27145
4,19489,9780,9709,0500000US27145
5,13409,6505,6904,0500000US27145
6,7342,3430,3912,0500000US27145
7,3328,1288,2040,0500000US27145
0,36803,18326,18477,0500000US27147
1,9996,4989,5007,0500000US27147
2,10711,5528,5183,0500000US27147
3,4610,2354,2256,0500000US27147
4,4995,2510,2485,0500000US27147
5,3478,1705,1773,0500000US27147
6,1994,867,1127,0500000US27147
7,1019,373,646,0500000US27147
0,9753,4850,4903,0500000US27149
1,2775,1391,1384,0500000US27149
2,3347,1736,1611,0500000US27149
3,852,420,432,0500000US27149
4,1093,547,546,0500000US27149
5,826,406,420,0500000US27149
6,503,230,273,0500000US27149
7,357,120,237,0500000US27149
0,9345,4725,4620,0500000US27151
1,2339,1202,1137,0500000US27151
2,2490,1315,1175,0500000US27151
3,1100,576,524,0500000US27151
4,1372,725,647,0500000US27151
5,1034,519,515,0500000US27151
6,638,271,367,0500000US27151
7,372,117,255,0500000US27151
0,24582,12672,11910,0500000US27153
1,6339,3350,2989,0500000US27153
2,6254,3267,2987,0500000US27153
3,2842,1446,1396,0500000US27153
4,3853,1998,1855,0500000US27153
5,2945,1529,1416,0500000US27153
6,1639,785,854,0500000US27153
7,710,297,413,0500000US27153
0,3308,1659,1649,0500000US27155
1,757,392,365,0500000US27155
2,824,435,389,0500000US27155
3,370,186,184,0500000US27155
4,525,268,257,0500000US27155
5,369,190,179,0500000US27155
6,277,127,150,0500000US27155
7,186,61,125,0500000US27155
0,21645,10845,10800,0500000US27157
1,5095,2629,2466,0500000US27157
2,5666,2846,2820,0500000US27157
3,2784,1391,1393,0500000US27157
4,3377,1710,1667,0500000US27157
5,2656,1327,1329,0500000US27157
6,1424,691,733,0500000US27157
7,643,251,392,0500000US27157
0,13773,6815,6958,0500000US27159
1,3819,1947,1872,0500000US27159
2,3626,1822,1804,0500000US27159
3,1535,810,725,0500000US27159
4,1896,951,945,0500000US27159
5,1465,704,761,0500000US27159
6,936,439,497,0500000US27159
7,496,142,354,0500000US27159
0,18691,9008,9683,0500000US27161
1,4771,2435,2336,0500000US27161
2,5709,2615,3094,0500000US27161
3,2285,1121,1164,0500000US27161
4,2526,1251,1275,0500000US27161
5,1931,991,940,0500000US27161
6,950,404,546,0500000US27161
7,519,191,328,0500000US27161
0,259201,128076,131125,0500000US27163
1,69542,35319,34223,0500000US27163
2,78718,39747,38971,0500000US27163
3,35986,17626,18360,0500000US27163
4,36049,17596,18453,0500000US27163
5,23324,11215,12109,0500000US27163
6,11002,4906,6096,0500000US27163
7,4580,1667,2913,0500000US27163
0,10980,5426,5554,0500000US27165
1,2941,1452,1489,0500000US27165
2,3061,1576,1485,0500000US27165
3,1191,600,591,0500000US27165
4,1596,758,838,0500000US27165
5,1043,546,497,0500000US27165
6,723,324,399,0500000US27165
7,425,170,255,0500000US27165
0,6254,3228,3026,0500000US27167
1,1556,845,711,0500000US27167
2,1680,870,810,0500000US27167
3,780,401,379,0500000US27167
4,1038,544,494,0500000US27167
5,614,313,301,0500000US27167
6,409,180,229,0500000US27167
7,177,75,102,0500000US27167
0,50825,25133,25692,0500000US27169
1,12168,5887,6281,0500000US27169
2,18116,9276,8840,0500000US27169
3,5321,2702,2619,0500000US27169
4,6589,3259,3330,0500000US27169
5,4941,2478,2463,0500000US27169
6,2501,1156,1345,0500000US27169
7,1189,375,814,0500000US27169
0,136349,68848,67501,0500000US27171
1,41119,21151,19968,0500000US27171
2,42464,21474,20990,0500000US27171
3,18883,9702,9181,0500000US27171
4,16668,8542,8126,0500000US27171
5,10233,4860,5373,0500000US27171
6,5048,2393,2655,0500000US27171
7,1934,726,1208,0500000US27171
0,9795,4948,4847,0500000US27173
1,2530,1304,1226,0500000US27173
2,2653,1391,1262,0500000US27173
3,1115,564,551,0500000US27173
4,1516,765,751,0500000US27173
5,961,498,463,0500000US27173
6,623,303,320,0500000US27173
7,397,123,274,0500000US27173
0,31192,16249,14943,0500000US28001
1,6863,3462,3401,0500000US28001
2,10017,5930,4087,0500000US28001
3,3659,2026,1633,0500000US28001
4,4779,2348,2431,0500000US28001
5,3399,1556,1843,0500000US28001
6,1736,704,1032,0500000US28001
7,739,223,516,0500000US28001
0,36925,18024,18901,0500000US28003
1,9229,4718,4511,0500000US28003
2,11224,5672,5552,0500000US28003
3,4846,2428,2418,0500000US28003
4,4813,2285,2528,0500000US28003
5,3962,1742,2220,0500000US28003
6,2156,951,1205,0500000US28003
7,695,228,467,0500000US28003
0,12326,5967,6359,0500000US28005
1,2776,1401,1375,0500000US28005
2,3095,1555,1540,0500000US28005
3,1448,694,754,0500000US28005
4,2111,1004,1107,0500000US28005
5,1632,787,845,0500000US28005
6,919,414,505,0500000US28005
7,345,112,233,0500000US28005
0,18365,8698,9667,0500000US28007
1,5051,2471,2580,0500000US28007
2,5161,2497,2664,0500000US28007
3,2250,1041,1209,0500000US28007
4,2382,1130,1252,0500000US28007
5,1935,910,1025,0500000US28007
6,1129,513,616,0500000US28007
7,457,136,321,0500000US28007
0,8271,4100,4171,0500000US28009
1,1974,1000,974,0500000US28009
2,2403,1218,1185,0500000US28009
3,1133,563,570,0500000US28009
4,1214,610,604,0500000US28009
5,864,422,442,0500000US28009
6,507,228,279,0500000US28009
7,176,59,117,0500000US28009
0,31333,14557,16776,0500000US28011
1,8680,4323,4357,0500000US28011
2,10224,4899,5325,0500000US28011
3,3602,1626,1976,0500000US28011
4,3876,1701,2175,0500000US28011
5,3097,1340,1757,0500000US28011
6,1352,551,801,0500000US28011
7,502,117,385,0500000US28011
0,14436,6942,7494,0500000US28013
1,3677,1901,1776,0500000US28013
2,4049,2000,2049,0500000US28013
3,1972,929,1043,0500000US28013
4,2006,919,1087,0500000US28013
5,1505,732,773,0500000US28013
6,868,355,513,0500000US28013
7,359,106,253,0500000US28013
0,9911,5012,4899,0500000US28015
1,2028,1021,1007,0500000US28015
2,2685,1442,1243,0500000US28015
3,1267,631,636,0500000US28015
4,1583,795,788,0500000US28015
5,1362,681,681,0500000US28015
6,742,348,394,0500000US28015
7,244,94,150,0500000US28015
0,17171,8439,8732,0500000US28017
1,4636,2392,2244,0500000US28017
2,5319,2740,2579,0500000US28017
3,2070,996,1074,0500000US28017
4,2188,1030,1158,0500000US28017
5,1666,788,878,0500000US28017
6,943,390,553,0500000US28017
7,349,103,246,0500000US28017
0,8278,4044,4234,0500000US28019
1,1981,1042,939,0500000US28019
2,2285,1127,1158,0500000US28019
3,1051,518,533,0500000US28019
4,1176,588,588,0500000US28019
5,986,467,519,0500000US28019
6,596,230,366,0500000US28019
7,203,72,131,0500000US28019
0,9002,4265,4737,0500000US28021
1,2500,1243,1257,0500000US28021
2,3137,1515,1622,0500000US28021
3,834,382,452,0500000US28021
4,1059,504,555,0500000US28021
5,871,421,450,0500000US28021
6,412,147,265,0500000US28021
7,189,53,136,0500000US28021
0,15604,7297,8307,0500000US28023
1,3778,1843,1935,0500000US28023
2,4406,2088,2318,0500000US28023
3,1955,915,1040,0500000US28023
4,2275,1070,1205,0500000US28023
5,1831,827,1004,0500000US28023
6,1017,442,575,0500000US28023
7,342,112,230,0500000US28023
0,19386,9080,10306,0500000US28025
1,4827,2411,2416,0500000US28025
2,5958,2836,3122,0500000US28025
3,2274,1067,1207,0500000US28025
4,2747,1237,1510,0500000US28025
5,2090,945,1145,0500000US28025
6,1060,455,605,0500000US28025
7,430,129,301,0500000US28025
0,22628,10487,12141,0500000US28027
1,6819,3433,3386,0500000US28027
2,6873,3119,3754,0500000US28027
3,2525,1140,1385,0500000US28027
4,2919,1303,1616,0500000US28027
5,2057,977,1080,0500000US28027
6,1035,374,661,0500000US28027
7,400,141,259,0500000US28027
0,28543,13737,14806,0500000US28029
1,7626,3866,3760,0500000US28029
2,8556,4209,4347,0500000US28029
3,3333,1528,1805,0500000US28029
4,3993,1926,2067,0500000US28029
5,2989,1382,1607,0500000US28029
6,1437,631,806,0500000US28029
7,609,195,414,0500000US28029
0,18853,9184,9669,0500000US28031
1,5084,2619,2465,0500000US28031
2,5774,2848,2926,0500000US28031
3,2338,1104,1234,0500000US28031
4,2472,1210,1262,0500000US28031
5,1803,831,972,0500000US28031
6,1016,447,569,0500000US28031
7,366,125,241,0500000US28031
0,182001,87795,94206,0500000US28033
1,51412,26254,25158,0500000US28033
2,60326,28859,31467,0500000US28033
3,25401,12149,13252,0500000US28033
4,21394,10253,11141,0500000US28033
5,14489,6664,7825,0500000US28033
6,6857,2908,3949,0500000US28033
7,2122,708,1414,0500000US28033
0,75036,35611,39425,0500000US28035
1,19929,9957,9972,0500000US28035
2,28389,13540,14849,0500000US28035
3,8149,3874,4275,0500000US28035
4,8381,3930,4451,0500000US28035
5,5857,2664,3193,0500000US28035
6,3072,1252,1820,0500000US28035
7,1259,394,865,0500000US28035
0,7788,3828,3960,0500000US28037
1,1994,1035,959,0500000US28037
2,2094,1024,1070,0500000US28037
3,953,462,491,0500000US28037
4,1194,597,597,0500000US28037
5,867,422,445,0500000US28037
6,514,234,280,0500000US28037
7,172,54,118,0500000US28037
0,24250,12260,11990,0500000US28039
1,6968,3476,3492,0500000US28039
2,7733,4109,3624,0500000US28039
3,3086,1571,1515,0500000US28039
4,2950,1480,1470,0500000US28039
5,2190,1024,1166,0500000US28039
6,1092,506,586,0500000US28039
7,231,94,137,0500000US28039
0,13586,7859,5727,0500000US28041
1,2919,1495,1424,0500000US28041
2,5121,3419,1702,0500000US28041
3,1900,1169,731,0500000US28041
4,1626,850,776,0500000US28041
5,1196,588,608,0500000US28041
6,629,271,358,0500000US28041
7,195,67,128,0500000US28041
0,21055,10015,11040,0500000US28043
1,5472,2796,2676,0500000US28043
2,6309,3006,3303,0500000US28043
3,2716,1285,1431,0500000US28043
4,2814,1334,1480,0500000US28043
5,2202,999,1203,0500000US28043
6,1143,470,673,0500000US28043
7,399,125,274,0500000US28043
0,47334,23137,24197,0500000US28045
1,10685,5557,5128,0500000US28045
2,13403,6539,6864,0500000US28045
3,6368,3123,3245,0500000US28045
4,7495,3604,3891,0500000US28045
5,5676,2673,3003,0500000US28045
6,2836,1306,1530,0500000US28045
7,871,335,536,0500000US28045
0,206650,101231,105419,0500000US28047
1,55166,28597,26569,0500000US28047
2,68740,34040,34700,0500000US28047
3,25035,11813,13222,0500000US28047
4,26805,12885,13920,0500000US28047
5,18765,8730,10035,0500000US28047
6,9026,4028,4998,0500000US28047
7,3113,1138,1975,0500000US28047
0,237085,110637,126448,0500000US28049
1,65232,32949,32283,0500000US28049
2,81305,37970,43335,0500000US28049
3,27379,12498,14881,0500000US28049
4,29828,13451,16377,0500000US28049
5,20012,8896,11116,0500000US28049
6,9322,3677,5645,0500000US28049
7,4007,1196,2811,0500000US28049
0,17622,8422,9200,0500000US28051
1,5201,2727,2474,0500000US28051
2,5556,2692,2864,0500000US28051
3,1952,858,1094,0500000US28051
4,2261,1042,1219,0500000US28051
5,1519,672,847,0500000US28051
6,799,323,476,0500000US28051
7,334,108,226,0500000US28051
0,8257,3886,4371,0500000US28053
1,2358,1206,1152,0500000US28053
2,2355,1134,1221,0500000US28053
3,953,413,540,0500000US28053
4,1189,554,635,0500000US28053
5,813,366,447,0500000US28053
6,444,183,261,0500000US28053
7,145,30,115,0500000US28053
0,1308,774,534,0500000US28055
1,203,124,79,0500000US28055
2,501,339,162,0500000US28055
3,176,93,83,0500000US28055
4,210,121,89,0500000US28055
5,104,45,59,0500000US28055
6,81,38,43,0500000US28055
7,33,14,19,0500000US28055
0,23517,11594,11923,0500000US28057
1,6023,3088,2935,0500000US28057
2,7263,3668,3595,0500000US28057
3,3154,1582,1572,0500000US28057
4,2925,1451,1474,0500000US28057
5,2292,1060,1232,0500000US28057
6,1379,576,803,0500000US28057
7,481,169,312,0500000US28057
0,143277,70502,72775,0500000US28059
1,36620,18934,17686,0500000US28059
2,45413,22309,23104,0500000US28059
3,18979,9392,9587,0500000US28059
4,19544,9470,10074,0500000US28059
5,13641,6483,7158,0500000US28059
6,7018,3125,3893,0500000US28059
7,2062,789,1273,0500000US28059
0,16428,7947,8481,0500000US28061
1,4013,2041,1972,0500000US28061
2,4737,2293,2444,0500000US28061
3,2010,992,1018,0500000US28061
4,2316,1087,1229,0500000US28061
5,1910,902,1008,0500000US28061
6,1104,494,610,0500000US28061
7,338,138,200,0500000US28061
0,7106,3489,3617,0500000US28063
1,1761,873,888,0500000US28063
2,2247,1198,1049,0500000US28063
3,841,404,437,0500000US28063
4,1058,524,534,0500000US28063
5,669,296,373,0500000US28063
6,359,140,219,0500000US28063
7,171,54,117,0500000US28063
0,11234,5315,5919,0500000US28065
1,2435,1258,1177,0500000US28065
2,3216,1565,1651,0500000US28065
3,1397,666,731,0500000US28065
4,1636,740,896,0500000US28065
5,1477,687,790,0500000US28065
6,761,310,451,0500000US28065
7,312,89,223,0500000US28065
0,68461,33256,35205,0500000US28067
1,19366,9917,9449,0500000US28067
2,20475,9977,10498,0500000US28067
3,8054,4019,4035,0500000US28067
4,8989,4303,4686,0500000US28067
5,6701,3119,3582,0500000US28067
6,3534,1465,2069,0500000US28067
7,1342,456,886,0500000US28067
0,10027,5021,5006,0500000US28069
1,2441,1285,1156,0500000US28069
2,3099,1680,1419,0500000US28069
3,1179,561,618,0500000US28069
4,1283,601,682,0500000US28069
5,1086,527,559,0500000US28069
6,625,273,352,0500000US28069
7,314,94,220,0500000US28069
0,54793,26552,28241,0500000US28071
1,14172,6884,7288,0500000US28071
2,22497,11314,11183,0500000US28071
3,5610,2706,2904,0500000US28071
4,5585,2619,2966,0500000US28071
5,4275,2007,2268,0500000US28071
6,1944,818,1126,0500000US28071
7,710,204,506,0500000US28071
0,62447,30001,32446,0500000US28073
1,16791,8468,8323,0500000US28073
2,21812,10369,11443,0500000US28073
3,7886,3859,4027,0500000US28073
4,7355,3495,3860,0500000US28073
5,5126,2388,2738,0500000US28073
6,2574,1090,1484,0500000US28073
7,903,332,571,0500000US28073
0,75317,36501,38816,0500000US28075
1,19637,9973,9664,0500000US28075
2,23480,11846,11634,0500000US28075
3,9339,4419,4920,0500000US28075
4,9789,4669,5120,0500000US28075
5,7439,3416,4023,0500000US28075
6,4004,1676,2328,0500000US28075
7,1629,502,1127,0500000US28075
0,12455,6044,6411,0500000US28077
1,3296,1668,1628,0500000US28077
2,3557,1736,1821,0500000US28077
3,1551,754,797,0500000US28077
4,1811,877,934,0500000US28077
5,1299,613,686,0500000US28077
6,739,317,422,0500000US28077
7,202,79,123,0500000US28077
0,22763,11752,11011,0500000US28079
1,6334,3712,2622,0500000US28079
2,7083,3677,3406,0500000US28079
3,2782,1345,1437,0500000US28079
4,2845,1396,1449,0500000US28079
5,2176,1033,1143,0500000US28079
6,1087,432,655,0500000US28079
7,456,157,299,0500000US28079
0,85202,40726,44476,0500000US28081
1,23539,12055,11484,0500000US28081
2,27276,13014,14262,0500000US28081
3,11062,5366,5696,0500000US28081
4,10727,5037,5690,0500000US28081
5,7371,3272,4099,0500000US28081
6,3819,1578,2241,0500000US28081
7,1408,404,1004,0500000US28081
0,28919,13483,15436,0500000US28083
1,8906,4486,4420,0500000US28083
2,9299,4409,4890,0500000US28083
3,3067,1354,1713,0500000US28083
4,3476,1514,1962,0500000US28083
5,2392,1075,1317,0500000US28083
6,1214,490,724,0500000US28083
7,565,155,410,0500000US28083
0,34205,16296,17909,0500000US28085
1,8841,4476,4365,0500000US28085
2,10419,5035,5384,0500000US28085
3,4428,2136,2292,0500000US28085
4,4636,2171,2465,0500000US28085
5,3437,1587,1850,0500000US28085
6,1765,670,1095,0500000US28085
7,679,221,458,0500000US28085
0,58930,28055,30875,0500000US28087
1,15461,7939,7522,0500000US28087
2,19343,9295,10048,0500000US28087
3,6967,3194,3773,0500000US28087
4,7807,3659,4148,0500000US28087
5,5474,2525,2949,0500000US28087
6,2724,1112,1612,0500000US28087
7,1154,331,823,0500000US28087
0,105630,50599,55031,0500000US28089
1,29161,14790,14371,0500000US28089
2,34475,16500,17975,0500000US28089
3,14011,6680,7331,0500000US28089
4,13940,6560,7380,0500000US28089
5,9029,4208,4821,0500000US28089
6,3546,1437,2109,0500000US28089
7,1468,424,1044,0500000US28089
0,24715,11946,12769,0500000US28091
1,6216,3122,3094,0500000US28091
2,7535,3779,3756,0500000US28091
3,3013,1467,1546,0500000US28091
4,3360,1609,1751,0500000US28091
5,2628,1218,1410,0500000US28091
6,1343,563,780,0500000US28091
7,620,188,432,0500000US28091
0,35451,17596,17855,0500000US28093
1,8400,4216,4184,0500000US28093
2,10909,5687,5222,0500000US28093
3,4653,2380,2273,0500000US28093
4,5275,2591,2684,0500000US28093
5,3819,1769,2050,0500000US28093
6,1790,761,1029,0500000US28093
7,605,192,413,0500000US28093
0,35564,16944,18620,0500000US28095
1,8836,4421,4415,0500000US28095
2,10390,5088,5302,0500000US28095
3,4634,2242,2392,0500000US28095
4,4873,2293,2580,0500000US28095
5,3912,1827,2085,0500000US28095
6,2115,828,1287,0500000US28095
7,804,245,559,0500000US28095
0,10023,4784,5239,0500000US28097
1,2449,1215,1234,0500000US28097
2,2723,1352,1371,0500000US28097
3,1219,559,660,0500000US28097
4,1463,701,762,0500000US28097
5,1225,582,643,0500000US28097
6,665,291,374,0500000US28097
7,279,84,195,0500000US28097
0,29125,13866,15259,0500000US28099
1,8862,4465,4397,0500000US28099
2,8676,4082,4594,0500000US28099
3,3399,1596,1803,0500000US28099
4,3580,1687,1893,0500000US28099
5,2721,1294,1427,0500000US28099
6,1329,561,768,0500000US28099
7,558,181,377,0500000US28099
0,21443,10259,11184,0500000US28101
1,6231,3141,3090,0500000US28101
2,6428,3121,3307,0500000US28101
3,2648,1270,1378,0500000US28101
4,2551,1199,1352,0500000US28101
5,2070,940,1130,0500000US28101
6,1091,456,635,0500000US28101
7,424,132,292,0500000US28101
0,10535,4968,5567,0500000US28103
1,2826,1436,1390,0500000US28103
2,3269,1549,1720,0500000US28103
3,1247,552,695,0500000US28103
4,1469,694,775,0500000US28103
5,980,454,526,0500000US28103
6,520,219,301,0500000US28103
7,224,64,160,0500000US28103
0,49599,24736,24863,0500000US28105
1,12512,6320,6192,0500000US28105
2,22842,11967,10875,0500000US28105
3,4001,1849,2152,0500000US28105
4,4534,2101,2433,0500000US28105
5,3166,1471,1695,0500000US28105
6,1789,765,1024,0500000US28105
7,755,263,492,0500000US28105
0,34178,16423,17755,0500000US28107
1,9282,4741,4541,0500000US28107
2,10640,5063,5577,0500000US28107
3,4298,2039,2259,0500000US28107
4,4579,2214,2365,0500000US28107
5,3216,1479,1737,0500000US28107
6,1593,679,914,0500000US28107
7,570,208,362,0500000US28107
0,55387,27264,28123,0500000US28109
1,14149,7230,6919,0500000US28109
2,16136,8023,8113,0500000US28109
3,7125,3529,3596,0500000US28109
4,7582,3684,3898,0500000US28109
5,6309,3001,3308,0500000US28109
6,3112,1436,1676,0500000US28109
7,974,361,613,0500000US28109
0,11931,5833,6098,0500000US28111
1,2952,1553,1399,0500000US28111
2,3561,1734,1827,0500000US28111
3,1487,723,764,0500000US28111
4,1752,853,899,0500000US28111
5,1273,594,679,0500000US28111
6,679,296,383,0500000US28111
7,227,80,147,0500000US28111
0,39563,18653,20910,0500000US28113
1,11430,5733,5697,0500000US28113
2,11748,5570,6178,0500000US28113
3,4604,2151,2453,0500000US28113
4,4948,2288,2660,0500000US28113
5,4023,1805,2218,0500000US28113
6,2009,847,1162,0500000US28113
7,801,259,542,0500000US28113
0,31833,15572,16261,0500000US28115
1,9155,4636,4519,0500000US28115
2,9883,4871,5012,0500000US28115
3,4083,2025,2058,0500000US28115
4,3949,1920,2029,0500000US28115
5,2740,1319,1421,0500000US28115
6,1438,600,838,0500000US28115
7,585,201,384,0500000US28115
0,25315,12417,12898,0500000US28117
1,6384,3336,3048,0500000US28117
2,7888,4048,3840,0500000US28117
3,3247,1593,1654,0500000US28117
4,3193,1544,1649,0500000US28117
5,2514,1117,1397,0500000US28117
6,1499,604,895,0500000US28117
7,590,175,415,0500000US28117
0,7051,3277,3774,0500000US28119
1,1790,913,877,0500000US28119
2,2115,981,1134,0500000US28119
3,915,399,516,0500000US28119
4,1007,487,520,0500000US28119
5,703,298,405,0500000US28119
6,378,153,225,0500000US28119
7,143,46,97,0500000US28119
0,153902,74073,79829,0500000US28121
1,38977,19780,19197,0500000US28121
2,52225,25312,26913,0500000US28121
3,20190,9883,10307,0500000US28121
4,18971,9001,9970,0500000US28121
5,14070,6300,7770,0500000US28121
6,6901,2939,3962,0500000US28121
7,2568,858,1710,0500000US28121
0,28287,13883,14404,0500000US28123
1,8191,4335,3856,0500000US28123
2,8703,4299,4404,0500000US28123
3,3499,1741,1758,0500000US28123
4,3634,1743,1891,0500000US28123
5,2460,1077,1383,0500000US28123
6,1312,540,772,0500000US28123
7,488,148,340,0500000US28123
0,4377,2091,2286,0500000US28125
1,1163,627,536,0500000US28125
2,1173,544,629,0500000US28125
3,497,241,256,0500000US28125
4,706,297,409,0500000US28125
5,486,231,255,0500000US28125
6,224,107,117,0500000US28125
7,128,44,84,0500000US28125
0,26758,12986,13772,0500000US28127
1,6908,3568,3340,0500000US28127
2,8048,3975,4073,0500000US28127
3,3301,1536,1765,0500000US28127
4,3795,1819,1976,0500000US28127
5,2713,1263,1450,0500000US28127
6,1484,634,850,0500000US28127
7,509,191,318,0500000US28127
0,16002,7689,8313,0500000US28129
1,4043,2034,2009,0500000US28129
2,4535,2192,2343,0500000US28129
3,2058,1005,1053,0500000US28129
4,2228,1077,1151,0500000US28129
5,1771,875,896,0500000US28129
6,998,386,612,0500000US28129
7,369,120,249,0500000US28129
0,18717,9455,9262,0500000US28131
1,5087,2641,2446,0500000US28131
2,5901,3037,2864,0500000US28131
3,2308,1174,1134,0500000US28131
4,2430,1166,1264,0500000US28131
5,1899,955,944,0500000US28131
6,868,395,473,0500000US28131
7,224,87,137,0500000US28131
0,25735,13737,11998,0500000US28133
1,6441,3250,3191,0500000US28133
2,9457,5753,3704,0500000US28133
3,3281,1813,1468,0500000US28133
4,3038,1442,1596,0500000US28133
5,2103,964,1139,0500000US28133
6,1007,406,601,0500000US28133
7,408,109,299,0500000US28133
0,13987,7776,6211,0500000US28135
1,3031,1504,1527,0500000US28135
2,5429,3634,1795,0500000US28135
3,1752,935,817,0500000US28135
4,1685,820,865,0500000US28135
5,1177,542,635,0500000US28135
6,651,259,392,0500000US28135
7,262,82,180,0500000US28135
0,28759,13850,14909,0500000US28137
1,7860,3965,3895,0500000US28137
2,8778,4277,4501,0500000US28137
3,3600,1757,1843,0500000US28137
4,3722,1742,1980,0500000US28137
5,2907,1337,1570,0500000US28137
6,1413,627,786,0500000US28137
7,479,145,334,0500000US28137
0,21995,10718,11277,0500000US28139
1,5943,2999,2944,0500000US28139
2,6721,3275,3446,0500000US28139
3,2882,1475,1407,0500000US28139
4,2812,1372,1440,0500000US28139
5,2195,1007,1188,0500000US28139
6,1104,472,632,0500000US28139
7,338,118,220,0500000US28139
0,19454,9452,10002,0500000US28141
1,4605,2386,2219,0500000US28141
2,5552,2694,2858,0500000US28141
3,2645,1283,1362,0500000US28141
4,2683,1336,1347,0500000US28141
5,2308,1068,1240,0500000US28141
6,1277,554,723,0500000US28141
7,384,131,253,0500000US28141
0,9944,4650,5294,0500000US28143
1,3172,1608,1564,0500000US28143
2,3256,1464,1792,0500000US28143
3,1133,532,601,0500000US28143
4,1168,518,650,0500000US28143
5,783,359,424,0500000US28143
6,322,132,190,0500000US28143
7,110,37,73,0500000US28143
0,28606,14016,14590,0500000US28145
1,7794,3946,3848,0500000US28145
2,8901,4458,4443,0500000US28145
3,3667,1799,1868,0500000US28145
4,3459,1692,1767,0500000US28145
5,2760,1317,1443,0500000US28145
6,1442,602,840,0500000US28145
7,583,202,381,0500000US28145
0,14465,6968,7497,0500000US28147
1,3624,1813,1811,0500000US28147
2,4269,2134,2135,0500000US28147
3,1719,801,918,0500000US28147
4,2013,965,1048,0500000US28147
5,1541,714,827,0500000US28147
6,928,408,520,0500000US28147
7,371,133,238,0500000US28147
0,46176,21990,24186,0500000US28149
1,12072,6135,5937,0500000US28149
2,14209,6766,7443,0500000US28149
3,5633,2613,3020,0500000US28149
4,6597,3101,3496,0500000US28149
5,4641,2198,2443,0500000US28149
6,2237,942,1295,0500000US28149
7,787,235,552,0500000US28149
0,45063,20889,24174,0500000US28151
1,12702,6376,6326,0500000US28151
2,13534,6322,7212,0500000US28151
3,5335,2367,2968,0500000US28151
4,6352,2872,3480,0500000US28151
5,4436,1964,2472,0500000US28151
6,1964,787,1177,0500000US28151
7,740,201,539,0500000US28151
0,20298,9749,10549,0500000US28153
1,5437,2758,2679,0500000US28153
2,6125,2926,3199,0500000US28153
3,2409,1140,1269,0500000US28153
4,2854,1389,1465,0500000US28153
5,1969,921,1048,0500000US28153
6,1144,493,651,0500000US28153
7,360,122,238,0500000US28153
0,9788,4779,5009,0500000US28155
1,2544,1328,1216,0500000US28155
2,2837,1387,1450,0500000US28155
3,1273,622,651,0500000US28155
4,1396,701,695,0500000US28155
5,1005,468,537,0500000US28155
6,543,219,324,0500000US28155
7,190,54,136,0500000US28155
0,8792,4714,4078,0500000US28157
1,2029,1039,990,0500000US28157
2,2967,1881,1086,0500000US28157
3,1029,519,510,0500000US28157
4,1254,615,639,0500000US28157
5,867,415,452,0500000US28157
6,442,182,260,0500000US28157
7,204,63,141,0500000US28157
0,18165,8867,9298,0500000US28159
1,4532,2364,2168,0500000US28159
2,5243,2604,2639,0500000US28159
3,2199,1095,1104,0500000US28159
4,2563,1221,1342,0500000US28159
5,2064,976,1088,0500000US28159
6,1112,443,669,0500000US28159
7,452,164,288,0500000US28159
0,12392,5934,6458,0500000US28161
1,3028,1570,1458,0500000US28161
2,3490,1640,1850,0500000US28161
3,1586,771,815,0500000US28161
4,1814,834,980,0500000US28161
5,1480,729,751,0500000US28161
6,760,319,441,0500000US28161
7,234,71,163,0500000US28161
0,28248,16261,11987,0500000US28163
1,6782,3538,3244,0500000US28163
2,11280,7669,3611,0500000US28163
3,3282,1890,1392,0500000US28163
4,3142,1585,1557,0500000US28163
5,2118,994,1124,0500000US28163
6,1130,440,690,0500000US28163
7,514,145,369,0500000US28163
0,25339,12194,13145,0500000US29001
1,6701,3243,3458,0500000US29001
2,9757,4732,5025,0500000US29001
3,2453,1260,1193,0500000US29001
4,2673,1270,1403,0500000US29001
5,2067,1003,1064,0500000US29001
6,1162,506,656,0500000US29001
7,526,180,346,0500000US29001
0,17607,8746,8861,0500000US29003
1,4418,2284,2134,0500000US29003
2,5074,2515,2559,0500000US29003
3,2261,1187,1074,0500000US29003
4,2601,1266,1335,0500000US29003
5,1845,918,927,0500000US29003
6,991,445,546,0500000US29003
7,417,131,286,0500000US29003
0,5171,2572,2599,0500000US29005
1,1118,580,538,0500000US29005
2,1309,667,642,0500000US29005
3,668,333,335,0500000US29005
4,761,388,373,0500000US29005
5,709,356,353,0500000US29005
6,408,196,212,0500000US29005
7,198,52,146,0500000US29005
0,25473,11687,13786,0500000US29007
1,6335,3375,2960,0500000US29007
2,8047,3292,4755,0500000US29007
3,3096,1419,1677,0500000US29007
4,3443,1647,1796,0500000US29007
5,2585,1234,1351,0500000US29007
6,1412,579,833,0500000US29007
7,555,141,414,0500000US29007
0,35886,18147,17739,0500000US29009
1,8885,4712,4173,0500000US29009
2,9727,5019,4708,0500000US29009
3,4481,2209,2272,0500000US29009
4,5405,2696,2709,0500000US29009
5,4247,2101,2146,0500000US29009
6,2360,1093,1267,0500000US29009
7,781,317,464,0500000US29009
0,11798,5807,5991,0500000US29011
1,3025,1572,1453,0500000US29011
2,3238,1617,1621,0500000US29011
3,1375,681,694,0500000US29011
4,1737,863,874,0500000US29011
5,1310,599,711,0500000US29011
6,766,354,412,0500000US29011
7,347,121,226,0500000US29011
0,16320,8069,8251,0500000US29013
1,4145,2126,2019,0500000US29013
2,4620,2329,2291,0500000US29013
3,1975,1005,970,0500000US29013
4,2416,1212,1204,0500000US29013
5,1676,796,880,0500000US29013
6,1108,473,635,0500000US29013
7,380,128,252,0500000US29013
0,19278,9663,9615,0500000US29015
1,3644,1865,1779,0500000US29015
2,3888,1972,1916,0500000US29015
3,2330,1183,1147,0500000US29015
4,3477,1713,1764,0500000US29015
5,3478,1732,1746,0500000US29015
6,1896,964,932,0500000US29015
7,565,234,331,0500000US29015
0,12169,6120,6049,0500000US29017
1,2840,1517,1323,0500000US29017
2,3257,1658,1599,0500000US29017
3,1657,804,853,0500000US29017
4,1913,969,944,0500000US29017
5,1456,700,756,0500000US29017
6,789,382,407,0500000US29017
7,257,90,167,0500000US29017
0,180005,87247,92758,0500000US29019
1,45309,22684,22625,0500000US29019
2,74588,36552,38036,0500000US29019
3,18565,8970,9595,0500000US29019
4,19485,9212,10273,0500000US29019
5,13393,6354,7039,0500000US29019
6,5922,2543,3379,0500000US29019
7,2743,932,1811,0500000US29019
0,88571,44705,43866,0500000US29021
1,22273,11414,10859,0500000US29021
2,29499,15881,13618,0500000US29021
3,10722,5454,5268,0500000US29021
4,11802,5831,5971,0500000US29021
5,8058,3717,4341,0500000US29021
6,4278,1781,2497,0500000US29021
7,1939,627,1312,0500000US29021
0,42639,20715,21924,0500000US29023
1,10938,5680,5258,0500000US29023
2,12603,6178,6425,0500000US29023
3,5263,2552,2711,0500000US29023
4,5814,2767,3047,0500000US29023
5,4432,2021,2411,0500000US29023
6,2654,1160,1494,0500000US29023
7,935,357,578,0500000US29023
0,9108,4620,4488,0500000US29025
1,2383,1284,1099,0500000US29025
2,2459,1247,1212,0500000US29025
3,1155,591,564,0500000US29025
4,1309,647,662,0500000US29025
5,1008,512,496,0500000US29025
6,565,261,304,0500000US29025
7,229,78,151,0500000US29025
0,44889,22949,21940,0500000US29027
1,10828,5498,5330,0500000US29027
2,14743,7888,6855,0500000US29027
3,5787,2990,2797,0500000US29027
4,6227,3075,3152,0500000US29027
5,4392,2237,2155,0500000US29027
6,2112,992,1120,0500000US29027
7,800,269,531,0500000US29027
0,45815,22792,23023,0500000US29029
1,8892,4575,4317,0500000US29029
2,10338,5163,5175,0500000US29029
3,5453,2629,2824,0500000US29029
4,8227,3971,4256,0500000US29029
5,8027,4007,4020,0500000US29029
6,3858,2010,1848,0500000US29029
7,1020,437,583,0500000US29029
0,78753,38191,40562,0500000US29031
1,19795,9947,9848,0500000US29031
2,26947,13341,13606,0500000US29031
3,8860,4347,4513,0500000US29031
4,9872,4799,5073,0500000US29031
5,7419,3471,3948,0500000US29031
6,4023,1674,2349,0500000US29031
7,1837,612,1225,0500000US29031
0,8743,4247,4496,0500000US29033
1,2200,1100,1100,0500000US29033
2,2357,1150,1207,0500000US29033
3,1076,548,528,0500000US29033
4,1204,595,609,0500000US29033
5,1074,505,569,0500000US29033
6,589,256,333,0500000US29033
7,243,93,150,0500000US29033
0,6054,2926,3128,0500000US29035
1,1551,763,788,0500000US29035
2,1611,772,839,0500000US29035
3,765,381,384,0500000US29035
4,920,463,457,0500000US29035
5,733,345,388,0500000US29035
6,342,150,192,0500000US29035
7,132,52,80,0500000US29035
0,104954,51161,53793,0500000US29037
1,27759,14188,13571,0500000US29037
2,31265,15436,15829,0500000US29037
3,13590,6697,6893,0500000US29037
4,14648,7137,7511,0500000US29037
5,9889,4504,5385,0500000US29037
6,5569,2388,3181,0500000US29037
7,2234,811,1423,0500000US29037
0,14165,7075,7090,0500000US29039
1,3712,1953,1759,0500000US29039
2,3470,1755,1715,0500000US29039
3,1658,811,847,0500000US29039
4,2017,1031,986,0500000US29039
5,1816,864,952,0500000US29039
6,1097,521,576,0500000US29039
7,395,140,255,0500000US29039
0,7451,3699,3752,0500000US29041
1,1842,969,873,0500000US29041
2,1839,905,934,0500000US29041
3,820,420,400,0500000US29041
4,1188,596,592,0500000US29041
5,877,452,425,0500000US29041
6,558,236,322,0500000US29041
7,327,121,206,0500000US29041
0,86983,42666,44317,0500000US29043
1,23857,12278,11579,0500000US29043
2,27539,13480,14059,0500000US29043
3,10936,5443,5493,0500000US29043
4,10980,5221,5759,0500000US29043
5,8210,3881,4329,0500000US29043
6,4066,1827,2239,0500000US29043
7,1395,536,859,0500000US29043
0,6842,3495,3347,0500000US29045
1,1697,904,793,0500000US29045
2,1815,940,875,0500000US29045
3,851,445,406,0500000US29045
4,1056,543,513,0500000US29045
5,771,380,391,0500000US29045
6,445,211,234,0500000US29045
7,207,72,135,0500000US29045
0,246365,120984,125381,0500000US29047
1,64731,33174,31557,0500000US29047
2,84289,41973,42316,0500000US29047
3,32070,15801,16269,0500000US29047
4,30504,14733,15771,0500000US29047
5,20843,9624,11219,0500000US29047
6,10004,4297,5707,0500000US29047
7,3924,1382,2542,0500000US29047
0,20470,10296,10174,0500000US29049
1,5243,2731,2512,0500000US29049
2,5774,2911,2863,0500000US29049
3,2708,1358,1350,0500000US29049
4,3042,1518,1524,0500000US29049
5,2098,1035,1063,0500000US29049
6,1106,528,578,0500000US29049
7,499,215,284,0500000US29049
0,76796,38795,38001,0500000US29051
1,19076,9679,9397,0500000US29051
2,24954,13451,11503,0500000US29051
3,9905,5187,4718,0500000US29051
4,10127,4898,5229,0500000US29051
5,7520,3524,3996,0500000US29051
6,3606,1556,2050,0500000US29051
7,1608,500,1108,0500000US29051
0,17603,9196,8407,0500000US29053
1,4190,2150,2040,0500000US29053
2,5779,3386,2393,0500000US29053
3,2081,1068,1013,0500000US29053
4,2398,1187,1211,0500000US29053
5,1753,839,914,0500000US29053
6,943,410,533,0500000US29053
7,459,156,303,0500000US29053
0,23957,11883,12074,0500000US29055
1,5927,2972,2955,0500000US29055
2,6653,3353,3300,0500000US29055
3,3002,1513,1489,0500000US29055
4,3664,1835,1829,0500000US29055
5,2747,1362,1385,0500000US29055
6,1428,662,766,0500000US29055
7,536,186,350,0500000US29055
0,7569,3866,3703,0500000US29057
1,1713,953,760,0500000US29057
2,1892,985,907,0500000US29057
3,949,477,472,0500000US29057
4,1225,584,641,0500000US29057
5,996,511,485,0500000US29057
6,572,280,292,0500000US29057
7,222,76,146,0500000US29057
0,16762,8364,8398,0500000US29059
1,4287,2197,2090,0500000US29059
2,4424,2272,2152,0500000US29059
3,2019,998,1021,0500000US29059
4,2634,1291,1343,0500000US29059
5,1922,965,957,0500000US29059
6,1068,492,576,0500000US29059
7,408,149,259,0500000US29059
0,8313,4193,4120,0500000US29061
1,2314,1195,1119,0500000US29061
2,2184,1127,1057,0500000US29061
3,940,458,482,0500000US29061
4,1176,585,591,0500000US29061
5,1010,505,505,0500000US29061
6,501,249,252,0500000US29061
7,188,74,114,0500000US29061
0,12630,7905,4725,0500000US29063
1,2382,1263,1119,0500000US29063
2,4725,3484,1241,0500000US29063
3,1828,1256,572,0500000US29063
4,1593,903,690,0500000US29063
5,1073,570,503,0500000US29063
6,698,320,378,0500000US29063
7,331,109,222,0500000US29063
0,15441,7691,7750,0500000US29065
1,3778,1955,1823,0500000US29065
2,4042,2047,1995,0500000US29065
3,1855,915,940,0500000US29065
4,2407,1220,1187,0500000US29065
5,1834,879,955,0500000US29065
6,1101,514,587,0500000US29065
7,424,161,263,0500000US29065
0,13373,6692,6681,0500000US29067
1,3145,1622,1523,0500000US29067
2,3266,1661,1605,0500000US29067
3,1547,768,779,0500000US29067
4,2161,1078,1083,0500000US29067
5,1839,915,924,0500000US29067
6,1046,496,550,0500000US29067
7,369,152,217,0500000US29067
0,29423,14075,15348,0500000US29069
1,8196,4172,4024,0500000US29069
2,8194,3973,4221,0500000US29069
3,3560,1707,1853,0500000US29069
4,3965,1903,2062,0500000US29069
5,3033,1353,1680,0500000US29069
6,1768,741,1027,0500000US29069
7,707,226,481,0500000US29069
0,103670,51520,52150,0500000US29071
1,25961,13397,12564,0500000US29071
2,30236,15384,14852,0500000US29071
3,13742,6800,6942,0500000US29071
4,15733,7787,7946,0500000US29071
5,10472,5008,5464,0500000US29071
6,5516,2436,3080,0500000US29071
7,2010,708,1302,0500000US29071
0,14705,7340,7365,0500000US29073
1,3327,1769,1558,0500000US29073
2,3822,1912,1910,0500000US29073
3,1865,932,933,0500000US29073
4,2347,1226,1121,0500000US29073
5,1812,862,950,0500000US29073
6,1039,479,560,0500000US29073
7,493,160,333,0500000US29073
0,6628,3198,3430,0500000US29075
1,1781,865,916,0500000US29075
2,1842,901,941,0500000US29075
3,774,388,386,0500000US29075
4,914,463,451,0500000US29075
5,627,301,326,0500000US29075
6,447,203,244,0500000US29075
7,243,77,166,0500000US29075
0,291923,141855,150068,0500000US29077
1,70298,35691,34607,0500000US29077
2,105877,53015,52862,0500000US29077
3,32874,16251,16623,0500000US29077
4,34789,16574,18215,0500000US29077
5,26683,11974,14709,0500000US29077
6,14611,6072,8539,0500000US29077
7,6791,2278,4513,0500000US29077
0,9914,4824,5090,0500000US29079
1,2639,1336,1303,0500000US29079
2,2721,1391,1330,0500000US29079
3,1078,510,568,0500000US29079
4,1336,680,656,0500000US29079
5,1057,488,569,0500000US29079
6,738,315,423,0500000US29079
7,345,104,241,0500000US29079
0,8414,4155,4259,0500000US29081
1,2219,1155,1064,0500000US29081
2,2141,1107,1034,0500000US29081
3,939,474,465,0500000US29081
4,1225,579,646,0500000US29081
5,947,479,468,0500000US29081
6,614,263,351,0500000US29081
7,329,98,231,0500000US29081
0,21792,10691,11101,0500000US29083
1,5251,2666,2585,0500000US29083
2,5847,2929,2918,0500000US29083
3,2675,1351,1324,0500000US29083
4,3281,1574,1707,0500000US29083
5,2687,1295,1392,0500000US29083
6,1489,681,808,0500000US29083
7,562,195,367,0500000US29083
0,9509,4700,4809,0500000US29085
1,1797,914,883,0500000US29085
2,1816,882,934,0500000US29085
3,1125,571,554,0500000US29085
4,1654,780,874,0500000US29085
5,1805,909,896,0500000US29085
6,1011,513,498,0500000US29085
7,301,131,170,0500000US29085
0,4404,2154,2250,0500000US29087
1,977,480,497,0500000US29087
2,1055,544,511,0500000US29087
3,578,282,296,0500000US29087
4,688,329,359,0500000US29087
5,575,300,275,0500000US29087
6,328,160,168,0500000US29087
7,203,59,144,0500000US29087
0,10137,5064,5073,0500000US29089
1,2639,1379,1260,0500000US29089
2,2985,1488,1497,0500000US29089
3,1126,583,543,0500000US29089
4,1434,713,721,0500000US29089
5,1080,526,554,0500000US29089
6,608,275,333,0500000US29089
7,265,100,165,0500000US29089
0,40076,19500,20576,0500000US29091
1,10439,5286,5153,0500000US29091
2,11559,5775,5784,0500000US29091
3,4770,2331,2439,0500000US29091
4,5356,2537,2819,0500000US29091
5,4502,2120,2382,0500000US29091
6,2426,1097,1329,0500000US29091
7,1024,354,670,0500000US29091
0,10177,5069,5108,0500000US29093
1,2332,1218,1114,0500000US29093
2,2765,1359,1406,0500000US29093
3,1306,676,630,0500000US29093
4,1597,798,799,0500000US29093
5,1231,614,617,0500000US29093
6,690,321,369,0500000US29093
7,256,83,173,0500000US29093
0,700307,338751,361556,0500000US29095
1,180292,91490,88802,0500000US29095
2,239772,117666,122106,0500000US29095
3,84533,41498,43035,0500000US29095
4,91055,43314,47741,0500000US29095
5,60866,27567,33299,0500000US29095
6,30003,12540,17463,0500000US29095
7,13786,4676,9110,0500000US29095
0,120636,58923,61713,0500000US29097
1,33170,16917,16253,0500000US29097
2,39945,19957,19988,0500000US29097
3,14038,6841,7197,0500000US29097
4,14620,7031,7589,0500000US29097
5,10691,4877,5814,0500000US29097
6,5756,2505,3251,0500000US29097
7,2416,795,1621,0500000US29097
0,224347,111370,112977,0500000US29099
1,56705,29066,27639,0500000US29099
2,70324,35572,34752,0500000US29099
3,30491,15078,15413,0500000US29099
4,33191,16418,16773,0500000US29099
5,20932,9863,11069,0500000US29099
6,9671,4274,5397,0500000US29099
7,3033,1099,1934,0500000US29099
0,53652,27578,26074,0500000US29101
1,14045,7130,6915,0500000US29101
2,21647,11784,9863,0500000US29101
3,5194,2538,2656,0500000US29101
4,5976,2899,3077,0500000US29101
5,3944,1927,2017,0500000US29101
6,1997,949,1048,0500000US29101
7,849,351,498,0500000US29101
0,3947,1974,1973,0500000US29103
1,1014,539,475,0500000US29103
2,971,489,482,0500000US29103
3,477,237,240,0500000US29103
4,614,320,294,0500000US29103
5,450,216,234,0500000US29103
6,295,127,168,0500000US29103
7,126,46,80,0500000US29103
0,35713,17552,18161,0500000US29105
1,9581,4878,4703,0500000US29105
2,10243,5082,5161,0500000US29105
3,4611,2289,2322,0500000US29105
4,4905,2431,2474,0500000US29105
5,3628,1697,1931,0500000US29105
6,2050,905,1145,0500000US29105
7,695,270,425,0500000US29105
0,32598,16169,16429,0500000US29107
1,8218,4280,3938,0500000US29107
2,9209,4630,4579,0500000US29107
3,4281,2113,2168,0500000US29107
4,4740,2336,2404,0500000US29107
5,3221,1544,1677,0500000US29107
6,2019,953,1066,0500000US29107
7,910,313,597,0500000US29107
0,38359,19039,19320,0500000US29109
1,10577,5442,5135,0500000US29109
2,10806,5434,5372,0500000US29109
3,4776,2404,2372,0500000US29109
4,5182,2514,2668,0500000US29109
5,3789,1783,2006,0500000US29109
6,2228,1041,1187,0500000US29109
7,1001,421,580,0500000US29109
0,9855,4950,4905,0500000US29111
1,2549,1349,1200,0500000US29111
2,2947,1502,1445,0500000US29111
3,1153,582,571,0500000US29111
4,1384,679,705,0500000US29111
5,983,490,493,0500000US29111
6,582,257,325,0500000US29111
7,257,91,166,0500000US29111
0,57686,28843,28843,0500000US29113
1,15903,8197,7706,0500000US29113
2,18429,9124,9305,0500000US29113
3,7573,3809,3764,0500000US29113
4,8041,4063,3978,0500000US29113
5,4672,2285,2387,0500000US29113
6,2256,1070,1186,0500000US29113
7,812,295,517,0500000US29113
0,12037,5868,6169,0500000US29115
1,3091,1581,1510,0500000US29115
2,3259,1655,1604,0500000US29115
3,1348,673,675,0500000US29115
4,1796,853,943,0500000US29115
5,1422,675,747,0500000US29115
6,750,319,431,0500000US29115
7,371,112,259,0500000US29115
0,15146,6589,8557,0500000US29117
1,3442,1753,1689,0500000US29117
2,5017,1921,3096,0500000US29117
3,1865,768,1097,0500000US29117
4,1907,892,1015,0500000US29117
5,1496,684,812,0500000US29117
6,893,405,488,0500000US29117
7,526,166,360,0500000US29117
0,23078,11647,11431,0500000US29119
1,6528,3361,3167,0500000US29119
2,6813,3464,3349,0500000US29119
3,3077,1572,1505,0500000US29119
4,3133,1572,1561,0500000US29119
5,2107,1047,1060,0500000US29119
6,1108,515,593,0500000US29119
7,312,116,196,0500000US29119
0,15153,7505,7648,0500000US29121
1,3773,1932,1841,0500000US29121
2,3980,2042,1938,0500000US29121
3,1800,909,891,0500000US29121
4,2153,1069,1084,0500000US29121
5,1843,889,954,0500000US29121
6,1106,501,605,0500000US29121
7,498,163,335,0500000US29121
0,12188,5961,6227,0500000US29123
1,3074,1593,1481,0500000US29123
2,3441,1710,1731,0500000US29123
3,1591,762,829,0500000US29123
4,1752,851,901,0500000US29123
5,1277,596,681,0500000US29123
6,764,330,434,0500000US29123
7,289,119,170,0500000US29123
0,8769,4401,4368,0500000US29125
1,1959,1000,959,0500000US29125
2,2356,1219,1137,0500000US29125
3,1176,562,614,0500000US29125
4,1395,718,677,0500000US29125
5,1041,506,535,0500000US29125
6,613,292,321,0500000US29125
7,229,104,125,0500000US29125
0,28592,13924,14668,0500000US29127
1,7420,3719,3701,0500000US29127
2,8680,4315,4365,0500000US29127
3,3435,1738,1697,0500000US29127
4,3889,1879,2010,0500000US29127
5,2862,1358,1504,0500000US29127
6,1539,651,888,0500000US29127
7,767,264,503,0500000US29127
0,3641,1851,1790,0500000US29129
1,950,503,447,0500000US29129
2,891,454,437,0500000US29129
3,424,216,208,0500000US29129
4,573,286,287,0500000US29129
5,403,220,183,0500000US29129
6,254,118,136,0500000US29129
7,146,54,92,0500000US29129
0,25336,12645,12691,0500000US29131
1,6475,3292,3183,0500000US29131
2,7236,3672,3564,0500000US29131
3,3160,1642,1518,0500000US29131
4,3587,1736,1851,0500000US29131
5,2860,1408,1452,0500000US29131
6,1412,650,762,0500000US29131
7,606,245,361,0500000US29131
0,13336,7219,6117,0500000US29133
1,3065,1586,1479,0500000US29133
2,4424,2692,1732,0500000US29133
3,1794,1069,725,0500000US29133
4,1681,838,843,0500000US29133
5,1333,618,715,0500000US29133
6,777,355,422,0500000US29133
7,262,61,201,0500000US29133
0,16121,8567,7554,0500000US29135
1,4289,2159,2130,0500000US29135
2,5293,3090,2203,0500000US29135
3,2071,1153,918,0500000US29135
4,1925,986,939,0500000US29135
5,1442,704,738,0500000US29135
6,768,361,407,0500000US29135
7,333,114,219,0500000US29135
0,8664,4388,4276,0500000US29137
1,2073,1091,982,0500000US29137
2,2137,1121,1016,0500000US29137
3,1022,515,507,0500000US29137
4,1409,703,706,0500000US29137
5,1107,554,553,0500000US29137
6,651,305,346,0500000US29137
7,265,99,166,0500000US29137
0,11534,5785,5749,0500000US29139
1,2761,1467,1294,0500000US29139
2,3066,1553,1513,0500000US29139
3,1463,767,696,0500000US29139
4,1802,893,909,0500000US29139
5,1294,635,659,0500000US29139
6,769,347,422,0500000US29139
7,379,123,256,0500000US29139
0,20358,10198,10160,0500000US29141
1,5058,2594,2464,0500000US29141
2,4971,2518,2453,0500000US29141
3,2354,1173,1181,0500000US29141
4,3203,1585,1618,0500000US29141
5,2718,1366,1352,0500000US29141
6,1552,760,792,0500000US29141
7,502,202,300,0500000US29141
0,17296,8307,8989,0500000US29143
1,4332,2214,2118,0500000US29143
2,4886,2390,2496,0500000US29143
3,2214,1077,1137,0500000US29143
4,2551,1190,1361,0500000US29143
5,1903,893,1010,0500000US29143
6,1015,416,599,0500000US29143
7,395,127,268,0500000US29143
0,58266,29061,29205,0500000US29145
1,15240,7994,7246,0500000US29145
2,16841,8597,8244,0500000US29145
3,7492,3704,3788,0500000US29145
4,8140,3982,4158,0500000US29145
5,6042,2896,3146,0500000US29145
6,3378,1469,1909,0500000US29145
7,1133,419,714,0500000US29145
0,22304,11244,11060,0500000US29147
1,5449,2653,2796,0500000US29147
2,8985,4792,4193,0500000US29147
3,2071,1072,999,0500000US29147
4,2395,1204,1191,0500000US29147
5,1772,876,896,0500000US29147
6,1066,445,621,0500000US29147
7,566,202,364,0500000US29147
0,10541,5180,5361,0500000US29149
1,2574,1303,1271,0500000US29149
2,2550,1295,1255,0500000US29149
3,1288,630,658,0500000US29149
4,1671,820,851,0500000US29149
5,1363,653,710,0500000US29149
6,822,389,433,0500000US29149
7,273,90,183,0500000US29149
0,13714,7066,6648,0500000US29151
1,3559,1865,1694,0500000US29151
2,3949,2100,1849,0500000US29151
3,1828,942,886,0500000US29151
4,1988,1031,957,0500000US29151
5,1297,656,641,0500000US29151
6,792,370,422,0500000US29151
7,301,102,199,0500000US29151
0,9017,4523,4494,0500000US29153
1,1830,953,877,0500000US29153
2,1938,968,970,0500000US29153
3,1035,507,528,0500000US29153
4,1614,799,815,0500000US29153
5,1458,751,707,0500000US29153
6,863,439,424,0500000US29153
7,279,106,173,0500000US29153
0,16272,7688,8584,0500000US29155
1,4561,2333,2228,0500000US29155
2,4737,2203,2534,0500000US29155
3,1968,923,1045,0500000US29155
4,2225,1042,1183,0500000US29155
5,1587,737,850,0500000US29155
6,816,357,459,0500000US29155
7,378,93,285,0500000US29155
0,19150,9567,9583,0500000US29157
1,4874,2569,2305,0500000US29157
2,5612,2822,2790,0500000US29157
3,2470,1251,1219,0500000US29157
4,2722,1342,1380,0500000US29157
5,1952,965,987,0500000US29157
6,1040,467,573,0500000US29157
7,480,151,329,0500000US29157
0,42542,21117,21425,0500000US29159
1,11507,6032,5475,0500000US29159
2,13240,6633,6607,0500000US29159
3,4904,2465,2439,0500000US29159
4,5768,2830,2938,0500000US29159
5,3907,1885,2022,0500000US29159
6,2151,903,1248,0500000US29159
7,1065,369,696,0500000US29159
0,44732,23354,21378,0500000US29161
1,11398,6193,5205,0500000US29161
2,15440,8677,6763,0500000US29161
3,4888,2427,2461,0500000US29161
4,5654,2726,2928,0500000US29161
5,4108,1950,2158,0500000US29161
6,2285,1011,1274,0500000US29161
7,959,370,589,0500000US29161
0,18504,10265,8239,0500000US29163
1,4403,2319,2084,0500000US29163
2,6032,3735,2297,0500000US29163
3,2386,1443,943,0500000US29163
4,2471,1276,1195,0500000US29163
5,1784,876,908,0500000US29163
6,1032,476,556,0500000US29163
7,396,140,256,0500000US29163
0,102985,50760,52225,0500000US29165
1,26828,13582,13246,0500000US29165
2,34241,17194,17047,0500000US29165
3,13672,6743,6929,0500000US29165
4,13275,6405,6870,0500000US29165
5,9152,4401,4751,0500000US29165
6,4142,1881,2261,0500000US29165
7,1675,554,1121,0500000US29165
0,32201,15824,16377,0500000US29167
1,8614,4370,4244,0500000US29167
2,9884,4955,4929,0500000US29167
3,3791,1841,1950,0500000US29167
4,4104,2014,2090,0500000US29167
5,3226,1547,1679,0500000US29167
6,1826,828,998,0500000US29167
7,756,269,487,0500000US29167
0,52014,29387,22627,0500000US29169
1,15552,9138,6414,0500000US29169
2,22850,13864,8986,0500000US29169
3,4713,2298,2415,0500000US29169
4,4225,2043,2182,0500000US29169
5,2741,1272,1469,0500000US29169
6,1417,602,815,0500000US29169
7,516,170,346,0500000US29169
0,4757,2399,2358,0500000US29171
1,1159,604,555,0500000US29171
2,1155,605,550,0500000US29171
3,555,280,275,0500000US29171
4,721,360,361,0500000US29171
5,628,318,310,0500000US29171
6,377,173,204,0500000US29171
7,162,59,103,0500000US29171
0,10212,5129,5083,0500000US29173
1,2355,1225,1130,0500000US29173
2,2690,1346,1344,0500000US29173
3,1343,673,670,0500000US29173
4,1602,812,790,0500000US29173
5,1360,683,677,0500000US29173
6,657,320,337,0500000US29173
7,205,70,135,0500000US29173
0,24763,12919,11844,0500000US29175
1,5933,3095,2838,0500000US29175
2,8238,4664,3574,0500000US29175
3,3275,1751,1524,0500000US29175
4,3160,1605,1555,0500000US29175
5,2346,1089,1257,0500000US29175
6,1271,555,716,0500000US29175
7,540,160,380,0500000US29175
0,22883,11430,11453,0500000US29177
1,5621,2923,2698,0500000US29177
2,6447,3304,3143,0500000US29177
3,3066,1528,1538,0500000US29177
4,3505,1761,1744,0500000US29177
5,2388,1138,1250,0500000US29177
6,1360,618,742,0500000US29177
7,496,158,338,0500000US29177
0,6254,3221,3033,0500000US29179
1,1347,742,605,0500000US29179
2,1599,815,784,0500000US29179
3,833,428,405,0500000US29179
4,1026,522,504,0500000US29179
5,787,395,392,0500000US29179
6,477,243,234,0500000US29179
7,185,76,109,0500000US29179
0,13401,6656,6745,0500000US29181
1,3338,1726,1612,0500000US29181
2,3690,1849,1841,0500000US29181
3,1645,823,822,0500000US29181
4,1994,974,1020,0500000US29181
5,1541,754,787,0500000US29181
6,878,399,479,0500000US29181
7,315,131,184,0500000US29181
0,399182,196224,202958,0500000US29183
1,102302,52223,50079,0500000US29183
2,129413,65194,64219,0500000US29183
3,52368,25678,26690,0500000US29183
4,54320,26353,27967,0500000US29183
5,35722,16441,19281,0500000US29183
6,17859,7759,10100,0500000US29183
7,7198,2576,4622,0500000US29183
0,9395,4721,4674,0500000US29185
1,2040,1046,994,0500000US29185
2,2183,1111,1072,0500000US29185
3,1131,554,577,0500000US29185
4,1503,797,706,0500000US29185
5,1342,671,671,0500000US29185
6,863,423,440,0500000US29185
7,333,119,214,0500000US29185
0,17888,9067,8821,0500000US29186
1,4241,2194,2047,0500000US29186
2,4911,2537,2374,0500000US29186
3,2281,1139,1142,0500000US29186
4,2970,1519,1451,0500000US29186
5,1996,1012,984,0500000US29186
6,1044,474,570,0500000US29186
7,445,192,253,0500000US29186
0,66692,35620,31072,0500000US29187
1,15433,7861,7572,0500000US29187
2,22837,13440,9397,0500000US29187
3,8757,4886,3871,0500000US29187
4,8700,4514,4186,0500000US29187
5,6204,2949,3255,0500000US29187
6,3516,1564,1952,0500000US29187
7,1245,406,839,0500000US29187
0,996945,472887,524058,0500000US29189
1,243452,124031,119421,0500000US29189
2,308339,149316,159023,0500000US29189
3,123743,57954,65789,0500000US29189
4,141201,65995,75206,0500000US29189
5,100627,44857,55770,0500000US29189
6,52603,21730,30873,0500000US29189
7,26980,9004,17976,0500000US29189
0,22895,11420,11475,0500000US29195
1,5967,3103,2864,0500000US29195
2,7023,3630,3393,0500000US29195
3,2614,1322,1292,0500000US29195
4,3109,1522,1587,0500000US29195
5,2265,1112,1153,0500000US29195
6,1321,556,765,0500000US29195
7,596,175,421,0500000US29195
0,4599,2284,2315,0500000US29197
1,1262,638,624,0500000US29197
2,1262,637,625,0500000US29197
3,539,274,265,0500000US29197
4,626,315,311,0500000US29197
5,470,229,241,0500000US29197
6,311,144,167,0500000US29197
7,129,47,82,0500000US29197
0,4966,2457,2509,0500000US29199
1,1578,805,773,0500000US29199
2,1381,715,666,0500000US29199
3,516,253,263,0500000US29199
4,592,282,310,0500000US29199
5,466,238,228,0500000US29199
6,301,126,175,0500000US29199
7,132,38,94,0500000US29199
0,38458,18682,19776,0500000US29201
1,10014,5209,4805,0500000US29201
2,11469,5625,5844,0500000US29201
3,4868,2363,2505,0500000US29201
4,5167,2457,2710,0500000US29201
5,3974,1851,2123,0500000US29201
6,2161,901,1260,0500000US29201
7,805,276,529,0500000US29201
0,8189,4097,4092,0500000US29203
1,1922,990,932,0500000US29203
2,2048,1063,985,0500000US29203
3,1035,524,511,0500000US29203
4,1374,684,690,0500000US29203
5,1025,511,514,0500000US29203
6,606,275,331,0500000US29203
7,179,50,129,0500000US29203
0,6050,3012,3038,0500000US29205
1,1584,840,744,0500000US29205
2,1647,823,824,0500000US29205
3,639,305,334,0500000US29205
4,893,470,423,0500000US29205
5,688,337,351,0500000US29205
6,402,173,229,0500000US29205
7,197,64,133,0500000US29205
0,29206,14415,14791,0500000US29207
1,7029,3716,3313,0500000US29207
2,8564,4307,4257,0500000US29207
3,3705,1856,1849,0500000US29207
4,4061,1958,2103,0500000US29207
5,3169,1480,1689,0500000US29207
6,1865,824,1041,0500000US29207
7,813,274,539,0500000US29207
0,31749,15553,16196,0500000US29209
1,5764,2935,2829,0500000US29209
2,6660,3302,3358,0500000US29209
3,3767,1809,1958,0500000US29209
4,5721,2770,2951,0500000US29209
5,5937,2838,3099,0500000US29209
6,3098,1567,1531,0500000US29209
7,802,332,470,0500000US29209
0,6221,3195,3026,0500000US29211
1,1546,841,705,0500000US29211
2,1683,866,817,0500000US29211
3,867,444,423,0500000US29211
4,866,472,394,0500000US29211
5,711,346,365,0500000US29211
6,402,185,217,0500000US29211
7,146,41,105,0500000US29211
0,55852,27022,28830,0500000US29213
1,13304,6817,6487,0500000US29213
2,16263,7928,8335,0500000US29213
3,6629,3191,3438,0500000US29213
4,7548,3575,3973,0500000US29213
5,6979,3220,3759,0500000US29213
6,3897,1813,2084,0500000US29213
7,1232,478,754,0500000US29213
0,25571,13430,12141,0500000US29215
1,5946,3086,2860,0500000US29215
2,7358,4241,3117,0500000US29215
3,3104,1683,1421,0500000US29215
4,3772,1936,1836,0500000US29215
5,2950,1387,1563,0500000US29215
6,1737,818,919,0500000US29215
7,704,279,425,0500000US29215
0,20528,10037,10491,0500000US29217
1,5485,2779,2706,0500000US29217
2,5656,2762,2894,0500000US29217
3,2523,1267,1256,0500000US29217
4,2887,1406,1481,0500000US29217
5,2204,1055,1149,0500000US29217
6,1192,536,656,0500000US29217
7,581,232,349,0500000US29217
0,34711,17325,17386,0500000US29219
1,8973,4590,4383,0500000US29219
2,9883,4973,4910,0500000US29219
3,4422,2187,2235,0500000US29219
4,5330,2688,2642,0500000US29219
5,3473,1673,1800,0500000US29219
6,1984,960,1024,0500000US29219
7,646,254,392,0500000US29219
0,24943,12838,12105,0500000US29221
1,6214,3134,3080,0500000US29221
2,7407,3973,3434,0500000US29221
3,3550,1903,1647,0500000US29221
4,3611,1868,1743,0500000US29221
5,2486,1176,1310,0500000US29221
6,1279,617,662,0500000US29221
7,396,167,229,0500000US29221
0,13122,6454,6668,0500000US29223
1,2930,1463,1467,0500000US29223
2,3214,1627,1587,0500000US29223
3,1742,842,900,0500000US29223
4,2150,1051,1099,0500000US29223
5,1716,815,901,0500000US29223
6,1067,524,543,0500000US29223
7,303,132,171,0500000US29223
0,39109,19965,19144,0500000US29225
1,11539,6018,5521,0500000US29225
2,11637,6103,5534,0500000US29225
3,4948,2544,2404,0500000US29225
4,4971,2471,2500,0500000US29225
5,3470,1722,1748,0500000US29225
6,1927,875,1052,0500000US29225
7,617,232,385,0500000US29225
0,2040,984,1056,0500000US29227
1,459,221,238,0500000US29227
2,498,251,247,0500000US29227
3,231,116,115,0500000US29227
4,347,174,173,0500000US29227
5,241,124,117,0500000US29227
6,172,72,100,0500000US29227
7,92,26,66,0500000US29227
0,18378,9025,9353,0500000US29229
1,5097,2597,2500,0500000US29229
2,4848,2428,2420,0500000US29229
3,2198,1103,1095,0500000US29229
4,2605,1258,1347,0500000US29229
5,2010,957,1053,0500000US29229
6,1157,526,631,0500000US29229
7,463,156,307,0500000US29229
0,302838,146552,156286,0500000US29510
1,64631,32791,31840,0500000US29510
2,121395,59435,61960,0500000US29510
3,35254,17459,17795,0500000US29510
4,40068,19301,20767,0500000US29510
5,25111,11532,13579,0500000US29510
6,10933,4363,6570,0500000US29510
7,5446,1671,3775,0500000US29510
0,9404,4834,4570,0500000US30001
1,2038,1029,1009,0500000US30001
2,2940,1570,1370,0500000US30001
3,945,478,467,0500000US30001
4,1411,693,718,0500000US30001
5,1164,608,556,0500000US30001
6,669,353,316,0500000US30001
7,237,103,134,0500000US30001
0,13338,6641,6697,0500000US30003
1,4812,2514,2298,0500000US30003
2,3919,1951,1968,0500000US30003
3,1368,634,734,0500000US30003
4,1532,735,797,0500000US30003
5,1086,522,564,0500000US30003
6,476,221,255,0500000US30003
7,145,64,81,0500000US30003
0,6807,3420,3387,0500000US30005
1,2209,1148,1061,0500000US30005
2,2000,1022,978,0500000US30005
3,714,363,351,0500000US30005
4,835,426,409,0500000US30005
5,595,271,324,0500000US30005
6,310,140,170,0500000US30005
7,144,50,94,0500000US30005
0,6085,3115,2970,0500000US30007
1,1323,672,651,0500000US30007
2,1488,766,722,0500000US30007
3,795,404,391,0500000US30007
4,1039,525,514,0500000US30007
5,902,480,422,0500000US30007
6,410,215,195,0500000US30007
7,128,53,75,0500000US30007
0,10714,5419,5295,0500000US30009
1,2068,1058,1010,0500000US30009
2,2586,1289,1297,0500000US30009
3,1293,676,617,0500000US30009
4,2005,1012,993,0500000US30009
5,1706,858,848,0500000US30009
6,748,388,360,0500000US30009
7,308,138,170,0500000US30009
0,1238,615,623,0500000US30011
1,271,140,131,0500000US30011
2,310,160,150,0500000US30011
3,113,44,69,0500000US30011
4,225,119,106,0500000US30011
5,162,86,76,0500000US30011
6,105,51,54,0500000US30011
7,52,15,37,0500000US30011
0,81643,41285,40358,0500000US30013
1,20013,10486,9527,0500000US30013
2,26672,14098,12574,0500000US30013
3,8787,4351,4436,0500000US30013
4,11011,5346,5665,0500000US30013
5,8502,4105,4397,0500000US30013
6,4660,2122,2538,0500000US30013
7,1998,777,1221,0500000US30013
0,5745,2872,2873,0500000US30015
1,1468,737,731,0500000US30015
2,1609,828,781,0500000US30015
3,582,289,293,0500000US30015
4,915,452,463,0500000US30015
5,694,349,345,0500000US30015
6,330,155,175,0500000US30015
7,147,62,85,0500000US30015
0,11586,5806,5780,0500000US30017
1,2769,1482,1287,0500000US30017
2,3404,1719,1685,0500000US30017
3,1360,664,696,0500000US30017
4,1740,884,856,0500000US30017
5,1275,619,656,0500000US30017
6,686,297,389,0500000US30017
7,352,141,211,0500000US30017
0,1747,901,846,0500000US30019
1,397,210,187,0500000US30019
2,429,234,195,0500000US30019
3,170,89,81,0500000US30019
4,288,148,140,0500000US30019
5,230,121,109,0500000US30019
6,139,65,74,0500000US30019
7,94,34,60,0500000US30019
0,8680,4472,4208,0500000US30021
1,2147,1115,1032,0500000US30021
2,2529,1360,1169,0500000US30021
3,963,511,452,0500000US30021
4,1317,665,652,0500000US30021
5,943,496,447,0500000US30021
6,501,224,277,0500000US30021
7,280,101,179,0500000US30021
0,9131,4878,4253,0500000US30023
1,1531,848,683,0500000US30023
2,2634,1517,1117,0500000US30023
3,1223,670,553,0500000US30023
4,1560,759,801,0500000US30023
5,1325,691,634,0500000US30023
6,641,310,331,0500000US30023
7,217,83,134,0500000US30023
0,2920,1479,1441,0500000US30025
1,849,429,420,0500000US30025
2,814,429,385,0500000US30025
3,327,169,158,0500000US30025
4,436,223,213,0500000US30025
5,263,136,127,0500000US30025
6,158,74,84,0500000US30025
7,73,19,54,0500000US30025
0,11113,5698,5415,0500000US30027
1,2536,1354,1182,0500000US30027
2,2893,1525,1368,0500000US30027
3,1244,616,628,0500000US30027
4,1716,859,857,0500000US30027
5,1568,807,761,0500000US30027
6,811,397,414,0500000US30027
7,345,140,205,0500000US30027
0,102106,50896,51210,0500000US30029
1,24361,12695,11666,0500000US30029
2,30022,15000,15022,0500000US30029
3,12110,6042,6068,0500000US30029
4,15664,7464,8200,0500000US30029
5,12519,6283,6236,0500000US30029
6,5467,2642,2825,0500000US30029
7,1963,770,1193,0500000US30029
0,111876,58096,53780,0500000US30031
1,26499,13518,12981,0500000US30031
2,47044,25435,21609,0500000US30031
3,11745,6114,5631,0500000US30031
4,12442,6187,6255,0500000US30031
5,9096,4519,4577,0500000US30031
6,3573,1756,1817,0500000US30031
7,1477,567,910,0500000US30031
0,1268,639,629,0500000US30033
1,301,148,153,0500000US30033
2,351,180,171,0500000US30033
3,135,59,76,0500000US30033
4,186,91,95,0500000US30033
5,169,97,72,0500000US30033
6,104,54,50,0500000US30033
7,22,10,12,0500000US30033
0,13747,6658,7089,0500000US30035
1,4664,2292,2372,0500000US30035
2,4295,2150,2145,0500000US30035
3,1422,661,761,0500000US30035
4,1713,806,907,0500000US30035
5,990,477,513,0500000US30035
6,458,191,267,0500000US30035
7,205,81,124,0500000US30035
0,826,413,413,0500000US30037
1,197,102,95,0500000US30037
2,188,87,101,0500000US30037
3,86,38,48,0500000US30037
4,131,71,60,0500000US30037
5,134,69,65,0500000US30037
6,64,28,36,0500000US30037
7,26,18,8,0500000US30037
0,3378,1723,1655,0500000US30039
1,568,269,299,0500000US30039
2,753,386,367,0500000US30039
3,354,182,172,0500000US30039
4,671,342,329,0500000US30039
5,610,320,290,0500000US30039
6,319,176,143,0500000US30039
7,103,48,55,0500000US30039
0,16347,8216,8131,0500000US30041
1,4998,2524,2474,0500000US30041
2,5145,2638,2507,0500000US30041
3,1613,825,788,0500000US30041
4,2105,1040,1065,0500000US30041
5,1467,761,706,0500000US30041
6,707,319,388,0500000US30041
7,312,109,203,0500000US30041
0,12097,6111,5986,0500000US30043
1,2722,1381,1341,0500000US30043
2,2917,1498,1419,0500000US30043
3,1665,814,851,0500000US30043
4,2199,1062,1137,0500000US30043
5,1782,941,841,0500000US30043
6,650,345,305,0500000US30043
7,162,70,92,0500000US30043
0,1952,1009,943,0500000US30045
1,403,211,192,0500000US30045
2,427,213,214,0500000US30045
3,228,123,105,0500000US30045
4,365,187,178,0500000US30045
5,295,159,136,0500000US30045
6,176,87,89,0500000US30045
7,58,29,29,0500000US30045
0,30250,14927,15323,0500000US30047
1,7780,4006,3774,0500000US30047
2,7946,3963,3983,0500000US30047
3,3246,1523,1723,0500000US30047
4,4596,2138,2458,0500000US30047
5,4002,2013,1989,0500000US30047
6,1964,977,987,0500000US30047
7,716,307,409,0500000US30047
0,68700,33960,34740,0500000US30049
1,16365,8389,7976,0500000US30049
2,20752,10444,10308,0500000US30049
3,8298,4041,4257,0500000US30049
4,10382,4975,5407,0500000US30049
5,8029,4010,4019,0500000US30049
6,3410,1614,1796,0500000US30049
7,1464,487,977,0500000US30049
0,2430,1172,1258,0500000US30051
1,565,295,270,0500000US30051
2,706,335,371,0500000US30051
3,270,118,152,0500000US30051
4,389,193,196,0500000US30051
5,227,116,111,0500000US30051
6,166,71,95,0500000US30051
7,107,44,63,0500000US30051
0,19794,9985,9809,0500000US30053
1,3955,2047,1908,0500000US30053
2,4207,2116,2091,0500000US30053
3,2276,1102,1174,0500000US30053
4,3686,1807,1879,0500000US30053
5,3454,1799,1655,0500000US30053
6,1722,894,828,0500000US30053
7,494,220,274,0500000US30053
0,1675,860,815,0500000US30055
1,369,193,176,0500000US30055
2,417,217,200,0500000US30055
3,159,72,87,0500000US30055
4,292,161,131,0500000US30055
5,234,117,117,0500000US30055
6,153,77,76,0500000US30055
7,51,23,28,0500000US30055
0,8768,4692,4076,0500000US30057
1,1500,760,740,0500000US30057
2,2300,1359,941,0500000US30057
3,969,517,452,0500000US30057
4,1525,760,765,0500000US30057
5,1608,863,745,0500000US30057
6,625,337,288,0500000US30057
7,241,96,145,0500000US30057
0,1866,943,923,0500000US30059
1,390,212,178,0500000US30059
2,407,201,206,0500000US30059
3,189,95,94,0500000US30059
4,307,142,165,0500000US30059
5,359,200,159,0500000US30059
6,143,72,71,0500000US30059
7,71,21,50,0500000US30059
0,4316,2200,2116,0500000US30061
1,846,427,419,0500000US30061
2,938,492,446,0500000US30061
3,491,238,253,0500000US30061
4,794,390,404,0500000US30061
5,728,383,345,0500000US30061
6,414,227,187,0500000US30061
7,105,43,62,0500000US30061
0,118791,59514,59277,0500000US30063
1,26210,13372,12838,0500000US30063
2,46633,23858,22775,0500000US30063
3,12896,6534,6362,0500000US30063
4,14546,6895,7651,0500000US30063
5,11605,5777,5828,0500000US30063
6,5051,2376,2675,0500000US30063
7,1850,702,1148,0500000US30063
0,4651,2342,2309,0500000US30065
1,959,506,453,0500000US30065
2,1012,477,535,0500000US30065
3,574,306,268,0500000US30065
4,871,431,440,0500000US30065
5,765,390,375,0500000US30065
6,347,175,172,0500000US30065
7,123,57,66,0500000US30065
0,16736,8436,8300,0500000US30067
1,3235,1704,1531,0500000US30067
2,4704,2386,2318,0500000US30067
3,2130,1083,1047,0500000US30067
4,2868,1395,1473,0500000US30067
5,2389,1247,1142,0500000US30067
6,1007,442,565,0500000US30067
7,403,179,224,0500000US30067
0,513,279,234,0500000US30069
1,105,63,42,0500000US30069
2,113,57,56,0500000US30069
3,69,32,37,0500000US30069
4,98,57,41,0500000US30069
5,54,32,22,0500000US30069
6,58,28,30,0500000US30069
7,16,10,6,0500000US30069
0,4074,2047,2027,0500000US30071
1,1048,545,503,0500000US30071
2,992,520,472,0500000US30071
3,431,217,214,0500000US30071
4,693,329,364,0500000US30071
5,485,251,234,0500000US30071
6,287,129,158,0500000US30071
7,138,56,82,0500000US30071
0,5972,2975,2997,0500000US30073
1,1585,822,763,0500000US30073
2,1622,816,806,0500000US30073
3,655,321,334,0500000US30073
4,891,439,452,0500000US30073
5,658,337,321,0500000US30073
6,330,159,171,0500000US30073
7,231,81,150,0500000US30073
0,1716,850,866,0500000US30075
1,324,160,164,0500000US30075
2,410,208,202,0500000US30075
3,191,95,96,0500000US30075
4,325,152,173,0500000US30075
5,269,156,113,0500000US30075
6,127,55,72,0500000US30075
7,70,24,46,0500000US30075
0,6968,4351,2617,0500000US30077
1,1139,571,568,0500000US30077
2,2280,1687,593,0500000US30077
3,1043,729,314,0500000US30077
4,1070,623,447,0500000US30077
5,843,458,385,0500000US30077
6,431,219,212,0500000US30077
7,162,64,98,0500000US30077
0,1087,553,534,0500000US30079
1,203,105,98,0500000US30079
2,238,123,115,0500000US30079
3,113,60,53,0500000US30079
4,187,96,91,0500000US30079
5,210,100,110,0500000US30079
6,82,43,39,0500000US30079
7,54,26,28,0500000US30079
0,43172,21410,21762,0500000US30081
1,9122,4741,4381,0500000US30081
2,10491,5348,5143,0500000US30081
3,5258,2570,2688,0500000US30081
4,7163,3376,3787,0500000US30081
5,6796,3324,3472,0500000US30081
6,3315,1634,1681,0500000US30081
7,1027,417,610,0500000US30081
0,10913,5694,5219,0500000US30083
1,2988,1533,1455,0500000US30083
2,3427,1839,1588,0500000US30083
3,1298,667,631,0500000US30083
4,1568,846,722,0500000US30083
5,982,510,472,0500000US30083
6,461,222,239,0500000US30083
7,189,77,112,0500000US30083
0,11059,5528,5531,0500000US30085
1,3998,2062,1936,0500000US30085
2,3383,1734,1649,0500000US30085
3,1070,532,538,0500000US30085
4,1342,616,726,0500000US30085
5,765,381,384,0500000US30085
6,350,163,187,0500000US30085
7,151,40,111,0500000US30085
0,9063,4564,4499,0500000US30087
1,2856,1467,1389,0500000US30087
2,2493,1256,1237,0500000US30087
3,1022,517,505,0500000US30087
4,1261,629,632,0500000US30087
5,909,452,457,0500000US30087
6,383,184,199,0500000US30087
7,139,59,80,0500000US30087
0,11844,6070,5774,0500000US30089
1,2301,1222,1079,0500000US30089
2,2385,1220,1165,0500000US30089
3,1244,638,606,0500000US30089
4,2213,1056,1157,0500000US30089
5,2283,1209,1074,0500000US30089
6,1095,583,512,0500000US30089
7,323,142,181,0500000US30089
0,3424,1735,1689,0500000US30091
1,754,411,343,0500000US30091
2,949,460,489,0500000US30091
3,365,163,202,0500000US30091
4,582,327,255,0500000US30091
5,408,208,200,0500000US30091
6,245,116,129,0500000US30091
7,121,50,71,0500000US30091
0,34993,17567,17426,0500000US30093
1,7981,4110,3871,0500000US30093
2,11307,5895,5412,0500000US30093
3,3965,1983,1982,0500000US30093
4,5073,2500,2573,0500000US30093
5,3777,1838,1939,0500000US30093
6,2043,961,1082,0500000US30093
7,847,280,567,0500000US30093
0,9534,4882,4652,0500000US30095
1,2262,1211,1051,0500000US30095
2,2273,1141,1132,0500000US30095
3,1183,607,576,0500000US30095
4,1656,840,816,0500000US30095
5,1370,703,667,0500000US30095
6,614,317,297,0500000US30095
7,176,63,113,0500000US30095
0,3710,1895,1815,0500000US30097
1,823,430,393,0500000US30097
2,890,472,418,0500000US30097
3,442,217,225,0500000US30097
4,569,268,301,0500000US30097
5,543,285,258,0500000US30097
6,299,165,134,0500000US30097
7,144,58,86,0500000US30097
0,6162,3032,3130,0500000US30099
1,1627,816,811,0500000US30099
2,1548,766,782,0500000US30099
3,699,344,355,0500000US30099
4,890,438,452,0500000US30099
5,724,369,355,0500000US30099
6,458,218,240,0500000US30099
7,216,81,135,0500000US30099
0,4853,2711,2142,0500000US30101
1,1080,558,522,0500000US30101
2,1545,989,556,0500000US30101
3,563,320,243,0500000US30101
4,769,420,349,0500000US30101
5,500,266,234,0500000US30101
6,241,102,139,0500000US30101
7,155,56,99,0500000US30101
0,679,340,339,0500000US30103
1,150,72,78,0500000US30103
2,152,81,71,0500000US30103
3,57,27,30,0500000US30103
4,126,66,60,0500000US30103
5,108,56,52,0500000US30103
6,63,27,36,0500000US30103
7,23,11,12,0500000US30103
0,7437,3727,3710,0500000US30105
1,1846,949,897,0500000US30105
2,1914,978,936,0500000US30105
3,801,404,397,0500000US30105
4,1138,582,556,0500000US30105
5,887,458,429,0500000US30105
6,570,251,319,0500000US30105
7,281,105,176,0500000US30105
0,2236,1151,1085,0500000US30107
1,648,365,283,0500000US30107
2,513,252,261,0500000US30107
3,224,133,91,0500000US30107
4,317,153,164,0500000US30107
5,301,152,149,0500000US30107
6,154,67,87,0500000US30107
7,79,29,50,0500000US30107
0,1034,535,499,0500000US30109
1,246,130,116,0500000US30109
2,256,134,122,0500000US30109
3,116,60,56,0500000US30109
4,165,95,70,0500000US30109
5,136,64,72,0500000US30109
6,82,39,43,0500000US30109
7,33,13,20,0500000US30109
0,160137,78729,81408,0500000US30111
1,40962,20818,20144,0500000US30111
2,51800,25951,25849,0500000US30111
3,18729,9315,9414,0500000US30111
4,21529,10409,11120,0500000US30111
5,15698,7465,8233,0500000US30111
6,7772,3512,4260,0500000US30111
7,3647,1259,2388,0500000US30111
0,31511,15706,15805,0500000US31001
1,8567,4328,4239,0500000US31001
2,9498,4930,4568,0500000US31001
3,3458,1741,1717,0500000US31001
4,4252,2145,2107,0500000US31001
5,3208,1527,1681,0500000US31001
6,1668,724,944,0500000US31001
7,860,311,549,0500000US31001
0,6336,3184,3152,0500000US31003
1,1644,849,795,0500000US31003
2,1569,825,744,0500000US31003
3,633,313,320,0500000US31003
4,997,509,488,0500000US31003
5,767,388,379,0500000US31003
6,499,223,276,0500000US31003
7,227,77,150,0500000US31003
0,465,230,235,0500000US31005
1,131,68,63,0500000US31005
2,135,65,70,0500000US31005
3,45,23,22,0500000US31005
4,52,26,26,0500000US31005
5,54,25,29,0500000US31005
6,41,19,22,0500000US31005
7,7,4,3,0500000US31005
0,730,350,380,0500000US31007
1,182,78,104,0500000US31007
2,182,91,91,0500000US31007
3,66,26,40,0500000US31007
4,126,64,62,0500000US31007
5,114,62,52,0500000US31007
6,43,22,21,0500000US31007
7,17,7,10,0500000US31007
0,476,240,236,0500000US31009
1,102,56,46,0500000US31009
2,115,60,55,0500000US31009
3,57,24,33,0500000US31009
4,81,39,42,0500000US31009
5,64,36,28,0500000US31009
6,43,17,26,0500000US31009
7,14,8,6,0500000US31009
0,5239,2623,2616,0500000US31011
1,1312,652,660,0500000US31011
2,1326,715,611,0500000US31011
3,551,267,284,0500000US31011
4,854,458,396,0500000US31011
5,565,275,290,0500000US31011
6,394,186,208,0500000US31011
7,237,70,167,0500000US31011
0,10772,5356,5416,0500000US31013
1,2940,1478,1462,0500000US31013
2,3044,1546,1498,0500000US31013
3,1088,526,562,0500000US31013
4,1658,858,800,0500000US31013
5,1215,621,594,0500000US31013
6,519,214,305,0500000US31013
7,308,113,195,0500000US31013
0,1955,981,974,0500000US31015
1,409,203,206,0500000US31015
2,424,221,203,0500000US31015
3,196,106,90,0500000US31015
4,328,169,159,0500000US31015
5,308,164,144,0500000US31015
6,179,80,99,0500000US31015
7,111,38,73,0500000US31015
0,2973,1450,1523,0500000US31017
1,696,348,348,0500000US31017
2,692,350,342,0500000US31017
3,332,169,163,0500000US31017
4,477,227,250,0500000US31017
5,393,190,203,0500000US31017
6,258,121,137,0500000US31017
7,125,45,80,0500000US31017
0,49615,24823,24792,0500000US31019
1,13585,7048,6537,0500000US31019
2,18141,9316,8825,0500000US31019
3,5047,2531,2516,0500000US31019
4,5645,2718,2927,0500000US31019
5,4117,2005,2112,0500000US31019
6,2034,867,1167,0500000US31019
7,1046,338,708,0500000US31019
0,6488,3220,3268,0500000US31021
1,1582,841,741,0500000US31021
2,1608,794,814,0500000US31021
3,757,374,383,0500000US31021
4,975,502,473,0500000US31021
5,800,392,408,0500000US31021
6,489,226,263,0500000US31021
7,277,91,186,0500000US31021
0,8058,4074,3984,0500000US31023
1,2050,1031,1019,0500000US31023
2,2131,1146,985,0500000US31023
3,968,506,462,0500000US31023
4,1222,616,606,0500000US31023
5,906,446,460,0500000US31023
6,511,236,275,0500000US31023
7,270,93,177,0500000US31023
0,26159,13179,12980,0500000US31025
1,6858,3596,3262,0500000US31025
2,7262,3720,3542,0500000US31025
3,3463,1714,1749,0500000US31025
4,3999,1998,2001,0500000US31025
5,2790,1391,1399,0500000US31025
6,1243,580,663,0500000US31025
7,544,180,364,0500000US31025
0,8446,4275,4171,0500000US31027
1,2329,1241,1088,0500000US31027
2,2018,1039,979,0500000US31027
3,943,462,481,0500000US31027
4,1348,694,654,0500000US31027
5,890,466,424,0500000US31027
6,577,254,323,0500000US31027
7,341,119,222,0500000US31027
0,3977,1970,2007,0500000US31029
1,1099,562,537,0500000US31029
2,1037,528,509,0500000US31029
3,434,228,206,0500000US31029
4,593,288,305,0500000US31029
5,389,201,188,0500000US31029
6,267,115,152,0500000US31029
7,158,48,110,0500000US31029
0,5761,2921,2840,0500000US31031
1,1459,768,691,0500000US31031
2,1568,828,740,0500000US31031
3,643,310,333,0500000US31031
4,835,428,407,0500000US31031
5,643,300,343,0500000US31031
6,413,213,200,0500000US31031
7,200,74,126,0500000US31031
0,9310,4682,4628,0500000US31033
1,2387,1220,1167,0500000US31033
2,2658,1357,1301,0500000US31033
3,1109,589,520,0500000US31033
4,1348,694,654,0500000US31033
5,978,495,483,0500000US31033
6,532,223,309,0500000US31033
7,298,104,194,0500000US31033
0,6214,3190,3024,0500000US31035
1,1659,870,789,0500000US31035
2,1646,854,792,0500000US31035
3,688,351,337,0500000US31035
4,959,485,474,0500000US31035
5,708,386,322,0500000US31035
6,351,163,188,0500000US31035
7,203,81,122,0500000US31035
0,10881,5796,5085,0500000US31037
1,3500,1734,1766,0500000US31037
2,3448,2031,1417,0500000US31037
3,1201,671,530,0500000US31037
4,1267,665,602,0500000US31037
5,798,418,380,0500000US31037
6,435,205,230,0500000US31037
7,232,72,160,0500000US31037
0,8940,4479,4461,0500000US31039
1,2412,1216,1196,0500000US31039
2,2313,1175,1138,0500000US31039
3,999,517,482,0500000US31039
4,1251,670,581,0500000US31039
5,934,465,469,0500000US31039
6,641,302,339,0500000US31039
7,390,134,256,0500000US31039
0,10840,5396,5444,0500000US31041
1,2803,1425,1378,0500000US31041
2,2859,1467,1392,0500000US31041
3,1169,576,593,0500000US31041
4,1578,799,779,0500000US31041
5,1301,643,658,0500000US31041
6,718,345,373,0500000US31041
7,412,141,271,0500000US31041
0,20083,10177,9906,0500000US31043
1,6269,3248,3021,0500000US31043
2,6388,3283,3105,0500000US31043
3,2344,1205,1139,0500000US31043
4,2347,1174,1173,0500000US31043
5,1575,768,807,0500000US31043
6,859,397,462,0500000US31043
7,301,102,199,0500000US31043
0,8716,4348,4368,0500000US31045
1,2137,1083,1054,0500000US31045
2,3071,1596,1475,0500000US31045
3,787,389,398,0500000US31045
4,1105,533,572,0500000US31045
5,809,402,407,0500000US31045
6,532,249,283,0500000US31045
7,275,96,179,0500000US31045
0,23709,12326,11383,0500000US31047
1,7027,3657,3370,0500000US31047
2,7197,3901,3296,0500000US31047
3,2657,1416,1241,0500000US31047
4,2881,1512,1369,0500000US31047
5,2241,1116,1125,0500000US31047
6,1129,505,624,0500000US31047
7,577,219,358,0500000US31047
0,1825,905,920,0500000US31049
1,423,210,213,0500000US31049
2,430,211,219,0500000US31049
3,222,121,101,0500000US31049
4,321,161,160,0500000US31049
5,230,114,116,0500000US31049
6,149,66,83,0500000US31049
7,50,22,28,0500000US31049
0,5709,2908,2801,0500000US31051
1,1597,842,755,0500000US31051
2,1476,748,728,0500000US31051
3,656,352,304,0500000US31051
4,834,427,407,0500000US31051
5,656,345,311,0500000US31051
6,351,160,191,0500000US31051
7,139,34,105,0500000US31051
0,36791,18257,18534,0500000US31053
1,9912,5021,4891,0500000US31053
2,10703,5539,5164,0500000US31053
3,4256,2158,2098,0500000US31053
4,4843,2382,2461,0500000US31053
5,3655,1753,1902,0500000US31053
6,2183,947,1236,0500000US31053
7,1239,457,782,0500000US31053
0,566880,279878,287002,0500000US31055
1,159962,81583,78379,0500000US31055
2,200932,101115,99817,0500000US31055
3,66112,33072,33040,0500000US31055
4,66122,31866,34256,0500000US31055
5,44351,20491,23860,0500000US31055
6,20260,8572,11688,0500000US31055
7,9141,3179,5962,0500000US31055
0,1770,885,885,0500000US31057
1,375,202,173,0500000US31057
2,451,230,221,0500000US31057
3,202,101,101,0500000US31057
4,295,149,146,0500000US31057
5,236,115,121,0500000US31057
6,129,55,74,0500000US31057
7,82,33,49,0500000US31057
0,5527,2764,2763,0500000US31059
1,1207,600,607,0500000US31059
2,1517,792,725,0500000US31059
3,669,345,324,0500000US31059
4,884,454,430,0500000US31059
5,633,313,320,0500000US31059
6,402,176,226,0500000US31059
7,215,84,131,0500000US31059
0,3023,1488,1535,0500000US31061
1,641,333,308,0500000US31061
2,700,339,361,0500000US31061
3,318,162,156,0500000US31061
4,511,261,250,0500000US31061
5,443,218,225,0500000US31061
6,284,129,155,0500000US31061
7,126,46,80,0500000US31061
0,2608,1333,1275,0500000US31063
1,624,344,280,0500000US31063
2,669,348,321,0500000US31063
3,281,124,157,0500000US31063
4,411,228,183,0500000US31063
5,328,159,169,0500000US31063
6,198,97,101,0500000US31063
7,97,33,64,0500000US31063
0,4715,2348,2367,0500000US31065
1,1135,588,547,0500000US31065
2,1155,597,558,0500000US31065
3,525,279,246,0500000US31065
4,719,367,352,0500000US31065
5,649,301,348,0500000US31065
6,362,165,197,0500000US31065
7,170,51,119,0500000US31065
0,21493,10735,10758,0500000US31067
1,5289,2782,2507,0500000US31067
2,5761,2940,2821,0500000US31067
3,2605,1307,1298,0500000US31067
4,3365,1679,1686,0500000US31067
5,2280,1113,1167,0500000US31067
6,1417,616,801,0500000US31067
7,776,298,478,0500000US31067
0,1897,992,905,0500000US31069
1,404,239,165,0500000US31069
2,428,228,200,0500000US31069
3,208,101,107,0500000US31069
4,327,178,149,0500000US31069
5,253,120,133,0500000US31069
6,204,95,109,0500000US31069
7,73,31,42,0500000US31069
0,1987,992,995,0500000US31071
1,407,206,201,0500000US31071
2,470,247,223,0500000US31071
3,190,86,104,0500000US31071
4,349,187,162,0500000US31071
5,276,140,136,0500000US31071
6,193,99,94,0500000US31071
7,102,27,75,0500000US31071
0,1996,1023,973,0500000US31073
1,483,265,218,0500000US31073
2,474,238,236,0500000US31073
3,229,120,109,0500000US31073
4,333,169,164,0500000US31073
5,250,126,124,0500000US31073
6,147,78,69,0500000US31073
7,80,27,53,0500000US31073
0,660,349,311,0500000US31075
1,173,93,80,0500000US31075
2,171,94,77,0500000US31075
3,54,25,29,0500000US31075
4,113,60,53,0500000US31075
5,88,42,46,0500000US31075
6,55,31,24,0500000US31075
7,6,4,2,0500000US31075
0,2356,1160,1196,0500000US31077
1,589,297,292,0500000US31077
2,595,287,308,0500000US31077
3,223,109,114,0500000US31077
4,345,173,172,0500000US31077
5,283,158,125,0500000US31077
6,205,99,106,0500000US31077
7,116,37,79,0500000US31077
0,61607,31080,30527,0500000US31079
1,18358,9577,8781,0500000US31079
2,19413,9944,9469,0500000US31079
3,7158,3635,3523,0500000US31079
4,7528,3781,3747,0500000US31079
5,5180,2476,2704,0500000US31079
6,2643,1174,1469,0500000US31079
7,1327,493,834,0500000US31079
0,9280,4658,4622,0500000US31081
1,2448,1289,1159,0500000US31081
2,2543,1297,1246,0500000US31081
3,1129,564,565,0500000US31081
4,1313,632,681,0500000US31081
5,1000,503,497,0500000US31081
6,565,273,292,0500000US31081
7,282,100,182,0500000US31081
0,3401,1762,1639,0500000US31083
1,797,434,363,0500000US31083
2,748,381,367,0500000US31083
3,389,209,180,0500000US31083
4,576,295,281,0500000US31083
5,484,261,223,0500000US31083
6,276,130,146,0500000US31083
7,131,52,79,0500000US31083
0,916,474,442,0500000US31085
1,215,108,107,0500000US31085
2,220,115,105,0500000US31085
3,63,35,28,0500000US31085
4,166,87,79,0500000US31085
5,124,69,55,0500000US31085
6,81,37,44,0500000US31085
7,47,23,24,0500000US31085
0,2806,1413,1393,0500000US31087
1,690,360,330,0500000US31087
2,689,357,332,0500000US31087
3,283,139,144,0500000US31087
4,433,225,208,0500000US31087
5,377,188,189,0500000US31087
6,222,100,122,0500000US31087
7,112,44,68,0500000US31087
0,10178,5088,5090,0500000US31089
1,2759,1410,1349,0500000US31089
2,2525,1306,1219,0500000US31089
3,1052,524,528,0500000US31089
4,1645,830,815,0500000US31089
5,1156,584,572,0500000US31089
6,687,297,390,0500000US31089
7,354,137,217,0500000US31089
0,682,329,353,0500000US31091
1,167,86,81,0500000US31091
2,154,78,76,0500000US31091
3,56,25,31,0500000US31091
4,97,47,50,0500000US31091
5,97,48,49,0500000US31091
6,60,26,34,0500000US31091
7,51,19,32,0500000US31091
0,6468,3281,3187,0500000US31093
1,1694,907,787,0500000US31093
2,1685,857,828,0500000US31093
3,797,399,398,0500000US31093
4,928,475,453,0500000US31093
5,736,359,377,0500000US31093
6,403,199,204,0500000US31093
7,225,85,140,0500000US31093
0,7097,3511,3586,0500000US31095
1,1696,864,832,0500000US31095
2,1760,904,856,0500000US31095
3,802,390,412,0500000US31095
4,1141,581,560,0500000US31095
5,895,437,458,0500000US31095
6,527,243,284,0500000US31095
7,276,92,184,0500000US31095
0,5134,3019,2115,0500000US31097
1,1056,532,524,0500000US31097
2,1700,1198,502,0500000US31097
3,666,438,228,0500000US31097
4,749,420,329,0500000US31097
5,496,247,249,0500000US31097
6,281,128,153,0500000US31097
7,186,56,130,0500000US31097
0,6544,3264,3280,0500000US31099
1,1737,871,866,0500000US31099
2,1825,928,897,0500000US31099
3,762,400,362,0500000US31099
4,939,468,471,0500000US31099
5,680,332,348,0500000US31099
6,410,191,219,0500000US31099
7,191,74,117,0500000US31099
0,8021,4046,3975,0500000US31101
1,1732,925,807,0500000US31101
2,1918,970,948,0500000US31101
3,906,459,447,0500000US31101
4,1323,670,653,0500000US31101
5,1210,595,615,0500000US31101
6,703,335,368,0500000US31101
7,229,92,137,0500000US31101
0,810,393,417,0500000US31103
1,167,76,91,0500000US31103
2,170,88,82,0500000US31103
3,71,37,34,0500000US31103
4,151,79,72,0500000US31103
5,118,56,62,0500000US31103
6,93,44,49,0500000US31103
7,40,13,27,0500000US31103
0,3618,1816,1802,0500000US31105
1,864,447,417,0500000US31105
2,889,484,405,0500000US31105
3,408,197,211,0500000US31105
4,574,295,279,0500000US31105
5,434,196,238,0500000US31105
6,312,146,166,0500000US31105
7,137,51,86,0500000US31105
0,8419,4167,4252,0500000US31107
1,2229,1107,1122,0500000US31107
2,1929,1024,905,0500000US31107
3,866,445,421,0500000US31107
4,1317,668,649,0500000US31107
5,1028,504,524,0500000US31107
6,657,285,372,0500000US31107
7,393,134,259,0500000US31107
0,317272,159223,158049,0500000US31109
1,84418,43051,41367,0500000US31109
2,119258,61965,57293,0500000US31109
3,33794,17292,16502,0500000US31109
4,35663,17293,18370,0500000US31109
5,26648,12486,14162,0500000US31109
6,11973,5228,6745,0500000US31109
7,5518,1908,3610,0500000US31109
0,35185,17409,17776,0500000US31111
1,9062,4608,4454,0500000US31111
2,10307,5168,5139,0500000US31111
3,4031,2097,1934,0500000US31111
4,4980,2472,2508,0500000US31111
5,3791,1840,1951,0500000US31111
6,2019,883,1136,0500000US31111
7,995,341,654,0500000US31111
0,749,396,353,0500000US31113
1,208,115,93,0500000US31113
2,184,101,83,0500000US31113
3,71,36,35,0500000US31113
4,117,61,56,0500000US31113
5,95,48,47,0500000US31113
6,52,24,28,0500000US31113
7,22,11,11,0500000US31113
0,618,315,303,0500000US31115
1,128,76,52,0500000US31115
2,135,70,65,0500000US31115
3,56,27,29,0500000US31115
4,134,66,68,0500000US31115
5,97,47,50,0500000US31115
6,56,27,29,0500000US31115
7,12,2,10,0500000US31115
0,492,251,241,0500000US31117
1,107,55,52,0500000US31117
2,103,52,51,0500000US31117
3,73,45,28,0500000US31117
4,90,39,51,0500000US31117
5,65,32,33,0500000US31117
6,36,20,16,0500000US31117
7,18,8,10,0500000US31117
0,35392,17509,17883,0500000US31119
1,10009,4979,5030,0500000US31119
2,11006,5656,5350,0500000US31119
3,3830,1920,1910,0500000US31119
4,4904,2451,2453,0500000US31119
5,3003,1420,1583,0500000US31119
6,1622,700,922,0500000US31119
7,1018,383,635,0500000US31119
0,7733,3875,3858,0500000US31121
1,1902,953,949,0500000US31121
2,2116,1075,1041,0500000US31121
3,971,487,484,0500000US31121
4,1154,605,549,0500000US31121
5,816,430,386,0500000US31121
6,519,230,289,0500000US31121
7,255,95,160,0500000US31121
0,4686,2405,2281,0500000US31123
1,1181,615,566,0500000US31123
2,1276,671,605,0500000US31123
3,549,283,266,0500000US31123
4,687,341,346,0500000US31123
5,508,278,230,0500000US31123
6,338,158,180,0500000US31123
7,147,59,88,0500000US31123
0,3532,1754,1778,0500000US31125
1,858,447,411,0500000US31125
2,913,479,434,0500000US31125
3,400,197,203,0500000US31125
4,606,319,287,0500000US31125
5,401,190,211,0500000US31125
6,214,74,140,0500000US31125
7,140,48,92,0500000US31125
0,6958,3479,3479,0500000US31127
1,1823,932,891,0500000US31127
2,2081,1071,1010,0500000US31127
3,703,338,365,0500000US31127
4,954,474,480,0500000US31127
5,780,401,379,0500000US31127
6,410,192,218,0500000US31127
7,207,71,136,0500000US31127
0,4195,2085,2110,0500000US31129
1,920,482,438,0500000US31129
2,1011,523,488,0500000US31129
3,433,225,208,0500000US31129
4,694,338,356,0500000US31129
5,589,285,304,0500000US31129
6,352,154,198,0500000US31129
7,196,78,118,0500000US31129
0,15985,7929,8056,0500000US31131
1,4181,2135,2046,0500000US31131
2,4394,2252,2142,0500000US31131
3,1943,988,955,0500000US31131
4,2357,1178,1179,0500000US31131
5,1589,755,834,0500000US31131
6,941,431,510,0500000US31131
7,580,190,390,0500000US31131
0,2632,1296,1336,0500000US31133
1,617,317,300,0500000US31133
2,577,287,290,0500000US31133
3,266,137,129,0500000US31133
4,417,205,212,0500000US31133
5,378,192,186,0500000US31133
6,219,96,123,0500000US31133
7,158,62,96,0500000US31133
0,2929,1492,1437,0500000US31135
1,799,418,381,0500000US31135
2,766,411,355,0500000US31135
3,269,139,130,0500000US31135
4,408,195,213,0500000US31135
5,372,201,171,0500000US31135
6,189,81,108,0500000US31135
7,126,47,79,0500000US31135
0,8996,4511,4485,0500000US31137
1,2339,1218,1121,0500000US31137
2,2459,1284,1175,0500000US31137
3,1079,548,531,0500000US31137
4,1255,653,602,0500000US31137
5,926,433,493,0500000US31137
6,612,258,354,0500000US31137
7,326,117,209,0500000US31137
0,7142,3615,3527,0500000US31139
1,1915,973,942,0500000US31139
2,1912,1010,902,0500000US31139
3,862,425,437,0500000US31139
4,1075,556,519,0500000US31139
5,714,359,355,0500000US31139
6,439,197,242,0500000US31139
7,225,95,130,0500000US31139
0,33363,16904,16459,0500000US31141
1,9501,4909,4592,0500000US31141
2,9881,5186,4695,0500000US31141
3,3697,1911,1786,0500000US31141
4,4557,2276,2281,0500000US31141
5,3066,1527,1539,0500000US31141
6,1757,768,989,0500000US31141
7,904,327,577,0500000US31141
0,5278,2605,2673,0500000US31143
1,1324,669,655,0500000US31143
2,1285,615,670,0500000US31143
3,671,364,307,0500000US31143
4,790,395,395,0500000US31143
5,666,339,327,0500000US31143
6,329,149,180,0500000US31143
7,213,74,139,0500000US31143
0,10726,5337,5389,0500000US31145
1,2688,1383,1305,0500000US31145
2,3035,1560,1475,0500000US31145
3,1160,606,554,0500000US31145
4,1612,776,836,0500000US31145
5,1115,560,555,0500000US31145
6,735,308,427,0500000US31145
7,381,144,237,0500000US31145
0,7937,3990,3947,0500000US31147
1,1849,988,861,0500000US31147
2,1913,983,930,0500000US31147
3,928,456,472,0500000US31147
4,1289,651,638,0500000US31147
5,1001,490,511,0500000US31147
6,592,283,309,0500000US31147
7,365,139,226,0500000US31147
0,1360,685,675,0500000US31149
1,292,158,134,0500000US31149
2,328,174,154,0500000US31149
3,100,47,53,0500000US31149
4,277,142,135,0500000US31149
5,204,105,99,0500000US31149
6,96,44,52,0500000US31149
7,63,15,48,0500000US31149
0,14350,7344,7006,0500000US31151
1,4254,2171,2083,0500000US31151
2,4478,2398,2080,0500000US31151
3,1741,900,841,0500000US31151
4,1722,885,837,0500000US31151
5,1172,576,596,0500000US31151
6,640,300,340,0500000US31151
7,343,114,229,0500000US31151
0,184459,92307,92152,0500000US31153
1,54737,28038,26699,0500000US31153
2,64428,32960,31468,0500000US31153
3,22913,11479,11434,0500000US31153
4,20704,10180,10524,0500000US31153
5,13041,6105,6936,0500000US31153
6,6175,2685,3490,0500000US31153
7,2461,860,1601,0500000US31153
0,21303,10772,10531,0500000US31155
1,5633,2950,2683,0500000US31155
2,5802,2930,2872,0500000US31155
3,2693,1371,1322,0500000US31155
4,3183,1607,1576,0500000US31155
5,2290,1187,1103,0500000US31155
6,1206,554,652,0500000US31155
7,496,173,323,0500000US31155
0,35989,17515,18474,0500000US31157
1,9895,5052,4843,0500000US31157
2,10513,5300,5213,0500000US31157
3,3861,1867,1994,0500000US31157
4,4871,2355,2516,0500000US31157
5,3720,1727,1993,0500000US31157
6,2000,839,1161,0500000US31157
7,1129,375,754,0500000US31157
0,17318,8857,8461,0500000US31159
1,4931,2603,2328,0500000US31159
2,5233,2743,2490,0500000US31159
3,1974,1017,957,0500000US31159
4,2264,1144,1120,0500000US31159
5,1613,805,808,0500000US31159
6,873,400,473,0500000US31159
7,430,145,285,0500000US31159
0,5190,2546,2644,0500000US31161
1,1254,658,596,0500000US31161
2,1226,614,612,0500000US31161
3,567,300,267,0500000US31161
4,750,356,394,0500000US31161
5,742,367,375,0500000US31161
6,409,165,244,0500000US31161
7,242,86,156,0500000US31161
0,3038,1492,1546,0500000US31163
1,702,348,354,0500000US31163
2,666,352,314,0500000US31163
3,355,169,186,0500000US31163
4,492,247,245,0500000US31163
5,423,210,213,0500000US31163
6,268,115,153,0500000US31163
7,132,51,81,0500000US31163
0,1187,609,578,0500000US31165
1,243,122,121,0500000US31165
2,270,136,134,0500000US31165
3,115,53,62,0500000US31165
4,220,124,96,0500000US31165
5,172,91,81,0500000US31165
6,105,46,59,0500000US31165
7,62,37,25,0500000US31165
0,5970,3026,2944,0500000US31167
1,1613,839,774,0500000US31167
2,1666,854,812,0500000US31167
3,707,376,331,0500000US31167
4,918,462,456,0500000US31167
5,589,286,303,0500000US31167
6,331,140,191,0500000US31167
7,146,69,77,0500000US31167
0,5039,2507,2532,0500000US31169
1,1257,623,634,0500000US31169
2,1200,648,552,0500000US31169
3,556,265,291,0500000US31169
4,753,394,359,0500000US31169
5,643,314,329,0500000US31169
6,387,170,217,0500000US31169
7,243,93,150,0500000US31169
0,720,370,350,0500000US31171
1,183,103,80,0500000US31171
2,170,89,81,0500000US31171
3,82,43,39,0500000US31171
4,98,46,52,0500000US31171
5,112,54,58,0500000US31171
6,54,27,27,0500000US31171
7,21,8,13,0500000US31171
0,7303,3605,3698,0500000US31173
1,2879,1464,1415,0500000US31173
2,2116,1066,1050,0500000US31173
3,675,304,371,0500000US31173
4,768,385,383,0500000US31173
5,466,217,249,0500000US31173
6,265,117,148,0500000US31173
7,134,52,82,0500000US31173
0,4190,2079,2111,0500000US31175
1,1038,523,515,0500000US31175
2,1041,515,526,0500000US31175
3,483,261,222,0500000US31175
4,567,281,286,0500000US31175
5,550,268,282,0500000US31175
6,344,163,181,0500000US31175
7,167,68,99,0500000US31175
0,20667,10357,10310,0500000US31177
1,5496,2855,2641,0500000US31177
2,5660,2879,2781,0500000US31177
3,2733,1365,1368,0500000US31177
4,3105,1547,1558,0500000US31177
5,2208,1114,1094,0500000US31177
6,1007,437,570,0500000US31177
7,458,160,298,0500000US31177
0,9403,4726,4677,0500000US31179
1,2530,1277,1253,0500000US31179
2,3290,1665,1625,0500000US31179
3,889,456,433,0500000US31179
4,1158,613,545,0500000US31179
5,774,382,392,0500000US31179
6,451,217,234,0500000US31179
7,311,116,195,0500000US31179
0,3533,1758,1775,0500000US31181
1,841,421,420,0500000US31181
2,899,485,414,0500000US31181
3,413,198,215,0500000US31181
4,570,297,273,0500000US31181
5,409,206,203,0500000US31181
6,274,108,166,0500000US31181
7,127,43,84,0500000US31181
0,805,411,394,0500000US31183
1,171,90,81,0500000US31183
2,186,98,88,0500000US31183
3,84,45,39,0500000US31183
4,156,86,70,0500000US31183
5,103,52,51,0500000US31183
6,73,32,41,0500000US31183
7,32,8,24,0500000US31183
0,13772,6742,7030,0500000US31185
1,3622,1859,1763,0500000US31185
2,4000,1986,2014,0500000US31185
3,1451,722,729,0500000US31185
4,1899,930,969,0500000US31185
5,1483,703,780,0500000US31185
6,865,365,500,0500000US31185
7,452,177,275,0500000US31185
0,24440,12410,12030,0500000US32001
1,6099,3153,2946,0500000US32001
2,7408,3897,3511,0500000US32001
3,2895,1453,1442,0500000US32001
4,3410,1680,1730,0500000US32001
5,2776,1365,1411,0500000US32001
6,1437,699,738,0500000US32001
7,415,163,252,0500000US32001
0,2231647,1112805,1118842,0500000US32003
1,566928,289863,277065,0500000US32003
2,775562,390696,384866,0500000US32003
3,296307,149568,146739,0500000US32003
4,264158,129716,134442,0500000US32003
5,201997,95283,106714,0500000US32003
6,96712,45298,51414,0500000US32003
7,29983,12381,17602,0500000US32003
0,48467,24356,24111,0500000US32005
1,8765,4593,4172,0500000US32005
2,11367,5901,5466,0500000US32005
3,5612,2703,2909,0500000US32005
4,8915,4259,4656,0500000US32005
5,8321,4202,4119,0500000US32005
6,4156,2123,2033,0500000US32005
7,1331,575,756,0500000US32005
0,52460,27242,25218,0500000US32007
1,15545,8060,7485,0500000US32007
2,17910,9449,8461,0500000US32007
3,6554,3356,3198,0500000US32007
4,6508,3414,3094,0500000US32007
5,3712,1911,1801,0500000US32007
6,1622,810,812,0500000US32007
7,609,242,367,0500000US32007
0,826,456,370,0500000US32009
1,134,71,63,0500000US32009
2,189,103,86,0500000US32009
3,77,44,33,0500000US32009
4,122,66,56,0500000US32009
5,173,92,81,0500000US32009
6,89,55,34,0500000US32009
7,42,25,17,0500000US32009
0,2003,1058,945,0500000US32011
1,516,265,251,0500000US32011
2,534,277,257,0500000US32011
3,287,158,129,0500000US32011
4,340,185,155,0500000US32011
5,202,105,97,0500000US32011
6,94,54,40,0500000US32011
7,30,14,16,0500000US32011
0,16786,8749,8037,0500000US32013
1,4917,2494,2423,0500000US32013
2,5309,2837,2472,0500000US32013
3,2023,1061,962,0500000US32013
4,2243,1186,1057,0500000US32013
5,1457,792,665,0500000US32013
6,635,294,341,0500000US32013
7,202,85,117,0500000US32013
0,5575,2855,2720,0500000US32015
1,1600,802,798,0500000US32015
2,1677,880,797,0500000US32015
3,717,369,348,0500000US32015
4,699,393,306,0500000US32015
5,510,250,260,0500000US32015
6,285,134,151,0500000US32015
7,87,27,60,0500000US32015
0,5201,2791,2410,0500000US32017
1,1179,643,536,0500000US32017
2,1469,841,628,0500000US32017
3,595,319,276,0500000US32017
4,670,331,339,0500000US32017
5,753,399,354,0500000US32017
6,415,208,207,0500000US32017
7,120,50,70,0500000US32017
0,55808,28540,27268,0500000US32019
1,13036,6764,6272,0500000US32019
2,16034,8298,7736,0500000US32019
3,6682,3415,3267,0500000US32019
4,8243,4198,4045,0500000US32019
5,7478,3705,3773,0500000US32019
6,3502,1790,1712,0500000US32019
7,833,370,463,0500000US32019
0,4514,2235,2279,0500000US32021
1,966,505,461,0500000US32021
2,1211,625,586,0500000US32021
3,466,222,244,0500000US32021
4,757,354,403,0500000US32021
5,610,311,299,0500000US32021
6,381,166,215,0500000US32021
7,123,52,71,0500000US32021
0,45346,23201,22145,0500000US32023
1,8377,4275,4102,0500000US32023
2,10361,5606,4755,0500000US32023
3,5147,2537,2610,0500000US32023
4,7827,3817,4010,0500000US32023
5,8064,4062,4002,0500000US32023
6,4486,2407,2079,0500000US32023
7,1084,497,587,0500000US32023
0,6666,4294,2372,0500000US32027
1,1216,633,583,0500000US32027
2,2384,1754,630,0500000US32027
3,1070,760,310,0500000US32027
4,933,571,362,0500000US32027
5,619,332,287,0500000US32027
6,361,208,153,0500000US32027
7,83,36,47,0500000US32027
0,4029,2061,1968,0500000US32029
1,542,261,281,0500000US32029
2,820,439,381,0500000US32029
3,519,256,263,0500000US32029
4,880,443,437,0500000US32029
5,850,431,419,0500000US32029
6,322,194,128,0500000US32029
7,96,37,59,0500000US32029
0,465735,234560,231175,0500000US32031
1,111434,57184,54250,0500000US32031
2,158430,81025,77405,0500000US32031
3,58254,29569,28685,0500000US32031
4,61456,30337,31119,0500000US32031
5,48185,23513,24672,0500000US32031
6,21106,10159,10947,0500000US32031
7,6870,2773,4097,0500000US32031
0,9475,5503,3972,0500000US32033
1,2052,1027,1025,0500000US32033
2,3253,2167,1086,0500000US32033
3,1136,683,453,0500000US32033
4,1332,747,585,0500000US32033
5,967,522,445,0500000US32033
6,537,275,262,0500000US32033
7,198,82,116,0500000US32033
0,55414,28439,26975,0500000US32510
1,12416,6314,6102,0500000US32510
2,16671,9193,7478,0500000US32510
3,6998,3770,3228,0500000US32510
4,8068,4022,4046,0500000US32510
5,6578,3135,3443,0500000US32510
6,3427,1533,1894,0500000US32510
7,1256,472,784,0500000US32510
0,61022,30141,30881,0500000US33001
1,12389,6366,6023,0500000US33001
2,16235,8173,8062,0500000US33001
3,8192,3985,4207,0500000US33001
4,10701,5213,5488,0500000US33001
5,8149,4003,4146,0500000US33001
6,3703,1742,1961,0500000US33001
7,1653,659,994,0500000US33001
0,48779,24201,24578,0500000US33003
1,8481,4476,4005,0500000US33003
2,11063,5547,5516,0500000US33003
3,6387,3126,3261,0500000US33003
4,9236,4432,4804,0500000US33003
5,8326,4149,4177,0500000US33003
6,3757,1875,1882,0500000US33003
7,1529,596,933,0500000US33003
0,76493,37437,39056,0500000US33005
1,16786,8393,8393,0500000US33005
2,22868,11490,11378,0500000US33005
3,9658,4799,4859,0500000US33005
4,11957,5771,6186,0500000US33005
5,9147,4464,4683,0500000US33005
6,4295,1899,2396,0500000US33005
7,1782,621,1161,0500000US33005
0,31589,16683,14906,0500000US33007
1,5685,2950,2735,0500000US33007
2,8553,4942,3611,0500000US33007
3,4435,2428,2007,0500000US33007
4,5422,2774,2648,0500000US33007
5,4352,2241,2111,0500000US33007
6,2150,1002,1148,0500000US33007
7,992,346,646,0500000US33007
0,89786,44377,45409,0500000US33009
1,18626,9608,9018,0500000US33009
2,27799,14126,13673,0500000US33009
3,10854,5225,5629,0500000US33009
4,13941,6703,7238,0500000US33009
5,10854,5293,5561,0500000US33009
6,5319,2553,2766,0500000US33009
7,2393,869,1524,0500000US33009
0,415247,206632,208615,0500000US33011
1,94105,48247,45858,0500000US33011
2,133903,68458,65445,0500000US33011
3,59907,29829,30078,0500000US33011
4,61984,30724,31260,0500000US33011
5,38703,18544,20159,0500000US33011
6,18167,7932,10235,0500000US33011
7,8478,2898,5580,0500000US33011
0,151132,74440,76692,0500000US33013
1,33164,16744,16420,0500000US33013
2,45960,23663,22297,0500000US33013
3,21013,10333,10680,0500000US33013
4,23429,11342,12087,0500000US33013
5,16180,7722,8458,0500000US33013
6,7667,3418,4249,0500000US33013
7,3719,1218,2501,0500000US33013
0,309176,153319,155857,0500000US33015
1,66072,34097,31975,0500000US33015
2,89399,45481,43918,0500000US33015
3,47175,23170,24005,0500000US33015
4,50992,25081,25911,0500000US33015
5,33987,16338,17649,0500000US33015
6,15215,6926,8289,0500000US33015
7,6336,2226,4110,0500000US33015
0,130090,63739,66351,0500000US33017
1,30393,15168,15225,0500000US33017
2,45875,23003,22872,0500000US33017
3,16599,8209,8390,0500000US33017
4,17688,8654,9034,0500000US33017
5,11669,5542,6127,0500000US33017
6,5425,2352,3073,0500000US33017
7,2441,811,1630,0500000US33017
0,43144,21297,21847,0500000US33019
1,8924,4516,4408,0500000US33019
2,11776,5914,5862,0500000US33019
3,6022,3045,2977,0500000US33019
4,7165,3541,3624,0500000US33019
5,5566,2753,2813,0500000US33019
6,2526,1149,1377,0500000US33019
7,1165,379,786,0500000US33019
0,265429,128539,136890,0500000US34001
1,63073,32127,30946,0500000US34001
2,78609,38991,39618,0500000US34001
3,36260,17149,19111,0500000US34001
4,39876,19140,20736,0500000US34001
5,27382,12865,14517,0500000US34001
6,14322,6236,8086,0500000US34001
7,5907,2031,3876,0500000US34001
0,936692,454688,482004,0500000US34003
1,219832,112193,107639,0500000US34003
2,287095,142912,144183,0500000US34003
3,136068,65845,70223,0500000US34003
4,132611,64048,68563,0500000US34003
5,87545,40534,47011,0500000US34003
6,48593,20550,28043,0500000US34003
7,24948,8606,16342,0500000US34003
0,445384,219438,225946,0500000US34005
1,102210,52332,49878,0500000US34005
2,138647,71620,67027,0500000US34005
3,63674,31133,32541,0500000US34005
4,65452,31644,33808,0500000US34005
5,42480,19567,22913,0500000US34005
6,22728,9566,13162,0500000US34005
7,10193,3576,6617,0500000US34005
0,507078,244608,262470,0500000US34007
1,126512,64709,61803,0500000US34007
2,165123,81544,83579,0500000US34007
3,67488,32187,35301,0500000US34007
4,68547,32552,35995,0500000US34007
5,45501,20506,24995,0500000US34007
6,22949,9572,13377,0500000US34007
7,10958,3538,7420,0500000US34007
0,92560,45218,47342,0500000US34009
1,18022,9212,8810,0500000US34009
2,23284,12093,11191,0500000US34009
3,11095,5497,5598,0500000US34009
4,15573,7292,8281,0500000US34009
5,14096,6648,7448,0500000US34009
6,7547,3423,4124,0500000US34009
7,2943,1053,1890,0500000US34009
0,150972,77018,73954,0500000US34011
1,39469,20012,19457,0500000US34011
2,50077,27777,22300,0500000US34011
3,19739,10033,9706,0500000US34011
4,18634,9132,9502,0500000US34011
5,13173,6085,7088,0500000US34011
6,6859,2887,3972,0500000US34011
7,3021,1092,1929,0500000US34011
0,799767,384964,414803,0500000US34013
1,208244,106326,101918,0500000US34013
2,273373,133752,139621,0500000US34013
3,111581,54253,57328,0500000US34013
4,98037,46277,51760,0500000US34013
5,61764,27157,34607,0500000US34013
6,31047,12275,18772,0500000US34013
7,15721,4924,10797,0500000US34013
0,291408,141789,149619,0500000US34015
1,70547,36092,34455,0500000US34015
2,91047,45225,45822,0500000US34015
3,41885,20160,21725,0500000US34015
4,41803,20168,21635,0500000US34015
5,27466,12695,14771,0500000US34015
6,13073,5584,7489,0500000US34015
7,5587,1865,3722,0500000US34015
0,676061,336666,339395,0500000US34017
1,151047,77270,73777,0500000US34017
2,290726,150623,140103,0500000US34017
3,82349,40896,41453,0500000US34017
4,72019,34515,37504,0500000US34017
5,45607,20299,25308,0500000US34017
6,23921,9635,14286,0500000US34017
7,10392,3428,6964,0500000US34017
0,124714,61767,62947,0500000US34019
1,27122,13936,13186,0500000US34019
2,32578,16698,15880,0500000US34019
3,20028,9511,10517,0500000US34019
4,21881,10904,10977,0500000US34019
5,13587,6729,6858,0500000US34019
6,6497,3004,3493,0500000US34019
7,3021,985,2036,0500000US34019
0,369811,180955,188856,0500000US34021
1,91937,46664,45273,0500000US34021
2,121946,61639,60307,0500000US34021
3,51372,25316,26056,0500000US34021
4,48556,23474,25082,0500000US34021
5,31579,14427,17152,0500000US34021
6,16226,6770,9456,0500000US34021
7,8195,2665,5530,0500000US34021
0,829685,408929,420756,0500000US34023
1,203740,104265,99475,0500000US34023
2,279891,141418,138473,0500000US34023
3,113259,56506,56753,0500000US34023
4,108597,52628,55969,0500000US34023
5,70987,32923,38064,0500000US34023
6,36399,15316,21083,0500000US34023
7,16812,5873,10939,0500000US34023
0,621354,302288,319066,0500000US34025
1,146727,74770,71957,0500000US34025
2,175328,87680,87648,0500000US34025
3,92287,44533,47754,0500000US34025
4,97811,47623,50188,0500000US34025
5,62725,29438,33287,0500000US34025
6,30905,13117,17788,0500000US34025
7,15571,5127,10444,0500000US34025
0,494228,242781,251447,0500000US34027
1,116911,60149,56762,0500000US34027
2,144504,72804,71700,0500000US34027
3,75636,36927,38709,0500000US34027
4,72841,35692,37149,0500000US34027
5,46501,21830,24671,0500000US34027
6,25420,10862,14558,0500000US34027
7,12415,4517,7898,0500000US34027
0,601651,290366,311285,0500000US34029
1,156053,80064,75989,0500000US34029
2,158785,80196,78589,0500000US34029
3,69988,34097,35891,0500000US34029
4,81173,38278,42895,0500000US34029
5,71727,32098,39629,0500000US34029
6,44052,18666,25386,0500000US34029
7,19873,6967,12906,0500000US34029
0,503310,245542,257768,0500000US34031
1,133822,68116,65706,0500000US34031
2,166258,82948,83310,0500000US34031
3,66019,32175,33844,0500000US34031
4,63998,30987,33011,0500000US34031
5,41673,18960,22713,0500000US34031
6,21762,9135,12627,0500000US34031
7,9778,3221,6557,0500000US34031
0,62607,30717,31890,0500000US34033
1,14741,7588,7153,0500000US34033
2,18399,9348,9051,0500000US34033
3,8499,4108,4391,0500000US34033
4,9331,4471,4860,0500000US34033
5,6626,3212,3414,0500000US34033
6,3305,1461,1844,0500000US34033
7,1706,529,1177,0500000US34033
0,331164,161879,169285,0500000US34035
1,80324,41268,39056,0500000US34035
2,98860,49364,49496,0500000US34035
3,51411,24964,26447,0500000US34035
4,48951,24073,24878,0500000US34035
5,28543,13303,15240,0500000US34035
6,15184,6425,8759,0500000US34035
7,7891,2482,5409,0500000US34035
0,140799,69985,70814,0500000US34037
1,31034,15863,15171,0500000US34037
2,39401,20162,19239,0500000US34037
3,22109,10843,11266,0500000US34037
4,23893,11838,12055,0500000US34037
5,15175,7391,7784,0500000US34037
6,6576,3011,3565,0500000US34037
7,2611,877,1734,0500000US34037
0,558067,272270,285797,0500000US34039
1,143835,73064,70771,0500000US34039
2,182192,91192,91000,0500000US34039
3,79069,38803,40266,0500000US34039
4,72719,35140,37579,0500000US34039
5,45175,20726,24449,0500000US34039
6,23077,9397,13680,0500000US34039
7,12000,3948,8052,0500000US34039
0,105779,51787,53992,0500000US34041
1,23417,11880,11537,0500000US34041
2,30046,15245,14801,0500000US34041
3,16058,7853,8205,0500000US34041
4,17028,8354,8674,0500000US34041
5,10786,5056,5730,0500000US34041
6,5694,2510,3184,0500000US34041
7,2750,889,1861,0500000US34041
0,678701,332972,345729,0500000US35001
1,164335,83966,80369,0500000US35001
2,233236,118333,114903,0500000US35001
3,81649,39962,41687,0500000US35001
4,88265,41645,46620,0500000US35001
5,66532,30504,36028,0500000US35001
6,31483,13686,17797,0500000US35001
7,13201,4876,8325,0500000US35001
0,3578,1889,1689,0500000US35003
1,493,256,237,0500000US35003
2,581,302,279,0500000US35003
3,282,160,122,0500000US35003
4,736,346,390,0500000US35003
5,903,495,408,0500000US35003
6,464,272,192,0500000US35003
7,119,58,61,0500000US35003
0,64689,32098,32591,0500000US35005
1,19133,10006,9127,0500000US35005
2,20137,10071,10066,0500000US35005
3,7214,3531,3683,0500000US35005
4,7879,3820,4059,0500000US35005
5,5820,2751,3069,0500000US35005
6,3099,1392,1707,0500000US35005
7,1407,527,880,0500000US35005
0,26746,13666,13080,0500000US35006
1,6976,3506,3470,0500000US35006
2,8894,4869,4025,0500000US35006
3,3031,1615,1416,0500000US35006
4,3539,1732,1807,0500000US35006
5,2510,1190,1320,0500000US35006
6,1305,558,747,0500000US35006
7,491,196,295,0500000US35006
0,12110,6142,5968,0500000US35007
1,2415,1249,1166,0500000US35007
2,3058,1637,1421,0500000US35007
3,1385,712,673,0500000US35007
4,2003,971,1032,0500000US35007
5,1895,940,955,0500000US35007
6,986,498,488,0500000US35007
7,368,135,233,0500000US35007
0,49437,25643,23794,0500000US35009
1,14382,7475,6907,0500000US35009
2,18939,10529,8410,0500000US35009
3,4786,2348,2438,0500000US35009
4,5128,2539,2589,0500000US35009
5,3443,1617,1826,0500000US35009
6,1949,839,1110,0500000US35009
7,810,296,514,0500000US35009
0,1781,882,899,0500000US35011
1,440,215,225,0500000US35011
2,404,214,190,0500000US35011
3,172,90,82,0500000US35011
4,268,120,148,0500000US35011
5,287,153,134,0500000US35011
6,137,63,74,0500000US35011
7,73,27,46,0500000US35011
0,217522,106762,110760,0500000US35013
1,61501,31010,30491,0500000US35013
2,75452,38092,37360,0500000US35013
3,22185,10471,11714,0500000US35013
4,24046,11202,12844,0500000US35013
5,19705,9375,10330,0500000US35013
6,10601,4928,5673,0500000US35013
7,4032,1684,2348,0500000US35013
0,57900,29150,28750,0500000US35015
1,16815,8446,8369,0500000US35015
2,19029,9916,9113,0500000US35015
3,6441,3283,3158,0500000US35015
4,7209,3611,3598,0500000US35015
5,4797,2351,2446,0500000US35015
6,2503,1137,1366,0500000US35015
7,1106,406,700,0500000US35015
0,27346,13428,13918,0500000US35017
1,6171,3170,3001,0500000US35017
2,6845,3444,3401,0500000US35017
3,2723,1295,1428,0500000US35017
4,4023,1889,2134,0500000US35017
5,4390,2140,2250,0500000US35017
6,2291,1126,1165,0500000US35017
7,903,364,539,0500000US35017
0,4341,2473,1868,0500000US35019
1,997,536,461,0500000US35019
2,1467,945,522,0500000US35019
3,444,252,192,0500000US35019
4,583,307,276,0500000US35019
5,426,238,188,0500000US35019
6,297,136,161,0500000US35019
7,127,59,68,0500000US35019
0,655,335,320,0500000US35021
1,94,48,46,0500000US35021
2,130,70,60,0500000US35021
3,58,30,28,0500000US35021
4,126,67,59,0500000US35021
5,131,55,76,0500000US35021
6,61,31,30,0500000US35021
7,55,34,21,0500000US35021
0,4240,2101,2139,0500000US35023
1,1066,529,537,0500000US35023
2,1090,584,506,0500000US35023
3,517,246,271,0500000US35023
4,619,295,324,0500000US35023
5,532,266,266,0500000US35023
6,293,136,157,0500000US35023
7,123,45,78,0500000US35023
0,69611,35768,33843,0500000US35025
1,22760,11712,11048,0500000US35025
2,23756,12652,11104,0500000US35025
3,7600,3898,3702,0500000US35025
4,7547,3892,3655,0500000US35025
5,4634,2197,2437,0500000US35025
6,2339,1056,1283,0500000US35025
7,975,361,614,0500000US35025
0,19556,9546,10010,0500000US35027
1,3948,2024,1924,0500000US35027
2,4514,2245,2269,0500000US35027
3,2158,1058,1100,0500000US35027
4,3319,1535,1784,0500000US35027
5,3348,1617,1731,0500000US35027
6,1750,825,925,0500000US35027
7,519,242,277,0500000US35027
0,19101,9705,9396,0500000US35028
1,4665,2380,2285,0500000US35028
2,5653,2982,2671,0500000US35028
3,2536,1251,1285,0500000US35028
4,2837,1470,1367,0500000US35028
5,1935,950,985,0500000US35028
6,1022,484,538,0500000US35028
7,453,188,265,0500000US35028
0,23963,12045,11918,0500000US35029
1,6841,3465,3376,0500000US35029
2,6823,3579,3244,0500000US35029
3,2435,1217,1218,0500000US35029
4,2812,1359,1453,0500000US35029
5,2755,1309,1446,0500000US35029
6,1705,857,848,0500000US35029
7,592,259,333,0500000US35029
0,72290,34976,37314,0500000US35031
1,22847,11742,11105,0500000US35031
2,24027,11882,12145,0500000US35031
3,8106,3850,4256,0500000US35031
4,8341,3833,4508,0500000US35031
5,5275,2245,3030,0500000US35031
6,2652,1054,1598,0500000US35031
7,1042,370,672,0500000US35031
0,4506,2304,2202,0500000US35033
1,897,443,454,0500000US35033
2,1052,552,500,0500000US35033
3,537,259,278,0500000US35033
4,724,373,351,0500000US35033
5,778,418,360,0500000US35033
6,364,188,176,0500000US35033
7,154,71,83,0500000US35033
0,66781,34530,32251,0500000US35035
1,17183,8888,8295,0500000US35035
2,23022,12874,10148,0500000US35035
3,6740,3238,3502,0500000US35035
4,8362,4029,4333,0500000US35035
5,6385,3169,3216,0500000US35035
6,3741,1807,1934,0500000US35035
7,1348,525,823,0500000US35035
0,8253,4029,4224,0500000US35037
1,1924,938,986,0500000US35037
2,2025,1057,968,0500000US35037
3,946,441,505,0500000US35037
4,1257,590,667,0500000US35037
5,1211,584,627,0500000US35037
6,672,334,338,0500000US35037
7,218,85,133,0500000US35037
0,39006,19075,19931,0500000US35039
1,10070,5019,5051,0500000US35039
2,10990,5497,5493,0500000US35039
3,4725,2303,2422,0500000US35039
4,5663,2778,2885,0500000US35039
5,4415,2115,2300,0500000US35039
6,2313,1061,1252,0500000US35039
7,830,302,528,0500000US35039
0,18743,9375,9368,0500000US35041
1,5474,2789,2685,0500000US35041
2,6753,3503,3250,0500000US35041
3,1874,934,940,0500000US35041
4,1970,923,1047,0500000US35041
5,1475,712,763,0500000US35041
6,876,396,480,0500000US35041
7,321,118,203,0500000US35041
0,145179,71144,74035,0500000US35043
1,37217,19125,18092,0500000US35043
2,44068,21919,22149,0500000US35043
3,18072,8868,9204,0500000US35043
4,20066,9474,10592,0500000US35043
5,16300,7598,8702,0500000US35043
6,7037,3263,3774,0500000US35043
7,2419,897,1522,0500000US35043
0,125043,61898,63145,0500000US35045
1,36163,18334,17829,0500000US35045
2,40212,20338,19874,0500000US35045
3,13762,6693,7069,0500000US35045
4,16221,8126,8095,0500000US35045
5,10931,5143,5788,0500000US35045
6,5509,2400,3109,0500000US35045
7,2245,864,1381,0500000US35045
0,27591,13671,13920,0500000US35047
1,6056,3079,2977,0500000US35047
2,7898,4021,3877,0500000US35047
3,3323,1655,1668,0500000US35047
4,4322,2144,2178,0500000US35047
5,3561,1697,1864,0500000US35047
6,1867,877,990,0500000US35047
7,564,198,366,0500000US35047
0,150056,72711,77345,0500000US35049
1,30128,15101,15027,0500000US35049
2,41481,21013,20468,0500000US35049
3,18583,9100,9483,0500000US35049
4,23379,10842,12537,0500000US35049
5,23346,10867,12479,0500000US35049
6,9875,4558,5317,0500000US35049
7,3264,1230,2034,0500000US35049
0,10968,5489,5479,0500000US35051
1,1875,970,905,0500000US35051
2,2229,1149,1080,0500000US35051
3,1122,534,588,0500000US35051
4,1736,811,925,0500000US35051
5,2166,1087,1079,0500000US35051
6,1352,711,641,0500000US35051
7,488,227,261,0500000US35051
0,16735,8396,8339,0500000US35053
1,4393,2224,2169,0500000US35053
2,4930,2605,2325,0500000US35053
3,1795,893,902,0500000US35053
4,2387,1140,1247,0500000US35053
5,1918,938,980,0500000US35053
6,972,467,505,0500000US35053
7,340,129,211,0500000US35053
0,32835,16164,16671,0500000US35055
1,6436,3340,3096,0500000US35055
2,8463,4405,4058,0500000US35055
3,4031,1969,2062,0500000US35055
4,5217,2459,2758,0500000US35055
5,5348,2508,2840,0500000US35055
6,2470,1156,1314,0500000US35055
7,870,327,543,0500000US35055
0,15591,8264,7327,0500000US35057
1,3624,1864,1760,0500000US35057
2,4487,2624,1863,0500000US35057
3,1849,941,908,0500000US35057
4,2400,1203,1197,0500000US35057
5,2019,1040,979,0500000US35057
6,921,463,458,0500000US35057
7,291,129,162,0500000US35057
0,4118,2304,1814,0500000US35059
1,840,422,418,0500000US35059
2,1389,933,456,0500000US35059
3,466,282,184,0500000US35059
4,561,299,262,0500000US35059
5,461,208,253,0500000US35059
6,277,122,155,0500000US35059
7,124,38,86,0500000US35059
0,76456,38350,38106,0500000US35061
1,19902,10199,9703,0500000US35061
2,23132,11976,11156,0500000US35061
3,9318,4670,4648,0500000US35061
4,10602,5148,5454,0500000US35061
5,8252,3975,4277,0500000US35061
6,3951,1823,2128,0500000US35061
7,1299,559,740,0500000US35061
0,307117,148733,158384,0500000US36001
1,68921,34822,34099,0500000US36001
2,108428,53826,54602,0500000US36001
3,37257,18197,19060,0500000US36001
4,40438,19553,20885,0500000US36001
5,29769,13823,15946,0500000US36001
6,14537,6028,8509,0500000US36001
7,7767,2484,5283,0500000US36001
0,46430,23569,22861,0500000US36003
1,12064,6356,5708,0500000US36003
2,13554,6949,6605,0500000US36003
3,5302,2628,2674,0500000US36003
4,6695,3405,3290,0500000US36003
5,5165,2611,2554,0500000US36003
6,2594,1216,1378,0500000US36003
7,1056,404,652,0500000US36003
0,1432132,674900,757232,0500000US36005
1,392880,200124,192756,0500000US36005
2,515655,247733,267922,0500000US36005
3,179334,82603,96731,0500000US36005
4,160888,72371,88517,0500000US36005
5,102014,43452,58562,0500000US36005
6,55534,20906,34628,0500000US36005
7,25827,7711,18116,0500000US36005
0,191659,94240,97419,0500000US36007
1,45061,23327,21734,0500000US36007
2,60507,30555,29952,0500000US36007
3,22077,10852,11225,0500000US36007
4,27472,13566,13906,0500000US36007
5,19398,9186,10212,0500000US36007
6,11236,4773,6463,0500000US36007
7,5908,1981,3927,0500000US36007
0,76840,38148,38692,0500000US36009
1,19125,9737,9388,0500000US36009
2,21588,10944,10644,0500000US36009
3,9718,4831,4887,0500000US36009
4,11680,5776,5904,0500000US36009
5,8587,4249,4338,0500000US36009
6,4296,1967,2329,0500000US36009
7,1846,644,1202,0500000US36009
0,77145,39522,37623,0500000US36011
1,16890,8675,8215,0500000US36011
2,23211,12641,10570,0500000US36011
3,10344,5393,4951,0500000US36011
4,11950,5957,5993,0500000US36011
5,8487,4219,4268,0500000US36011
6,4243,1945,2298,0500000US36011
7,2020,692,1328,0500000US36011
0,127939,63165,64774,0500000US36013
1,30330,15306,15024,0500000US36013
2,36630,18781,17849,0500000US36013
3,15836,7904,7932,0500000US36013
4,19439,9621,9818,0500000US36013
5,14253,6912,7341,0500000US36013
6,7679,3350,4329,0500000US36013
7,3772,1291,2481,0500000US36013
0,84254,41850,42404,0500000US36015
1,19996,10174,9822,0500000US36015
2,25235,13186,12049,0500000US36015
3,10687,5392,5295,0500000US36015
4,12361,6007,6354,0500000US36015
5,8967,4242,4725,0500000US36015
6,4733,2066,2667,0500000US36015
7,2275,783,1492,0500000US36015
0,47536,23814,23722,0500000US36017
1,10785,5499,5286,0500000US36017
2,13055,6733,6322,0500000US36017
3,6359,3142,3217,0500000US36017
4,7654,3830,3824,0500000US36017
5,5584,2761,2823,0500000US36017
6,2942,1399,1543,0500000US36017
7,1157,450,707,0500000US36017
0,80695,41527,39168,0500000US36019
1,17475,8874,8601,0500000US36019
2,27192,14855,12337,0500000US36019
3,10624,5569,5055,0500000US36019
4,11640,5881,5759,0500000US36019
5,7976,3884,4092,0500000US36019
6,4122,1846,2276,0500000US36019
7,1666,618,1048,0500000US36019
0,59916,30001,29915,0500000US36021
1,11466,6113,5353,0500000US36021
2,15799,8005,7794,0500000US36021
3,8385,4204,4181,0500000US36021
4,10011,5027,4984,0500000US36021
5,8190,4007,4183,0500000US36021
6,4187,1913,2274,0500000US36021
7,1878,732,1146,0500000US36021
0,47823,23370,24453,0500000US36023
1,12102,6043,6059,0500000US36023
2,16010,7906,8104,0500000US36023
3,5623,2797,2826,0500000US36023
4,6198,3060,3138,0500000US36023
5,4549,2197,2352,0500000US36023
6,2338,1028,1310,0500000US36023
7,1003,339,664,0500000US36023
0,44527,22496,22031,0500000US36025
1,9102,4726,4376,0500000US36025
2,11504,5947,5557,0500000US36025
3,5597,2811,2786,0500000US36025
4,7422,3725,3697,0500000US36025
5,6202,3166,3036,0500000US36025
6,3368,1596,1772,0500000US36025
7,1332,525,807,0500000US36025
0,293718,146277,147441,0500000US36027
1,65069,33174,31895,0500000US36027
2,90316,46761,43555,0500000US36027
3,42031,20927,21104,0500000US36027
4,44669,22266,22403,0500000US36027
5,29146,13798,15348,0500000US36027
6,15340,6797,8543,0500000US36027
7,7147,2554,4593,0500000US36027
0,919719,444942,474777,0500000US36029
1,210409,107082,103327,0500000US36029
2,294926,147238,147688,0500000US36029
3,116668,56651,60017,0500000US36029
4,132664,63252,69412,0500000US36029
5,92079,42620,49459,0500000US36029
6,48823,20214,28609,0500000US36029
7,24150,7885,16265,0500000US36029
0,37300,19255,18045,0500000US36031
1,6764,3523,3241,0500000US36031
2,10503,5871,4632,0500000US36031
3,5027,2574,2453,0500000US36031
4,6263,3117,3146,0500000US36031
5,5029,2516,2513,0500000US36031
6,2610,1241,1369,0500000US36031
7,1104,413,691,0500000US36031
0,50293,27683,22610,0500000US36033
1,11077,5829,5248,0500000US36033
2,16913,10476,6437,0500000US36033
3,6746,3743,3003,0500000US36033
4,7105,3617,3488,0500000US36033
5,4982,2528,2454,0500000US36033
6,2455,1095,1360,0500000US36033
7,1015,395,620,0500000US36033
0,53591,26670,26921,0500000US36035
1,11811,6061,5750,0500000US36035
2,15658,8091,7567,0500000US36035
3,7536,3777,3759,0500000US36035
4,8087,4036,4051,0500000US36035
5,6069,2929,3140,0500000US36035
6,3024,1341,1683,0500000US36035
7,1406,435,971,0500000US36035
0,57511,28611,28900,0500000US36037
1,13061,6556,6505,0500000US36037
2,16875,8833,8042,0500000US36037
3,7921,3943,3978,0500000US36037
4,8904,4451,4453,0500000US36037
5,5916,2856,3060,0500000US36037
6,3302,1467,1835,0500000US36037
7,1532,505,1027,0500000US36037
0,47491,24854,22637,0500000US36039
1,9049,4940,4109,0500000US36039
2,13831,7739,6092,0500000US36039
3,6489,3342,3147,0500000US36039
4,7614,3840,3774,0500000US36039
5,6163,2996,3167,0500000US36039
6,3113,1525,1588,0500000US36039
7,1232,472,760,0500000US36039
0,4434,2222,2212,0500000US36041
1,639,325,314,0500000US36041
2,914,463,451,0500000US36041
3,573,289,284,0500000US36041
4,922,457,465,0500000US36041
5,860,442,418,0500000US36041
6,371,188,183,0500000US36041
7,155,58,97,0500000US36041
0,61833,30591,31242,0500000US36043
1,14386,7344,7042,0500000US36043
2,17169,8692,8477,0500000US36043
3,8021,3984,4037,0500000US36043
4,9442,4671,4771,0500000US36043
5,7295,3625,3670,0500000US36043
6,3806,1695,2111,0500000US36043
7,1714,580,1134,0500000US36043
0,111755,58764,52991,0500000US36045
1,29466,15238,14228,0500000US36045
2,43154,24884,18270,0500000US36045
3,11634,5811,5823,0500000US36045
4,12225,5914,6311,0500000US36045
5,8909,4311,4598,0500000US36045
6,4427,2001,2426,0500000US36045
7,1940,605,1335,0500000US36045
0,2582830,1223764,1359066,0500000US36047
1,638730,326275,312455,0500000US36047
2,993909,479658,514251,0500000US36047
3,303199,140847,162352,0500000US36047
4,287746,130250,157496,0500000US36047
5,204389,88767,115622,0500000US36047
6,104443,41214,63229,0500000US36047
7,50414,16753,33661,0500000US36047
0,26447,13398,13049,0500000US36049
1,6604,3403,3201,0500000US36049
2,7444,3818,3626,0500000US36049
3,3394,1742,1652,0500000US36049
4,4160,2129,2031,0500000US36049
5,2750,1370,1380,0500000US36049
6,1478,700,778,0500000US36049
7,617,236,381,0500000US36049
0,63227,31760,31467,0500000US36051
1,14296,7175,7121,0500000US36051
2,19809,10464,9345,0500000US36051
3,8262,4218,4044,0500000US36051
4,9553,4738,4815,0500000US36051
5,6566,3169,3397,0500000US36051
6,3238,1462,1776,0500000US36051
7,1503,534,969,0500000US36051
0,70795,34933,35862,0500000US36053
1,16893,8484,8409,0500000US36053
2,20582,10340,10242,0500000US36053
3,9354,4623,4731,0500000US36053
4,11011,5451,5560,0500000US36053
5,7518,3737,3781,0500000US36053
6,3878,1730,2148,0500000US36053
7,1559,568,991,0500000US36053
0,742474,358365,384109,0500000US36055
1,177060,90516,86544,0500000US36055
2,240419,118068,122351,0500000US36055
3,94134,45140,48994,0500000US36055
4,102812,49158,53654,0500000US36055
5,72759,33449,39310,0500000US36055
6,36970,15827,21143,0500000US36055
7,18320,6207,12113,0500000US36055
0,49455,24350,25105,0500000US36057
1,12310,6342,5968,0500000US36057
2,14709,7373,7336,0500000US36057
3,6179,3031,3148,0500000US36057
4,7054,3422,3632,0500000US36057
5,5222,2603,2619,0500000US36057
6,2517,1083,1434,0500000US36057
7,1464,496,968,0500000US36057
0,1358343,661427,696916,0500000US36059
1,324539,166424,158115,0500000US36059
2,408429,204718,203711,0500000US36059
3,189181,91495,97686,0500000US36059
4,194911,93942,100969,0500000US36059
5,132862,62250,70612,0500000US36059
6,69911,29249,40662,0500000US36059
7,38510,13349,25161,0500000US36059
0,1628701,771151,857550,0500000US36061
1,267811,132486,135325,0500000US36061
2,708138,341725,366413,0500000US36061
3,199402,99232,100170,0500000US36061
4,184448,87901,96547,0500000US36061
5,146341,62447,83894,0500000US36061
6,83353,33600,49753,0500000US36061
7,39208,13760,25448,0500000US36061
0,210433,102493,107940,0500000US36063
1,47075,23864,23211,0500000US36063
2,62036,30985,31051,0500000US36063
3,27818,13585,14233,0500000US36063
4,33395,16311,17084,0500000US36063
5,22908,10962,11946,0500000US36063
6,11605,4919,6686,0500000US36063
7,5596,1867,3729,0500000US36063
0,229577,114334,115243,0500000US36065
1,55106,28135,26971,0500000US36065
2,69323,36222,33101,0500000US36065
3,29697,15010,14687,0500000US36065
4,32392,16016,16376,0500000US36065
5,23544,11246,12298,0500000US36065
6,12661,5368,7293,0500000US36065
7,6854,2337,4517,0500000US36065
0,461809,222674,239135,0500000US36067
1,113279,57223,56056,0500000US36067
2,145913,71495,74418,0500000US36067
3,58789,28271,30518,0500000US36067
4,65193,31377,33816,0500000US36067
5,44357,20696,23661,0500000US36067
6,22647,9677,12970,0500000US36067
7,11631,3935,7696,0500000US36067
0,109864,53826,56038,0500000US36069
1,25109,12812,12297,0500000US36069
2,31323,15809,15514,0500000US36069
3,14827,7260,7567,0500000US36069
4,16712,8147,8565,0500000US36069
5,12911,6107,6804,0500000US36069
6,6245,2792,3453,0500000US36069
7,2737,899,1838,0500000US36069
0,381951,191531,190420,0500000US36071
1,108686,56439,52247,0500000US36071
2,118686,61675,57011,0500000US36071
3,52406,25711,26695,0500000US36071
4,48632,24070,24562,0500000US36071
5,31528,14716,16812,0500000US36071
6,15361,6643,8718,0500000US36071
7,6652,2277,4375,0500000US36071
0,40612,20278,20334,0500000US36073
1,8850,4532,4318,0500000US36073
2,12397,6384,6013,0500000US36073
3,5691,2823,2868,0500000US36073
4,6397,3209,3188,0500000US36073
5,4268,2082,2186,0500000US36073
6,2149,971,1178,0500000US36073
7,860,277,583,0500000US36073
0,117898,59114,58784,0500000US36075
1,29038,14890,14148,0500000US36075
2,35696,18196,17500,0500000US36075
3,16215,8102,8113,0500000US36075
4,17684,8970,8714,0500000US36075
5,11548,5680,5868,0500000US36075
6,5549,2495,3054,0500000US36075
7,2168,781,1387,0500000US36075
0,59749,28984,30765,0500000US36077
1,12888,6352,6536,0500000US36077
2,18281,9050,9231,0500000US36077
3,7049,3480,3569,0500000US36077
4,8874,4290,4584,0500000US36077
5,7221,3488,3733,0500000US36077
6,3724,1716,2008,0500000US36077
7,1712,608,1104,0500000US36077
0,98892,49406,49486,0500000US36079
1,21794,11182,10612,0500000US36079
2,28577,14876,13701,0500000US36079
3,15655,7815,7840,0500000US36079
4,15697,7737,7960,0500000US36079
5,10147,4874,5273,0500000US36079
6,5042,2249,2793,0500000US36079
7,1980,673,1307,0500000US36079
0,2278906,1105389,1173517,0500000US36081
1,501875,257207,244668,0500000US36081
2,809876,402595,407281,0500000US36081
3,308550,150951,157599,0500000US36081
4,301088,143680,157408,0500000US36081
5,200989,90530,110459,0500000US36081
6,106083,43268,62815,0500000US36081
7,50445,17158,33287,0500000US36081
0,159442,78763,80679,0500000US36083
1,36234,18948,17286,0500000US36083
2,52369,26624,25745,0500000US36083
3,20853,10059,10794,0500000US36083
4,22955,11089,11866,0500000US36083
5,16064,7664,8400,0500000US36083
6,7486,3211,4275,0500000US36083
7,3481,1168,2313,0500000US36083
0,476179,230765,245414,0500000US36085
1,114824,58858,55966,0500000US36085
2,152909,75938,76971,0500000US36085
3,65568,31468,34100,0500000US36085
4,65825,31268,34557,0500000US36085
5,45385,20685,24700,0500000US36085
6,21949,9327,12622,0500000US36085
7,9719,3221,6498,0500000US36085
0,325695,159777,165918,0500000US36087
1,100258,51188,49070,0500000US36087
2,95181,48291,46890,0500000US36087
3,39653,19188,20465,0500000US36087
4,39496,19138,20358,0500000US36087
5,27713,12648,15065,0500000US36087
6,15662,6650,9012,0500000US36087
7,7732,2674,5058,0500000US36087
0,108047,55194,52853,0500000US36089
1,27094,13945,13149,0500000US36089
2,33637,18158,15479,0500000US36089
3,13522,6938,6584,0500000US36089
4,14968,7458,7510,0500000US36089
5,10886,5366,5520,0500000US36089
6,5658,2548,3110,0500000US36089
7,2282,781,1501,0500000US36089
0,230163,113980,116183,0500000US36091
1,51624,26358,25266,0500000US36091
2,69707,35679,34028,0500000US36091
3,33727,16739,16988,0500000US36091
4,33377,16269,17108,0500000US36091
5,24957,11859,13098,0500000US36091
6,11830,5327,6503,0500000US36091
7,4941,1749,3192,0500000US36091
0,155350,75706,79644,0500000US36093
1,37247,19180,18067,0500000US36093
2,49767,24869,24898,0500000US36093
3,20269,9883,10386,0500000US36093
4,21477,10314,11163,0500000US36093
5,14724,6915,7809,0500000US36093
6,7494,3078,4416,0500000US36093
7,4372,1467,2905,0500000US36093
0,31097,15596,15501,0500000US36095
1,6641,3419,3222,0500000US36095
2,8574,4382,4192,0500000US36095
3,4112,2087,2025,0500000US36095
4,4973,2441,2532,0500000US36095
5,4009,1972,2037,0500000US36095
6,2044,997,1047,0500000US36095
7,744,298,446,0500000US36095
0,17912,8930,8982,0500000US36097
1,3795,1957,1838,0500000US36097
2,4857,2412,2445,0500000US36097
3,2465,1269,1196,0500000US36097
4,2973,1467,1506,0500000US36097
5,2282,1149,1133,0500000US36097
6,1096,517,579,0500000US36097
7,444,159,285,0500000US36097
0,34300,18005,16295,0500000US36099
1,7513,3921,3592,0500000US36099
2,10730,6153,4577,0500000US36099
3,4271,2247,2024,0500000US36099
4,5195,2631,2564,0500000US36099
5,3886,1866,2020,0500000US36099
6,1885,867,1018,0500000US36099
7,820,320,500,0500000US36099
0,95796,47749,48047,0500000US36101
1,22603,11685,10918,0500000US36101
2,27252,13817,13435,0500000US36101
3,12792,6391,6401,0500000US36101
4,14299,7175,7124,0500000US36101
5,10839,5247,5592,0500000US36101
6,5556,2571,2985,0500000US36101
7,2455,863,1592,0500000US36101
0,1481093,729117,751976,0500000US36103
1,350314,179329,170985,0500000US36103
2,446325,227187,219138,0500000US36103
3,219141,107602,111539,0500000US36103
4,215557,105715,109842,0500000US36103
5,140168,65196,74972,0500000US36103
6,74839,32060,42779,0500000US36103
7,34749,12028,22721,0500000US36103
0,75498,38865,36633,0500000US36105
1,17712,9164,8548,0500000US36105
2,21969,11672,10297,0500000US36105
3,10384,5453,4931,0500000US36105
4,11195,5709,5486,0500000US36105
5,8597,4265,4332,0500000US36105
6,4242,2060,2182,0500000US36105
7,1399,542,857,0500000US36105
0,48560,24129,24431,0500000US36107
1,11244,5791,5453,0500000US36107
2,13233,6696,6537,0500000US36107
3,6291,3101,3190,0500000US36107
4,7938,3951,3987,0500000US36107
5,5467,2663,2804,0500000US36107
6,3106,1453,1653,0500000US36107
7,1281,474,807,0500000US36107
0,102793,50524,52269,0500000US36109
1,23819,11967,11852,0500000US36109
2,42241,21288,20953,0500000US36109
3,10360,5039,5321,0500000US36109
4,11473,5421,6052,0500000US36109
5,9131,4401,4730,0500000US36109
6,3931,1756,2175,0500000US36109
7,1838,652,1186,0500000US36109
0,178599,88505,90094,0500000US36111
1,36484,18262,18222,0500000US36111
2,54450,28287,26163,0500000US36111
3,24698,12426,12272,0500000US36111
4,27639,13623,14016,0500000US36111
5,20759,9823,10936,0500000US36111
6,9948,4461,5487,0500000US36111
7,4621,1623,2998,0500000US36111
0,64265,31572,32693,0500000US36113
1,12932,6723,6209,0500000US36113
2,17845,9030,8815,0500000US36113
3,8831,4238,4593,0500000US36113
4,10366,5008,5358,0500000US36113
5,8303,4033,4270,0500000US36113
6,4195,1919,2276,0500000US36113
7,1793,621,1172,0500000US36113
0,61197,31674,29523,0500000US36115
1,12744,6727,6017,0500000US36115
2,18315,10098,8217,0500000US36115
3,8777,4551,4226,0500000US36115
4,9442,4739,4703,0500000US36115
5,6907,3417,3490,0500000US36115
6,3528,1604,1924,0500000US36115
7,1484,538,946,0500000US36115
0,90064,44703,45361,0500000US36117
1,21026,10656,10370,0500000US36117
2,25147,12761,12386,0500000US36117
3,12654,6289,6365,0500000US36117
4,14235,7026,7209,0500000US36117
5,10092,4948,5144,0500000US36117
6,4888,2280,2608,0500000US36117
7,2022,743,1279,0500000US36117
0,967612,468720,498892,0500000US36119
1,237369,122042,115327,0500000US36119
2,294600,146402,148198,0500000US36119
3,138647,67000,71647,0500000US36119
4,131988,63310,68678,0500000US36119
5,88081,40421,47660,0500000US36119
6,49288,20213,29075,0500000US36119
7,27639,9332,18307,0500000US36119
0,40085,21705,18380,0500000US36121
1,8331,4237,4094,0500000US36121
2,12804,7638,5166,0500000US36121
3,5794,3249,2545,0500000US36121
4,5968,3120,2848,0500000US36121
5,4386,2231,2155,0500000US36121
6,2036,951,1085,0500000US36121
7,766,279,487,0500000US36121
0,24841,12070,12771,0500000US36123
1,6251,3138,3113,0500000US36123
2,6909,3349,3560,0500000US36123
3,2729,1346,1383,0500000US36123
4,3780,1780,2000,0500000US36123
5,3067,1541,1526,0500000US36123
6,1500,697,803,0500000US36123
7,605,219,386,0500000US36123
0,166436,78937,87499,0500000US37001
1,43377,21861,21516,0500000US37001
2,50751,24174,26577,0500000US37001
3,22391,10748,11643,0500000US37001
4,21790,10343,11447,0500000US37001
5,15811,7028,8783,0500000US37001
6,8636,3552,5084,0500000US37001
7,3680,1231,2449,0500000US37001
0,37353,19008,18345,0500000US37003
1,8219,4196,4023,0500000US37003
2,10929,5961,4968,0500000US37003
3,5404,2786,2618,0500000US37003
4,5312,2666,2646,0500000US37003
5,4370,2102,2268,0500000US37003
6,2384,1046,1338,0500000US37003
7,735,251,484,0500000US37003
0,11161,5528,5633,0500000US37005
1,2119,1078,1041,0500000US37005
2,2682,1403,1279,0500000US37005
3,1454,733,721,0500000US37005
4,1883,914,969,0500000US37005
5,1738,842,896,0500000US37005
6,934,421,513,0500000US37005
7,351,137,214,0500000US37005
0,24877,12939,11938,0500000US37007
1,5402,2725,2677,0500000US37007
2,8167,4813,3354,0500000US37007
3,3286,1670,1616,0500000US37007
4,3428,1746,1682,0500000US37007
5,2714,1275,1439,0500000US37007
6,1368,544,824,0500000US37007
7,512,166,346,0500000US37007
0,27109,13300,13809,0500000US37009
1,5277,2634,2643,0500000US37009
2,6887,3576,3311,0500000US37009
3,3580,1780,1800,0500000US37009
4,4398,2138,2260,0500000US37009
5,4071,1985,2086,0500000US37009
6,2160,952,1208,0500000US37009
7,736,235,501,0500000US37009
0,17505,9527,7978,0500000US37011
1,3121,1553,1568,0500000US37011
2,5548,3398,2150,0500000US37011
3,2461,1495,966,0500000US37011
4,2484,1260,1224,0500000US37011
5,2263,1103,1160,0500000US37011
6,1196,562,634,0500000US37011
7,432,156,276,0500000US37011
0,47079,22487,24592,0500000US37013
1,10471,5320,5151,0500000US37013
2,12180,5884,6296,0500000US37013
3,5913,2839,3074,0500000US37013
4,7234,3387,3847,0500000US37013
5,6771,3173,3598,0500000US37013
6,3344,1508,1836,0500000US37013
7,1166,376,790,0500000US37013
0,19026,9599,9427,0500000US37015
1,3691,1956,1735,0500000US37015
2,5548,3185,2363,0500000US37015
3,2348,1141,1207,0500000US37015
4,3060,1463,1597,0500000US37015
5,2456,1106,1350,0500000US37015
6,1326,541,785,0500000US37015
7,597,207,390,0500000US37015
0,33190,15833,17357,0500000US37017
1,7487,3793,3694,0500000US37017
2,9141,4496,4645,0500000US37017
3,4251,1979,2272,0500000US37017
4,5064,2372,2692,0500000US37017
5,4385,2063,2322,0500000US37017
6,2122,882,1240,0500000US37017
7,740,248,492,0500000US37017
0,136744,65301,71443,0500000US37019
1,22916,11752,11164,0500000US37019
2,30561,14845,15716,0500000US37019
3,15363,7262,8101,0500000US37019
4,24834,10928,13906,0500000US37019
5,29116,13880,15236,0500000US37019
6,11036,5515,5521,0500000US37019
7,2918,1119,1799,0500000US37019
0,259103,124207,134896,0500000US37021
1,53351,27243,26108,0500000US37021
2,84880,41678,43202,0500000US37021
3,33191,16268,16923,0500000US37021
4,35853,16461,19392,0500000US37021
5,30714,14014,16700,0500000US37021
6,14733,6345,8388,0500000US37021
7,6381,2198,4183,0500000US37021
0,90382,45182,45200,0500000US37023
1,19576,10553,9023,0500000US37023
2,25969,13477,12492,0500000US37023
3,12978,6475,6503,0500000US37023
4,13565,6590,6975,0500000US37023
5,10411,4857,5554,0500000US37023
6,5768,2494,3274,0500000US37023
7,2115,736,1379,0500000US37023
0,211342,102992,108350,0500000US37025
1,59202,30415,28787,0500000US37025
2,68592,33376,35216,0500000US37025
3,30873,15190,15683,0500000US37025
4,24727,11889,12838,0500000US37025
5,16844,7777,9067,0500000US37025
6,8122,3342,4780,0500000US37025
7,2982,1003,1979,0500000US37025
0,82029,40637,41392,0500000US37027
1,18241,9420,8821,0500000US37027
2,23072,11710,11362,0500000US37027
3,12242,6205,6037,0500000US37027
4,12172,5964,6208,0500000US37027
5,9692,4574,5118,0500000US37027
6,5100,2255,2845,0500000US37027
7,1510,509,1001,0500000US37027
0,10710,5336,5374,0500000US37029
1,2665,1340,1325,0500000US37029
2,3127,1568,1559,0500000US37029
3,1576,793,783,0500000US37029
4,1592,814,778,0500000US37029
5,1019,503,516,0500000US37029
6,546,246,300,0500000US37029
7,185,72,113,0500000US37029
0,69524,34054,35470,0500000US37031
1,13447,7033,6414,0500000US37031
2,17794,9050,8744,0500000US37031
3,9231,4520,4711,0500000US37031
4,11689,5385,6304,0500000US37031
5,10540,5045,5495,0500000US37031
6,5027,2323,2704,0500000US37031
7,1796,698,1098,0500000US37031
0,22698,11525,11173,0500000US37033
1,4686,2393,2293,0500000US37033
2,6315,3550,2765,0500000US37033
3,3195,1660,1535,0500000US37033
4,3621,1761,1860,0500000US37033
5,2894,1372,1522,0500000US37033
6,1479,621,858,0500000US37033
7,508,168,340,0500000US37033
0,158652,77479,81173,0500000US37035
1,38932,19717,19215,0500000US37035
2,46783,23306,23477,0500000US37035
3,22474,11095,11379,0500000US37035
4,22126,10845,11281,0500000US37035
5,16903,7902,9001,0500000US37035
6,8470,3643,4827,0500000US37035
7,2964,971,1993,0500000US37035
0,73139,34953,38186,0500000US37037
1,16132,8016,8116,0500000US37037
2,18130,8893,9237,0500000US37037
3,10085,4965,5120,0500000US37037
4,10935,5192,5743,0500000US37037
5,10228,4652,5576,0500000US37037
6,5428,2368,3060,0500000US37037
7,2201,867,1334,0500000US37037
0,28383,13832,14551,0500000US37039
1,5245,2733,2512,0500000US37039
2,6542,3218,3324,0500000US37039
3,3533,1762,1771,0500000US37039
4,4666,2180,2486,0500000US37039
5,4984,2349,2635,0500000US37039
6,2627,1286,1341,0500000US37039
7,786,304,482,0500000US37039
0,14029,6677,7352,0500000US37041
1,3117,1581,1536,0500000US37041
2,3631,1818,1813,0500000US37041
3,1591,743,848,0500000US37041
4,2234,1049,1185,0500000US37041
5,1979,876,1103,0500000US37041
6,1052,472,580,0500000US37041
7,425,138,287,0500000US37041
0,11139,5435,5704,0500000US37043
1,2115,1115,1000,0500000US37043
2,2423,1241,1182,0500000US37043
3,1315,633,682,0500000US37043
4,1822,852,970,0500000US37043
5,2097,955,1142,0500000US37043
6,1052,529,523,0500000US37043
7,315,110,205,0500000US37043
0,97645,46924,50721,0500000US37045
1,24074,12214,11860,0500000US37045
2,28183,13692,14491,0500000US37045
3,13541,6521,7020,0500000US37045
4,13663,6590,7073,0500000US37045
5,10865,4966,5899,0500000US37045
6,5587,2329,3258,0500000US37045
7,1732,612,1120,0500000US37045
0,55655,27545,28110,0500000US37047
1,12862,6463,6399,0500000US37047
2,16780,9032,7748,0500000US37047
3,7165,3560,3605,0500000US37047
4,7657,3674,3983,0500000US37047
5,6574,3020,3554,0500000US37047
6,3476,1439,2037,0500000US37047
7,1141,357,784,0500000US37047
0,102912,52028,50884,0500000US37049
1,24785,12618,12167,0500000US37049
2,34881,19495,15386,0500000US37049
3,10598,5120,5478,0500000US37049
4,13048,6039,7009,0500000US37049
5,11336,5235,6101,0500000US37049
6,5938,2693,3245,0500000US37049
7,2326,828,1498,0500000US37049
0,332330,164493,167837,0500000US37051
1,92206,47282,44924,0500000US37051
2,129312,68129,61183,0500000US37051
3,35741,16406,19335,0500000US37051
4,35454,16005,19449,0500000US37051
5,23445,10543,12902,0500000US37051
6,11971,4755,7216,0500000US37051
7,4201,1373,2828,0500000US37051
0,27072,13404,13668,0500000US37053
1,6572,3319,3253,0500000US37053
2,7822,3878,3944,0500000US37053
3,3940,1958,1982,0500000US37053
4,4340,2164,2176,0500000US37053
5,2821,1366,1455,0500000US37053
6,1216,585,631,0500000US37053
7,361,134,227,0500000US37053
0,36501,17998,18503,0500000US37055
1,7533,3863,3670,0500000US37055
2,9662,4895,4767,0500000US37055
3,4996,2462,2534,0500000US37055
4,6491,3088,3403,0500000US37055
5,5113,2466,2647,0500000US37055
6,2025,957,1068,0500000US37055
7,681,267,414,0500000US37055
0,166614,81509,85105,0500000US37057
1,40188,20645,19543,0500000US37057
2,47618,23393,24225,0500000US37057
3,24538,12165,12373,0500000US37057
4,23893,11734,12159,0500000US37057
5,17825,8354,9471,0500000US37057
6,9353,4100,5253,0500000US37057
7,3199,1118,2081,0500000US37057
0,42733,20849,21884,0500000US37059
1,9923,5096,4827,0500000US37059
2,11135,5502,5633,0500000US37059
3,6310,3090,3220,0500000US37059
4,6321,3082,3239,0500000US37059
5,5088,2440,2648,0500000US37059
6,2768,1219,1549,0500000US37059
7,1188,420,768,0500000US37059
0,58856,28664,30192,0500000US37061
1,15307,7892,7415,0500000US37061
2,16900,8417,8483,0500000US37061
3,7426,3610,3816,0500000US37061
4,8217,3874,4343,0500000US37061
5,6368,3016,3352,0500000US37061
6,3253,1389,1864,0500000US37061
7,1385,466,919,0500000US37061
0,316739,151221,165518,0500000US37063
1,76121,38451,37670,0500000US37063
2,123613,60075,63538,0500000US37063
3,38634,18607,20027,0500000US37063
4,36901,16718,20183,0500000US37063
5,25710,11222,14488,0500000US37063
6,10877,4582,6295,0500000US37063
7,4883,1566,3317,0500000US37063
0,52005,24036,27969,0500000US37065
1,12836,6547,6289,0500000US37065
2,14780,6846,7934,0500000US37065
3,6269,2847,3422,0500000US37065
4,7867,3562,4305,0500000US37065
5,6122,2702,3420,0500000US37065
6,2928,1164,1764,0500000US37065
7,1203,368,835,0500000US37065
0,379099,179783,199316,0500000US37067
1,98673,49805,48868,0500000US37067
2,120597,57605,62992,0500000US37067
3,49737,23775,25962,0500000US37067
4,49475,22861,26614,0500000US37067
5,35528,15902,19626,0500000US37067
6,17545,7345,10200,0500000US37067
7,7544,2490,5054,0500000US37067
0,67560,33391,34169,0500000US37069
1,16484,8423,8061,0500000US37069
2,19940,10282,9658,0500000US37069
3,9779,4807,4972,0500000US37069
4,10005,4849,5156,0500000US37069
5,6939,3267,3672,0500000US37069
6,3247,1383,1864,0500000US37069
7,1166,380,786,0500000US37069
0,222846,107389,115457,0500000US37071
1,55401,28317,27084,0500000US37071
2,70021,34024,35997,0500000US37071
3,32326,15777,16549,0500000US37071
4,29311,14024,15287,0500000US37071
5,21399,9737,11662,0500000US37071
6,10474,4277,6197,0500000US37071
7,3914,1233,2681,0500000US37071
0,11573,5731,5842,0500000US37073
1,2583,1358,1225,0500000US37073
2,2977,1488,1489,0500000US37073
3,1700,841,859,0500000US37073
4,1973,974,999,0500000US37073
5,1370,642,728,0500000US37073
6,694,330,364,0500000US37073
7,276,98,178,0500000US37073
0,8484,4239,4245,0500000US37075
1,1881,1007,874,0500000US37075
2,2220,1122,1098,0500000US37075
3,1108,564,544,0500000US37075
4,1256,609,647,0500000US37075
5,1094,520,574,0500000US37075
6,679,327,352,0500000US37075
7,246,90,156,0500000US37075
0,60115,30635,29480,0500000US37077
1,13742,7220,6522,0500000US37077
2,17998,9578,8420,0500000US37077
3,9254,4764,4490,0500000US37077
4,8828,4457,4371,0500000US37077
5,6250,2961,3289,0500000US37077
6,2951,1311,1640,0500000US37077
7,1092,344,748,0500000US37077
0,21012,11481,9531,0500000US37079
1,4664,2407,2257,0500000US37079
2,7159,4511,2648,0500000US37079
3,2709,1558,1151,0500000US37079
4,2999,1480,1519,0500000US37079
5,2131,1053,1078,0500000US37079
6,955,363,592,0500000US37079
7,395,109,286,0500000US37079
0,533670,252687,280983,0500000US37081
1,138473,69268,69205,0500000US37081
2,177204,84002,93202,0500000US37081
3,70655,33652,37003,0500000US37081
4,66389,31301,35088,0500000US37081
5,47597,21380,26217,0500000US37081
6,23464,9737,13727,0500000US37081
7,9888,3347,6541,0500000US37081
0,50574,24282,26292,0500000US37083
1,11851,6035,5816,0500000US37083
2,14044,7110,6934,0500000US37083
3,6552,3146,3406,0500000US37083
4,7648,3563,4085,0500000US37083
5,6041,2738,3303,0500000US37083
6,3203,1310,1893,0500000US37083
7,1235,380,855,0500000US37083
0,134214,66478,67736,0500000US37085
1,38679,19707,18972,0500000US37085
2,47599,24107,23492,0500000US37085
3,16515,8319,8196,0500000US37085
4,14698,7128,7570,0500000US37085
5,10210,4645,5565,0500000US37085
6,4984,2082,2902,0500000US37085
7,1529,490,1039,0500000US37085
0,61971,29956,32015,0500000US37087
1,12380,6492,5888,0500000US37087
2,16675,8263,8412,0500000US37087
3,8199,3966,4233,0500000US37087
4,9469,4421,5048,0500000US37087
5,8726,4059,4667,0500000US37087
6,4806,2165,2641,0500000US37087
7,1716,590,1126,0500000US37087
0,116748,56031,60717,0500000US37089
1,24242,12348,11894,0500000US37089
2,30444,15015,15429,0500000US37089
3,14866,7362,7504,0500000US37089
4,17122,7923,9199,0500000US37089
5,16892,7636,9256,0500000US37089
6,9494,4305,5189,0500000US37089
7,3688,1442,2246,0500000US37089
0,23659,11623,12036,0500000US37091
1,5538,2861,2677,0500000US37091
2,7003,3724,3279,0500000US37091
3,2809,1409,1400,0500000US37091
4,3630,1690,1940,0500000US37091
5,2666,1217,1449,0500000US37091
6,1430,548,882,0500000US37091
7,583,174,409,0500000US37091
0,54764,27067,27697,0500000US37093
1,16160,8314,7846,0500000US37093
2,20660,10357,10303,0500000US37093
3,6441,3150,3291,0500000US37093
4,5995,2793,3202,0500000US37093
5,3606,1669,1937,0500000US37093
6,1457,636,821,0500000US37093
7,445,148,297,0500000US37093
0,5230,2862,2368,0500000US37095
1,955,479,476,0500000US37095
2,1676,1116,560,0500000US37095
3,678,357,321,0500000US37095
4,840,414,426,0500000US37095
5,638,325,313,0500000US37095
6,331,139,192,0500000US37095
7,112,32,80,0500000US37095
0,178435,87826,90609,0500000US37097
1,45106,23123,21983,0500000US37097
2,53843,26947,26896,0500000US37097
3,26795,13185,13610,0500000US37097
4,24388,11906,12482,0500000US37097
5,17190,8083,9107,0500000US37097
6,8486,3707,4779,0500000US37097
7,2627,875,1752,0500000US37097
0,43327,21253,22074,0500000US37099
1,10033,5013,5020,0500000US37099
2,14407,7265,7142,0500000US37099
3,4733,2392,2341,0500000US37099
4,5627,2663,2964,0500000US37099
5,5219,2463,2756,0500000US37099
6,2508,1162,1346,0500000US37099
7,800,295,505,0500000US37099
0,202675,99289,103386,0500000US37101
1,56383,28858,27525,0500000US37101
2,64158,31652,32506,0500000US37101
3,30583,15110,15473,0500000US37101
4,24562,11901,12661,0500000US37101
5,17200,7840,9360,0500000US37101
6,7487,3194,4293,0500000US37101
7,2302,734,1568,0500000US37101
0,9637,4721,4916,0500000US37103
1,1976,1029,947,0500000US37103
2,2547,1314,1233,0500000US37103
3,1256,609,647,0500000US37103
4,1680,801,879,0500000US37103
5,1292,606,686,0500000US37103
6,637,285,352,0500000US37103
7,249,77,172,0500000US37103
0,61452,30064,31388,0500000US37105
1,16192,8351,7841,0500000US37105
2,18811,9415,9396,0500000US37105
3,8221,4007,4214,0500000US37105
4,8110,3886,4224,0500000US37105
5,5918,2775,3143,0500000US37105
6,2904,1195,1709,0500000US37105
7,1296,435,861,0500000US37105
0,55976,26660,29316,0500000US37107
1,13827,7094,6733,0500000US37107
2,15607,7590,8017,0500000US37107
3,6991,3325,3666,0500000US37107
4,8463,3976,4487,0500000US37107
5,6387,2837,3550,0500000US37107
6,3409,1391,2018,0500000US37107
7,1292,447,845,0500000US37107
0,83770,41594,42176,0500000US37109
1,19364,10005,9359,0500000US37109
2,23862,12013,11849,0500000US37109
3,13035,6599,6436,0500000US37109
4,12707,6218,6489,0500000US37109
5,9146,4366,4780,0500000US37109
6,4351,1953,2398,0500000US37109
7,1305,440,865,0500000US37109
0,45507,22711,22796,0500000US37111
1,10080,5328,4752,0500000US37111
2,13044,6755,6289,0500000US37111
3,6331,3211,3120,0500000US37111
4,6735,3226,3509,0500000US37111
5,5471,2617,2854,0500000US37111
6,2826,1251,1575,0500000US37111
7,1020,323,697,0500000US37111
0,35285,17116,18169,0500000US37113
1,7285,3768,3517,0500000US37113
2,8464,4240,4224,0500000US37113
3,4074,2021,2053,0500000US37113
4,5406,2560,2846,0500000US37113
5,5705,2627,3078,0500000US37113
6,3259,1485,1774,0500000US37113
7,1092,415,677,0500000US37113
0,21763,10726,11037,0500000US37115
1,4648,2417,2231,0500000US37115
2,6287,3178,3109,0500000US37115
3,2791,1409,1382,0500000US37115
4,3177,1511,1666,0500000US37115
5,2925,1410,1515,0500000US37115
6,1396,628,768,0500000US37115
7,539,173,366,0500000US37115
0,22671,10657,12014,0500000US37117
1,5057,2508,2549,0500000US37117
2,5775,2763,3012,0500000US37117
3,2972,1409,1563,0500000US37117
4,3621,1719,1902,0500000US37117
5,3077,1403,1674,0500000US37117
6,1623,672,951,0500000US37117
7,546,183,363,0500000US37117
0,1093901,526014,567887,0500000US37119
1,285329,144002,141327,0500000US37119
2,417791,203247,214544,0500000US37119
3,147558,70743,76815,0500000US37119
4,120674,56704,63970,0500000US37119
5,75417,33255,42162,0500000US37119
6,32998,13450,19548,0500000US37119
7,14134,4613,9521,0500000US37119
0,15000,7393,7607,0500000US37121
1,3016,1548,1468,0500000US37121
2,3918,2004,1914,0500000US37121
3,1999,1014,985,0500000US37121
4,2326,1103,1223,0500000US37121
5,2116,1035,1081,0500000US37121
6,1218,574,644,0500000US37121
7,407,115,292,0500000US37121
0,27271,13316,13955,0500000US37123
1,6627,3347,3280,0500000US37123
2,7556,3746,3810,0500000US37123
3,3520,1708,1812,0500000US37123
4,3971,1943,2028,0500000US37123
5,3360,1638,1722,0500000US37123
6,1643,740,903,0500000US37123
7,594,194,400,0500000US37123
0,98682,47539,51143,0500000US37125
1,22882,11648,11234,0500000US37125
2,27386,13591,13795,0500000US37125
3,11510,5604,5906,0500000US37125
4,13276,6170,7106,0500000US37125
5,12500,5660,6840,0500000US37125
6,7715,3545,4170,0500000US37125
7,3413,1321,2092,0500000US37125
0,94016,45066,48950,0500000US37127
1,23003,11771,11232,0500000US37127
2,27605,13435,14170,0500000US37127
3,12576,6066,6510,0500000US37127
4,13406,6334,7072,0500000US37127
5,10584,4846,5738,0500000US37127
6,5011,2041,2970,0500000US37127
7,1831,573,1258,0500000US37127
0,232274,110744,121530,0500000US37129
1,50932,25439,25493,0500000US37129
2,81278,39733,41545,0500000US37129
3,28894,14102,14792,0500000US37129
4,29959,13539,16420,0500000US37129
5,24998,11217,13781,0500000US37129
6,11554,5113,6441,0500000US37129
7,4659,1601,3058,0500000US37129
0,19676,9597,10079,0500000US37131
1,3768,1991,1777,0500000US37131
2,4975,2629,2346,0500000US37131
3,2408,1190,1218,0500000US37131
4,3435,1605,1830,0500000US37131
5,2899,1324,1575,0500000US37131
6,1531,662,869,0500000US37131
7,660,196,464,0500000US37131
0,197683,109144,88539,0500000US37133
1,57019,31092,25927,0500000US37133
2,90867,55136,35731,0500000US37133
3,15648,7397,8251,0500000US37133
4,15883,7371,8512,0500000US37133
5,10783,5047,5736,0500000US37133
6,5583,2389,3194,0500000US37133
7,1900,712,1188,0500000US37133
0,146027,69739,76288,0500000US37135
1,36381,18185,18196,0500000US37135
2,52979,25164,27815,0500000US37135
3,18586,9021,9565,0500000US37135
4,17642,8308,9334,0500000US37135
5,12980,6046,6934,0500000US37135
6,5420,2317,3103,0500000US37135
7,2039,698,1341,0500000US37135
0,12670,6412,6258,0500000US37137
1,2090,1072,1018,0500000US37137
2,3069,1718,1351,0500000US37137
3,1446,761,685,0500000US37137
4,2286,1086,1200,0500000US37137
5,2212,1044,1168,0500000US37137
6,1151,559,592,0500000US37137
7,416,172,244,0500000US37137
0,39639,19393,20246,0500000US37139
1,9891,5063,4828,0500000US37139
2,12787,6552,6235,0500000US37139
3,4801,2325,2476,0500000US37139
4,5470,2573,2897,0500000US37139
5,3988,1800,2188,0500000US37139
6,1921,800,1121,0500000US37139
7,781,280,501,0500000US37139
0,62162,31012,31150,0500000US37141
1,15049,7719,7330,0500000US37141
2,17797,9126,8671,0500000US37141
3,8805,4418,4387,0500000US37141
4,9321,4574,4747,0500000US37141
5,6953,3330,3623,0500000US37141
6,3203,1467,1736,0500000US37141
7,1034,378,656,0500000US37141
0,13422,6452,6970,0500000US37143
1,2706,1360,1346,0500000US37143
2,3232,1595,1637,0500000US37143
3,1644,783,861,0500000US37143
4,2237,1078,1159,0500000US37143
5,2048,946,1102,0500000US37143
6,1187,544,643,0500000US37143
7,368,146,222,0500000US37143
0,39507,19115,20392,0500000US37145
1,9091,4671,4420,0500000US37145
2,10947,5440,5507,0500000US37145
3,5516,2660,2856,0500000US37145
4,6228,2992,3236,0500000US37145
5,4587,2124,2463,0500000US37145
6,2313,977,1336,0500000US37145
7,825,251,574,0500000US37145
0,179914,84481,95433,0500000US37147
1,46975,23549,23426,0500000US37147
2,68951,32302,36649,0500000US37147
3,19983,9327,10656,0500000US37147
4,20216,9115,11101,0500000US37147
5,14480,6643,7837,0500000US37147
6,6673,2788,3885,0500000US37147
7,2636,757,1879,0500000US37147
0,20611,9889,10722,0500000US37149
1,3692,1900,1792,0500000US37149
2,4423,2257,2166,0500000US37149
3,2606,1263,1343,0500000US37149
4,3482,1612,1870,0500000US37149
5,3373,1557,1816,0500000US37149
6,2101,965,1136,0500000US37149
7,934,335,599,0500000US37149
0,143351,70703,72648,0500000US37151
1,35529,18219,17310,0500000US37151
2,41549,20739,20810,0500000US37151
3,20687,10407,10280,0500000US37151
4,20146,9956,10190,0500000US37151
5,15138,7104,8034,0500000US37151
6,7634,3367,4267,0500000US37151
7,2668,911,1757,0500000US37151
0,44887,21990,22897,0500000US37153
1,11304,5869,5435,0500000US37153
2,13609,6825,6784,0500000US37153
3,5867,2892,2975,0500000US37153
4,6051,2916,3135,0500000US37153
5,4792,2199,2593,0500000US37153
6,2451,1005,1446,0500000US37153
7,813,284,529,0500000US37153
0,131831,63581,68250,0500000US37155
1,37206,18850,18356,0500000US37155
2,41252,20178,21074,0500000US37155
3,16327,7913,8414,0500000US37155
4,16981,7919,9062,0500000US37155
5,12410,5745,6665,0500000US37155
6,5724,2364,3360,0500000US37155
7,1931,612,1319,0500000US37155
0,90690,43698,46992,0500000US37157
1,20291,10349,9942,0500000US37157
2,24718,12102,12616,0500000US37157
3,12890,6247,6643,0500000US37157
4,14239,6871,7368,0500000US37157
5,10739,5034,5705,0500000US37157
6,5704,2409,3295,0500000US37157
7,2109,686,1423,0500000US37157
0,141262,69730,71532,0500000US37159
1,34803,18014,16789,0500000US37159
2,42689,21458,21231,0500000US37159
3,19196,9529,9667,0500000US37159
4,19744,9698,10046,0500000US37159
5,14504,6858,7646,0500000US37159
6,7450,3219,4231,0500000US37159
7,2876,954,1922,0500000US37159
0,66826,32232,34594,0500000US37161
1,15172,7731,7441,0500000US37161
2,17878,8774,9104,0500000US37161
3,9323,4540,4783,0500000US37161
4,10032,4805,5227,0500000US37161
5,8474,4013,4461,0500000US37161
6,4395,1879,2516,0500000US37161
7,1552,490,1062,0500000US37161
0,63626,31415,32211,0500000US37163
1,17121,8870,8251,0500000US37163
2,18485,9382,9103,0500000US37163
3,8352,4229,4123,0500000US37163
4,8332,4085,4247,0500000US37163
5,6583,3021,3562,0500000US37163
6,3443,1400,2043,0500000US37163
7,1310,428,882,0500000US37163
0,34810,17282,17528,0500000US37165
1,8810,4588,4222,0500000US37165
2,10691,5614,5077,0500000US37165
3,4345,2206,2139,0500000US37165
4,4595,2178,2417,0500000US37165
5,3816,1747,2069,0500000US37165
6,1815,730,1085,0500000US37165
7,738,219,519,0500000US37165
0,62075,30979,31096,0500000US37167
1,14830,7646,7184,0500000US37167
2,18456,9576,8880,0500000US37167
3,8559,4333,4226,0500000US37167
4,8497,4182,4315,0500000US37167
5,6866,3239,3627,0500000US37167
6,3629,1611,2018,0500000US37167
7,1238,392,846,0500000US37167
0,45467,22364,23103,0500000US37169
1,9420,4900,4520,0500000US37169
2,12067,6070,5997,0500000US37169
3,6890,3414,3476,0500000US37169
4,7422,3624,3798,0500000US37169
5,5541,2665,2876,0500000US37169
6,3037,1313,1724,0500000US37169
7,1090,378,712,0500000US37169
0,71948,35001,36947,0500000US37171
1,16794,8542,8252,0500000US37171
2,19889,9968,9921,0500000US37171
3,10269,5065,5204,0500000US37171
4,10252,4975,5277,0500000US37171
5,8420,3967,4453,0500000US37171
6,4546,1899,2647,0500000US37171
7,1778,585,1193,0500000US37171
0,14245,6864,7381,0500000US37173
1,3451,1759,1692,0500000US37173
2,4316,2112,2204,0500000US37173
3,1795,866,929,0500000US37173
4,1954,919,1035,0500000US37173
5,1601,731,870,0500000US37173
6,843,370,473,0500000US37173
7,285,107,178,0500000US37173
0,34215,16539,17676,0500000US37175
1,6131,3177,2954,0500000US37175
2,8413,4257,4156,0500000US37175
3,3809,1810,1999,0500000US37175
4,5417,2516,2901,0500000US37175
5,5621,2626,2995,0500000US37175
6,3493,1632,1861,0500000US37175
7,1331,521,810,0500000US37175
0,4131,2291,1840,0500000US37177
1,851,435,416,0500000US37177
2,1389,941,448,0500000US37177
3,511,278,233,0500000US37177
4,581,281,300,0500000US37177
5,418,206,212,0500000US37177
6,276,118,158,0500000US37177
7,105,32,73,0500000US37177
0,235908,115992,119916,0500000US37179
1,70639,35995,34644,0500000US37179
2,68809,33514,35295,0500000US37179
3,38418,19236,19182,0500000US37179
4,28114,14022,14092,0500000US37179
5,18510,8529,9981,0500000US37179
6,8722,3839,4883,0500000US37179
7,2696,857,1839,0500000US37179
0,44582,20839,23743,0500000US37181
1,11635,5891,5744,0500000US37181
2,12810,6037,6773,0500000US37181
3,5756,2688,3068,0500000US37181
4,6137,2778,3359,0500000US37181
5,4883,2190,2693,0500000US37181
6,2411,1008,1403,0500000US37181
7,950,247,703,0500000US37181
0,1092305,531546,560759,0500000US37183
1,292009,148261,143748,0500000US37183
2,393163,192622,200541,0500000US37183
3,155887,76456,79431,0500000US37183
4,124360,59336,65024,0500000US37183
5,78944,35506,43438,0500000US37183
6,34356,14755,19601,0500000US37183
7,13586,4610,8976,0500000US37183
0,19807,9775,10032,0500000US37185
1,4000,1979,2021,0500000US37185
2,5158,2785,2373,0500000US37185
3,2321,1185,1136,0500000US37185
4,3296,1588,1708,0500000US37185
5,2924,1348,1576,0500000US37185
6,1475,682,793,0500000US37185
7,633,208,425,0500000US37185
0,11859,5630,6229,0500000US37187
1,2611,1322,1289,0500000US37187
2,2976,1489,1487,0500000US37187
3,1446,618,828,0500000US37187
4,1937,926,1011,0500000US37187
5,1669,786,883,0500000US37187
6,868,383,485,0500000US37187
7,352,106,246,0500000US37187
0,55945,27936,28009,0500000US37189
1,11915,5826,6089,0500000US37189
2,22710,11887,10823,0500000US37189
3,5718,2891,2827,0500000US37189
4,6749,3196,3553,0500000US37189
5,5440,2627,2813,0500000US37189
6,2515,1197,1318,0500000US37189
7,898,312,586,0500000US37189
0,123248,59930,63318,0500000US37191
1,32315,16513,15802,0500000US37191
2,39472,19988,19484,0500000US37191
3,15041,7198,7843,0500000US37191
4,16154,7618,8536,0500000US37191
5,11897,5376,6521,0500000US37191
6,6158,2509,3649,0500000US37191
7,2211,728,1483,0500000US37191
0,68557,33729,34828,0500000US37193
1,15502,7904,7598,0500000US37193
2,18653,9453,9200,0500000US37193
3,9425,4780,4645,0500000US37193
4,10200,5007,5193,0500000US37193
5,8490,3975,4515,0500000US37193
6,4626,2031,2595,0500000US37193
7,1661,579,1082,0500000US37193
0,81455,38539,42916,0500000US37195
1,20746,10549,10197,0500000US37195
2,23963,11433,12530,0500000US37195
3,10511,4973,5538,0500000US37195
4,11354,5296,6058,0500000US37195
5,8736,3932,4804,0500000US37195
6,4432,1826,2606,0500000US37195
7,1713,530,1183,0500000US37195
0,37543,18479,19064,0500000US37197
1,8609,4470,4139,0500000US37197
2,10249,5155,5094,0500000US37197
3,5610,2784,2826,0500000US37197
4,5509,2726,2783,0500000US37197
5,4255,1997,2258,0500000US37197
6,2430,1050,1380,0500000US37197
7,881,297,584,0500000US37197
0,17903,8800,9103,0500000US37199
1,3610,1919,1691,0500000US37199
2,4639,2345,2294,0500000US37199
3,2384,1201,1183,0500000US37199
4,2663,1247,1416,0500000US37199
5,2625,1229,1396,0500000US37199
6,1501,687,814,0500000US37199
7,481,172,309,0500000US37199
0,2294,1135,1159,0500000US38001
1,479,245,234,0500000US38001
2,559,291,268,0500000US38001
3,236,115,121,0500000US38001
4,381,184,197,0500000US38001
5,312,160,152,0500000US38001
6,204,99,105,0500000US38001
7,123,41,82,0500000US38001
0,10542,5315,5227,0500000US38003
1,2444,1264,1180,0500000US38003
2,2914,1559,1355,0500000US38003
3,1197,604,593,0500000US38003
4,1586,799,787,0500000US38003
5,1264,640,624,0500000US38003
6,728,318,410,0500000US38003
7,409,131,278,0500000US38003
0,6962,3555,3407,0500000US38005
1,2637,1370,1267,0500000US38005
2,1845,938,907,0500000US38005
3,670,341,329,0500000US38005
4,842,418,424,0500000US38005
5,585,286,299,0500000US38005
6,284,149,135,0500000US38005
7,99,53,46,0500000US38005
0,919,501,418,0500000US38007
1,197,98,99,0500000US38007
2,273,162,111,0500000US38007
3,109,54,55,0500000US38007
4,134,70,64,0500000US38007
5,113,68,45,0500000US38007
6,60,32,28,0500000US38007
7,33,17,16,0500000US38007
0,6411,3313,3098,0500000US38009
1,1535,795,740,0500000US38009
2,1648,898,750,0500000US38009
3,677,347,330,0500000US38009
4,1022,541,481,0500000US38009
5,892,455,437,0500000US38009
6,428,189,239,0500000US38009
7,209,88,121,0500000US38009
0,3076,1548,1528,0500000US38011
1,805,419,386,0500000US38011
2,827,427,400,0500000US38011
3,294,156,138,0500000US38011
4,491,234,257,0500000US38011
5,332,168,164,0500000US38011
6,210,101,109,0500000US38011
7,117,43,74,0500000US38011
0,2100,1095,1005,0500000US38013
1,566,288,278,0500000US38013
2,557,304,253,0500000US38013
3,208,112,96,0500000US38013
4,333,183,150,0500000US38013
5,267,139,128,0500000US38013
6,111,52,59,0500000US38013
7,58,17,41,0500000US38013
0,95273,47746,47527,0500000US38015
1,24694,12595,12099,0500000US38015
2,32187,16953,15234,0500000US38015
3,10707,5513,5194,0500000US38015
4,12370,5922,6448,0500000US38015
5,8541,4078,4463,0500000US38015
6,4320,1855,2465,0500000US38015
7,2454,830,1624,0500000US38015
0,181516,91810,89706,0500000US38017
1,46637,23910,22727,0500000US38017
2,75477,39292,36185,0500000US38017
3,18771,9705,9066,0500000US38017
4,18837,9132,9705,0500000US38017
5,12651,6180,6471,0500000US38017
6,5791,2481,3310,0500000US38017
7,3352,1110,2242,0500000US38017
0,3829,1958,1871,0500000US38019
1,917,483,434,0500000US38019
2,887,464,423,0500000US38019
3,407,207,200,0500000US38019
4,586,322,264,0500000US38019
5,517,267,250,0500000US38019
6,335,149,186,0500000US38019
7,180,66,114,0500000US38019
0,4903,2435,2468,0500000US38021
1,1353,697,656,0500000US38021
2,1312,669,643,0500000US38021
3,531,263,268,0500000US38021
4,705,358,347,0500000US38021
5,487,251,236,0500000US38021
6,327,136,191,0500000US38021
7,188,61,127,0500000US38021
0,2283,1194,1089,0500000US38023
1,542,299,243,0500000US38023
2,531,291,240,0500000US38023
3,248,117,131,0500000US38023
4,385,197,188,0500000US38023
5,306,175,131,0500000US38023
6,165,82,83,0500000US38023
7,106,33,73,0500000US38023
0,4332,2306,2026,0500000US38025
1,1111,564,547,0500000US38025
2,1337,752,585,0500000US38025
3,475,257,218,0500000US38025
4,719,388,331,0500000US38025
5,375,195,180,0500000US38025
6,228,115,113,0500000US38025
7,87,35,52,0500000US38025
0,2313,1148,1165,0500000US38027
1,594,310,284,0500000US38027
2,565,290,275,0500000US38027
3,241,117,124,0500000US38027
4,381,201,180,0500000US38027
5,272,138,134,0500000US38027
6,156,67,89,0500000US38027
7,104,25,79,0500000US38027
0,3295,1672,1623,0500000US38029
1,708,356,352,0500000US38029
2,740,389,351,0500000US38029
3,375,183,192,0500000US38029
4,553,305,248,0500000US38029
5,446,226,220,0500000US38029
6,305,144,161,0500000US38029
7,168,69,99,0500000US38029
0,3216,1594,1622,0500000US38031
1,744,342,402,0500000US38031
2,848,467,381,0500000US38031
3,366,177,189,0500000US38031
4,534,284,250,0500000US38031
5,358,174,184,0500000US38031
6,212,96,116,0500000US38031
7,154,54,100,0500000US38031
0,1769,880,889,0500000US38033
1,420,216,204,0500000US38033
2,459,245,214,0500000US38033
3,181,89,92,0500000US38033
4,277,142,135,0500000US38033
5,229,113,116,0500000US38033
6,117,47,70,0500000US38033
7,86,28,58,0500000US38033
0,70770,36545,34225,0500000US38035
1,18071,9274,8797,0500000US38035
2,29890,16326,13564,0500000US38035
3,6207,3105,3102,0500000US38035
4,7625,3798,3827,0500000US38035
5,5180,2529,2651,0500000US38035
6,2502,1096,1406,0500000US38035
7,1295,417,878,0500000US38035
0,2374,1185,1189,0500000US38037
1,523,240,283,0500000US38037
2,521,272,249,0500000US38037
3,248,129,119,0500000US38037
4,372,191,181,0500000US38037
5,380,199,181,0500000US38037
6,223,105,118,0500000US38037
7,107,49,58,0500000US38037
0,2232,1149,1083,0500000US38039
1,494,255,239,0500000US38039
2,483,253,230,0500000US38039
3,226,123,103,0500000US38039
4,355,181,174,0500000US38039
5,367,214,153,0500000US38039
6,189,90,99,0500000US38039
7,118,33,85,0500000US38039
0,2514,1218,1296,0500000US38041
1,660,325,335,0500000US38041
2,664,293,371,0500000US38041
3,263,138,125,0500000US38041
4,363,186,177,0500000US38041
5,266,137,129,0500000US38041
6,195,95,100,0500000US38041
7,103,44,59,0500000US38041
0,2450,1268,1182,0500000US38043
1,560,287,273,0500000US38043
2,597,326,271,0500000US38043
3,270,135,135,0500000US38043
4,423,222,201,0500000US38043
5,312,171,141,0500000US38043
6,205,99,106,0500000US38043
7,83,28,55,0500000US38043
0,4062,2096,1966,0500000US38045
1,939,511,428,0500000US38045
2,913,470,443,0500000US38045
3,418,218,200,0500000US38045
4,694,364,330,0500000US38045
5,530,289,241,0500000US38045
6,346,157,189,0500000US38045
7,222,87,135,0500000US38045
0,1903,983,920,0500000US38047
1,474,253,221,0500000US38047
2,432,228,204,0500000US38047
3,204,109,95,0500000US38047
4,299,163,136,0500000US38047
5,228,109,119,0500000US38047
6,179,86,93,0500000US38047
7,87,35,52,0500000US38047
0,5816,3012,2804,0500000US38049
1,1512,799,713,0500000US38049
2,1514,811,703,0500000US38049
3,720,384,336,0500000US38049
4,883,452,431,0500000US38049
5,645,333,312,0500000US38049
6,359,174,185,0500000US38049
7,183,59,124,0500000US38049
0,2585,1261,1324,0500000US38051
1,518,272,246,0500000US38051
2,559,267,292,0500000US38051
3,266,147,119,0500000US38051
4,449,242,207,0500000US38051
5,314,152,162,0500000US38051
6,284,126,158,0500000US38051
7,195,55,140,0500000US38051
0,13632,7277,6355,0500000US38053
1,4567,2388,2179,0500000US38053
2,4897,2701,2196,0500000US38053
3,1445,771,674,0500000US38053
4,1475,807,668,0500000US38053
5,759,391,368,0500000US38053
6,333,160,173,0500000US38053
7,156,59,97,0500000US38053
0,9541,4867,4674,0500000US38055
1,2234,1123,1111,0500000US38055
2,2444,1283,1161,0500000US38055
3,1032,542,490,0500000US38055
4,1583,792,791,0500000US38055
5,1335,694,641,0500000US38055
6,654,337,317,0500000US38055
7,259,96,163,0500000US38055
0,8267,4269,3998,0500000US38057
1,2046,1056,990,0500000US38057
2,2211,1195,1016,0500000US38057
3,933,483,450,0500000US38057
4,1485,792,693,0500000US38057
5,883,448,435,0500000US38057
6,474,216,258,0500000US38057
7,235,79,156,0500000US38057
0,31095,15731,15364,0500000US38059
1,7728,3919,3809,0500000US38059
2,10484,5572,4912,0500000US38059
3,3515,1801,1714,0500000US38059
4,4165,2086,2079,0500000US38059
5,2842,1433,1409,0500000US38059
6,1481,654,827,0500000US38059
7,880,266,614,0500000US38059
0,10218,5482,4736,0500000US38061
1,2968,1514,1454,0500000US38061
2,3630,2112,1518,0500000US38061
3,1141,570,571,0500000US38061
4,1286,701,585,0500000US38061
5,750,384,366,0500000US38061
6,308,142,166,0500000US38061
7,135,59,76,0500000US38061
0,2869,1472,1397,0500000US38063
1,601,297,304,0500000US38063
2,654,371,283,0500000US38063
3,297,139,158,0500000US38063
4,545,284,261,0500000US38063
5,400,218,182,0500000US38063
6,244,115,129,0500000US38063
7,128,48,80,0500000US38063
0,1952,1020,932,0500000US38065
1,529,265,264,0500000US38065
2,456,249,207,0500000US38065
3,223,126,97,0500000US38065
4,311,155,156,0500000US38065
5,282,148,134,0500000US38065
6,98,55,43,0500000US38065
7,53,22,31,0500000US38065
0,6947,3669,3278,0500000US38067
1,1563,821,742,0500000US38067
2,1888,1078,810,0500000US38067
3,713,353,360,0500000US38067
4,1176,602,574,0500000US38067
5,866,493,373,0500000US38067
6,448,206,242,0500000US38067
7,293,116,177,0500000US38067
0,4081,2089,1992,0500000US38069
1,988,500,488,0500000US38069
2,1071,597,474,0500000US38069
3,448,245,203,0500000US38069
4,612,317,295,0500000US38069
5,466,241,225,0500000US38069
6,287,125,162,0500000US38069
7,209,64,145,0500000US38069
0,11481,5783,5698,0500000US38071
1,3001,1516,1485,0500000US38071
2,3210,1677,1533,0500000US38071
3,1289,640,649,0500000US38071
4,1699,865,834,0500000US38071
5,1215,623,592,0500000US38071
6,691,326,365,0500000US38071
7,376,136,240,0500000US38071
0,5237,2723,2514,0500000US38073
1,1301,705,596,0500000US38073
2,1377,730,647,0500000US38073
3,668,348,320,0500000US38073
4,810,402,408,0500000US38073
5,543,310,233,0500000US38073
6,308,141,167,0500000US38073
7,230,87,143,0500000US38073
0,2374,1241,1133,0500000US38075
1,584,306,278,0500000US38075
2,611,337,274,0500000US38075
3,304,155,149,0500000US38075
4,393,206,187,0500000US38075
5,252,136,116,0500000US38075
6,148,71,77,0500000US38075
7,82,30,52,0500000US38075
0,16239,8369,7870,0500000US38077
1,4287,2217,2070,0500000US38077
2,5004,2680,2324,0500000US38077
3,1660,832,828,0500000US38077
4,2384,1240,1144,0500000US38077
5,1526,804,722,0500000US38077
6,853,396,457,0500000US38077
7,525,200,325,0500000US38077
0,14301,7121,7180,0500000US38079
1,5228,2701,2527,0500000US38079
2,4153,2062,2091,0500000US38079
3,1521,729,792,0500000US38079
4,1728,863,865,0500000US38079
5,1034,496,538,0500000US38079
6,468,210,258,0500000US38079
7,169,60,109,0500000US38079
0,3870,2080,1790,0500000US38081
1,872,462,410,0500000US38081
2,1069,618,451,0500000US38081
3,476,244,232,0500000US38081
4,581,336,245,0500000US38081
5,505,260,245,0500000US38081
6,247,116,131,0500000US38081
7,120,44,76,0500000US38081
0,1349,677,672,0500000US38083
1,274,143,131,0500000US38083
2,257,136,121,0500000US38083
3,161,76,85,0500000US38083
4,220,121,99,0500000US38083
5,191,92,99,0500000US38083
6,157,71,86,0500000US38083
7,89,38,51,0500000US38083
0,4358,2173,2185,0500000US38085
1,1717,851,866,0500000US38085
2,1356,681,675,0500000US38085
3,499,251,248,0500000US38085
4,433,219,214,0500000US38085
5,204,92,112,0500000US38085
6,114,60,54,0500000US38085
7,35,19,16,0500000US38085
0,763,399,364,0500000US38087
1,172,87,85,0500000US38087
2,178,101,77,0500000US38087
3,80,45,35,0500000US38087
4,158,82,76,0500000US38087
5,102,52,50,0500000US38087
6,45,21,24,0500000US38087
7,28,11,17,0500000US38087
0,30997,16051,14946,0500000US38089
1,8941,4599,4342,0500000US38089
2,10970,5967,5003,0500000US38089
3,3203,1678,1525,0500000US38089
4,3679,1910,1769,0500000US38089
5,2143,1099,1044,0500000US38089
6,1221,522,699,0500000US38089
7,840,276,564,0500000US38089
0,1903,995,908,0500000US38091
1,446,229,217,0500000US38091
2,470,243,227,0500000US38091
3,207,110,97,0500000US38091
4,321,179,142,0500000US38091
5,262,139,123,0500000US38091
6,150,74,76,0500000US38091
7,47,21,26,0500000US38091
0,20917,10758,10159,0500000US38093
1,4796,2395,2401,0500000US38093
2,6616,3697,2919,0500000US38093
3,2393,1267,1126,0500000US38093
4,3119,1593,1526,0500000US38093
5,2180,1069,1111,0500000US38093
6,1129,508,621,0500000US38093
7,684,229,455,0500000US38093
0,2192,1107,1085,0500000US38095
1,494,249,245,0500000US38095
2,467,246,221,0500000US38095
3,279,141,138,0500000US38095
4,402,222,180,0500000US38095
5,273,133,140,0500000US38095
6,186,93,93,0500000US38095
7,91,23,68,0500000US38095
0,8037,4079,3958,0500000US38097
1,2077,1073,1004,0500000US38097
2,2256,1185,1071,0500000US38097
3,961,492,469,0500000US38097
4,1168,609,559,0500000US38097
5,785,407,378,0500000US38097
6,482,222,260,0500000US38097
7,308,91,217,0500000US38097
0,10667,5460,5207,0500000US38099
1,2652,1419,1233,0500000US38099
2,2794,1445,1349,0500000US38099
3,1269,657,612,0500000US38099
4,1690,899,791,0500000US38099
5,1159,594,565,0500000US38099
6,723,313,410,0500000US38099
7,380,133,247,0500000US38099
0,67744,35487,32257,0500000US38101
1,17857,9241,8616,0500000US38101
2,27321,15292,12029,0500000US38101
3,6603,3358,3245,0500000US38101
4,7323,3644,3679,0500000US38101
5,4659,2317,2342,0500000US38101
6,2595,1115,1480,0500000US38101
7,1386,520,866,0500000US38101
0,3957,2006,1951,0500000US38103
1,900,473,427,0500000US38103
2,851,460,391,0500000US38103
3,453,226,227,0500000US38103
4,654,329,325,0500000US38103
5,522,255,267,0500000US38103
6,369,178,191,0500000US38103
7,208,85,123,0500000US38103
0,35350,19043,16307,0500000US38105
1,10874,5560,5314,0500000US38105
2,13547,7756,5791,0500000US38105
3,3717,2013,1704,0500000US38105
4,3824,2135,1689,0500000US38105
5,1915,1007,908,0500000US38105
6,943,396,547,0500000US38105
7,530,176,354,0500000US38105
0,27724,13750,13974,0500000US39001
1,7223,3730,3493,0500000US39001
2,7724,3797,3927,0500000US39001
3,3727,1858,1869,0500000US39001
4,4079,2019,2060,0500000US39001
5,2911,1476,1435,0500000US39001
6,1573,697,876,0500000US39001
7,487,173,314,0500000US39001
0,102663,51787,50876,0500000US39003
1,26746,13954,12792,0500000US39003
2,31537,16603,14934,0500000US39003
3,12239,6256,5983,0500000US39003
4,14024,6925,7099,0500000US39003
5,10266,4964,5302,0500000US39003
6,5287,2258,3029,0500000US39003
7,2564,827,1737,0500000US39003
0,53745,26466,27279,0500000US39005
1,13990,7115,6875,0500000US39005
2,15751,7968,7783,0500000US39005
3,6519,3206,3313,0500000US39005
4,7429,3592,3837,0500000US39005
5,5596,2711,2885,0500000US39005
6,3152,1422,1730,0500000US39005
7,1308,452,856,0500000US39005
0,97493,49141,48352,0500000US39007
1,23578,12238,11340,0500000US39007
2,27557,14435,13122,0500000US39007
3,13138,6690,6448,0500000US39007
4,14631,7248,7383,0500000US39007
5,10726,5178,5548,0500000US39007
6,5586,2561,3025,0500000US39007
7,2277,791,1486,0500000US39007
0,65818,32768,33050,0500000US39009
1,16231,8008,8223,0500000US39009
2,26886,13938,12948,0500000US39009
3,6691,3334,3357,0500000US39009
4,7339,3620,3719,0500000US39009
5,5360,2563,2797,0500000US39009
6,2423,1043,1380,0500000US39009
7,888,262,626,0500000US39009
0,45804,22885,22919,0500000US39011
1,12058,6192,5866,0500000US39011
2,13033,6685,6348,0500000US39011
3,5761,2877,2884,0500000US39011
4,6526,3306,3220,0500000US39011
5,4694,2277,2417,0500000US39011
6,2526,1133,1393,0500000US39011
7,1206,415,791,0500000US39011
0,67505,34507,32998,0500000US39013
1,13992,7245,6747,0500000US39013
2,20225,11348,8877,0500000US39013
3,8641,4465,4176,0500000US39013
4,10575,5196,5379,0500000US39013
5,8050,3917,4133,0500000US39013
6,4048,1691,2357,0500000US39013
7,1974,645,1329,0500000US39013
0,43602,21616,21986,0500000US39015
1,10870,5508,5362,0500000US39015
2,12406,6242,6164,0500000US39015
3,5920,2963,2957,0500000US39015
4,6544,3206,3338,0500000US39015
5,4503,2201,2302,0500000US39015
6,2484,1148,1336,0500000US39015
7,875,348,527,0500000US39015
0,382378,187579,194799,0500000US39017
1,103557,52533,51024,0500000US39017
2,124436,61982,62454,0500000US39017
3,48432,23978,24454,0500000US39017
4,49777,24118,25659,0500000US39017
5,33268,15669,17599,0500000US39017
6,16207,6922,9285,0500000US39017
7,6701,2377,4324,0500000US39017
0,27081,13557,13524,0500000US39019
1,6255,3255,3000,0500000US39019
2,7092,3598,3494,0500000US39019
3,3583,1834,1749,0500000US39019
4,4431,2212,2219,0500000US39019
5,3296,1620,1676,0500000US39019
6,1732,799,933,0500000US39019
7,692,239,453,0500000US39019
0,38754,19307,19447,0500000US39021
1,9519,4900,4619,0500000US39021
2,11131,5666,5465,0500000US39021
3,5435,2761,2674,0500000US39021
4,5636,2789,2847,0500000US39021
5,4053,1916,2137,0500000US39021
6,2214,998,1216,0500000US39021
7,766,277,489,0500000US39021
0,134585,65152,69433,0500000US39023
1,33978,17325,16653,0500000US39023
2,38709,18841,19868,0500000US39023
3,17084,8455,8629,0500000US39023
4,18692,8993,9699,0500000US39023
5,14920,6919,8001,0500000US39023
6,7856,3395,4461,0500000US39023
7,3346,1224,2122,0500000US39023
0,205466,101344,104122,0500000US39025
1,51672,26583,25089,0500000US39025
2,62659,31540,31119,0500000US39025
3,27662,13657,14005,0500000US39025
4,29940,14444,15496,0500000US39025
5,20293,9613,10680,0500000US39025
6,9603,4257,5346,0500000US39025
7,3637,1250,2387,0500000US39025
0,42057,20748,21309,0500000US39027
1,10882,5595,5287,0500000US39027
2,12572,6298,6274,0500000US39027
3,5395,2700,2695,0500000US39027
4,6032,2935,3097,0500000US39027
5,4221,2019,2202,0500000US39027
6,2102,904,1198,0500000US39027
7,853,297,556,0500000US39027
0,102665,51934,50731,0500000US39029
1,22923,11787,11136,0500000US39029
2,29154,15657,13497,0500000US39029
3,13469,6976,6493,0500000US39029
4,16069,7989,8080,0500000US39029
5,12135,5940,6195,0500000US39029
6,6251,2682,3569,0500000US39029
7,2664,903,1761,0500000US39029
0,36629,18159,18470,0500000US39031
1,9429,4950,4479,0500000US39031
2,10187,5081,5106,0500000US39031
3,4635,2327,2308,0500000US39031
4,5247,2583,2664,0500000US39031
5,3997,1949,2048,0500000US39031
6,2278,974,1304,0500000US39031
7,856,295,561,0500000US39031
0,41550,20314,21236,0500000US39033
1,9825,5011,4814,0500000US39033
2,11637,5783,5854,0500000US39033
3,5380,2753,2627,0500000US39033
4,5986,2942,3044,0500000US39033
5,4813,2232,2581,0500000US39033
6,2788,1196,1592,0500000US39033
7,1121,397,724,0500000US39033
0,1243857,593444,650413,0500000US39035
1,287388,146708,140680,0500000US39035
2,398371,194330,204041,0500000US39035
3,154222,73346,80876,0500000US39035
4,177893,84062,93831,0500000US39035
5,125447,57038,68409,0500000US39035
6,66632,26865,39767,0500000US39035
7,33904,11095,22809,0500000US39035
0,51323,25478,25845,0500000US39037
1,13299,6868,6431,0500000US39037
2,14020,7170,6850,0500000US39037
3,6596,3289,3307,0500000US39037
4,7330,3649,3681,0500000US39037
5,5473,2580,2893,0500000US39037
6,3267,1467,1800,0500000US39037
7,1338,455,883,0500000US39037
0,38165,18932,19233,0500000US39039
1,9771,5012,4759,0500000US39039
2,11353,5743,5610,0500000US39039
3,4558,2305,2253,0500000US39039
4,5383,2633,2750,0500000US39039
5,4055,2008,2047,0500000US39039
6,2187,949,1238,0500000US39039
7,858,282,576,0500000US39039
0,204826,101563,103263,0500000US39041
1,59104,30232,28872,0500000US39041
2,61715,30565,31150,0500000US39041
3,31179,15699,15480,0500000US39041
4,24766,12187,12579,0500000US39041
5,17436,8370,9066,0500000US39041
6,7738,3422,4316,0500000US39041
7,2888,1088,1800,0500000US39041
0,74615,36441,38174,0500000US39043
1,16561,8401,8160,0500000US39043
2,20753,10371,10382,0500000US39043
3,9406,4566,4840,0500000US39043
4,11555,5549,6006,0500000US39043
5,9298,4453,4845,0500000US39043
6,4909,2246,2663,0500000US39043
7,2133,855,1278,0500000US39043
0,155782,77509,78273,0500000US39045
1,41065,21160,19905,0500000US39045
2,47839,24329,23510,0500000US39045
3,21618,10802,10816,0500000US39045
4,20625,10091,10534,0500000US39045
5,14556,6859,7697,0500000US39045
6,7388,3288,4100,0500000US39045
7,2691,980,1711,0500000US39045
0,28666,14095,14571,0500000US39047
1,7310,3747,3563,0500000US39047
2,8446,4235,4211,0500000US39047
3,3819,1898,1921,0500000US39047
4,4000,1966,2034,0500000US39047
5,2991,1390,1601,0500000US39047
6,1612,699,913,0500000US39047
7,488,160,328,0500000US39047
0,1310300,640086,670214,0500000US39049
1,342020,174010,168010,0500000US39049
2,506565,251990,254575,0500000US39049
3,155417,76650,78767,0500000US39049
4,148907,70569,78338,0500000US39049
5,95631,42761,52870,0500000US39049
6,43590,17809,25781,0500000US39049
7,18170,6297,11873,0500000US39049
0,42276,21003,21273,0500000US39051
1,10938,5741,5197,0500000US39051
2,12175,6122,6053,0500000US39051
3,5443,2686,2757,0500000US39051
4,6209,3086,3123,0500000US39051
5,4339,2090,2249,0500000US39051
6,2165,945,1220,0500000US39051
7,1007,333,674,0500000US39051
0,29979,14839,15140,0500000US39053
1,7534,3930,3604,0500000US39053
2,8637,4377,4260,0500000US39053
3,3752,1867,1885,0500000US39053
4,4335,2104,2231,0500000US39053
5,3203,1520,1683,0500000US39053
6,1865,838,1027,0500000US39053
7,653,203,450,0500000US39053
0,94031,46668,47363,0500000US39055
1,23725,12125,11600,0500000US39055
2,23621,12046,11575,0500000US39055
3,12893,6369,6524,0500000US39055
4,14633,7294,7339,0500000US39055
5,11023,5388,5635,0500000US39055
6,5708,2587,3121,0500000US39055
7,2428,859,1569,0500000US39055
0,167995,82804,85191,0500000US39057
1,40861,20867,19994,0500000US39057
2,55329,28089,27240,0500000US39057
3,20027,9727,10300,0500000US39057
4,22949,11081,11868,0500000US39057
5,16737,8048,8689,0500000US39057
6,8495,3709,4786,0500000US39057
7,3597,1283,2314,0500000US39057
0,39022,19472,19550,0500000US39059
1,9464,4913,4551,0500000US39059
2,11065,5656,5409,0500000US39059
3,5116,2597,2519,0500000US39059
4,5752,2757,2995,0500000US39059
5,4416,2163,2253,0500000US39059
6,2354,1065,1289,0500000US39059
7,855,321,534,0500000US39059
0,816684,394506,422178,0500000US39061
1,210604,107408,103196,0500000US39061
2,274925,135362,139563,0500000US39061
3,97554,47060,50494,0500000US39061
4,108350,51377,56973,0500000US39061
5,71975,32890,39085,0500000US39061
6,35914,14672,21242,0500000US39061
7,17362,5737,11625,0500000US39061
0,75930,37555,38375,0500000US39063
1,18972,9583,9389,0500000US39063
2,23967,12228,11739,0500000US39063
3,9427,4830,4597,0500000US39063
4,10452,5129,5323,0500000US39063
5,7429,3516,3913,0500000US39063
6,3967,1691,2276,0500000US39063
7,1716,578,1138,0500000US39063
0,31480,15674,15806,0500000US39065
1,8661,4488,4173,0500000US39065
2,10086,5091,4995,0500000US39065
3,3711,1851,1860,0500000US39065
4,3969,1984,1985,0500000US39065
5,2909,1362,1547,0500000US39065
6,1544,685,859,0500000US39065
7,600,213,387,0500000US39065
0,15174,7552,7622,0500000US39067
1,3489,1806,1683,0500000US39067
2,3916,1945,1971,0500000US39067
3,2016,1030,986,0500000US39067
4,2526,1256,1270,0500000US39067
5,1850,916,934,0500000US39067
6,983,472,511,0500000US39067
7,394,127,267,0500000US39067
0,27086,13378,13708,0500000US39069
1,6886,3469,3417,0500000US39069
2,7804,3931,3873,0500000US39069
3,3375,1697,1678,0500000US39069
4,3966,1982,1984,0500000US39069
5,2764,1341,1423,0500000US39069
6,1588,710,878,0500000US39069
7,703,248,455,0500000US39069
0,43058,21138,21920,0500000US39071
1,11210,5658,5552,0500000US39071
2,12235,6136,6099,0500000US39071
3,5683,2834,2849,0500000US39071
4,5975,2897,3078,0500000US39071
5,4578,2151,2427,0500000US39071
6,2420,1111,1309,0500000US39071
7,957,351,606,0500000US39071
0,28385,14083,14302,0500000US39073
1,6872,3503,3369,0500000US39073
2,7978,3976,4002,0500000US39073
3,3822,1933,1889,0500000US39073
4,4297,2125,2172,0500000US39073
5,3144,1527,1617,0500000US39073
6,1775,824,951,0500000US39073
7,497,195,302,0500000US39073
0,43892,21977,21915,0500000US39075
1,14890,7634,7256,0500000US39075
2,13488,6837,6651,0500000US39075
3,4654,2327,2327,0500000US39075
4,4841,2447,2394,0500000US39075
5,3395,1629,1766,0500000US39075
6,1807,813,994,0500000US39075
7,817,290,527,0500000US39075
0,58504,28903,29601,0500000US39077
1,15417,7844,7573,0500000US39077
2,17133,8746,8387,0500000US39077
3,7697,3855,3842,0500000US39077
4,8227,3965,4262,0500000US39077
5,5959,2817,3142,0500000US39077
6,2888,1257,1631,0500000US39077
7,1183,419,764,0500000US39077
0,32384,15868,16516,0500000US39079
1,8384,4317,4067,0500000US39079
2,9735,4867,4868,0500000US39079
3,4207,2085,2122,0500000US39079
4,4456,2157,2299,0500000US39079
5,3418,1585,1833,0500000US39079
6,1609,682,927,0500000US39079
7,575,175,400,0500000US39079
0,65767,31955,33812,0500000US39081
1,14466,7387,7079,0500000US39081
2,18403,9075,9328,0500000US39081
3,8423,4173,4250,0500000US39081
4,10302,4994,5308,0500000US39081
5,8095,3893,4202,0500000US39081
6,4340,1863,2477,0500000US39081
7,1738,570,1168,0500000US39081
0,61893,30310,31583,0500000US39083
1,16366,8298,8068,0500000US39083
2,18185,9024,9161,0500000US39083
3,7484,3736,3748,0500000US39083
4,8627,4160,4467,0500000US39083
5,6510,3081,3429,0500000US39083
6,3352,1507,1845,0500000US39083
7,1369,504,865,0500000US39083
0,230514,112549,117965,0500000US39085
1,51155,26207,24948,0500000US39085
2,66844,33826,33018,0500000US39085
3,30818,15296,15522,0500000US39085
4,35631,17157,18474,0500000US39085
5,26083,12144,13939,0500000US39085
6,13917,5930,7987,0500000US39085
7,6066,1989,4077,0500000US39085
0,59866,29139,30727,0500000US39087
1,14194,7323,6871,0500000US39087
2,17719,8787,8932,0500000US39087
3,8258,4019,4239,0500000US39087
4,8382,3964,4418,0500000US39087
5,6503,3027,3476,0500000US39087
6,3618,1573,2045,0500000US39087
7,1192,446,746,0500000US39087
0,175769,86261,89508,0500000US39089
1,45504,23420,22084,0500000US39089
2,52992,26253,26739,0500000US39089
3,23705,11667,12038,0500000US39089
4,24662,12064,12598,0500000US39089
5,17133,8038,9095,0500000US39089
6,8713,3761,4952,0500000US39089
7,3060,1058,2002,0500000US39089
0,45358,22471,22887,0500000US39091
1,11446,5910,5536,0500000US39091
2,12972,6455,6517,0500000US39091
3,5924,2964,2960,0500000US39091
4,6791,3402,3389,0500000US39091
5,4934,2365,2569,0500000US39091
6,2379,1049,1330,0500000US39091
7,912,326,586,0500000US39091
0,309461,152269,157192,0500000US39093
1,76211,39082,37129,0500000US39093
2,90764,45985,44779,0500000US39093
3,41425,20683,20742,0500000US39093
4,44432,21396,23036,0500000US39093
5,32887,15525,17362,0500000US39093
6,16598,7131,9467,0500000US39093
7,7144,2467,4677,0500000US39093
0,429899,208402,221497,0500000US39095
1,109317,55879,53438,0500000US39095
2,138236,68251,69985,0500000US39095
3,53083,25663,27420,0500000US39095
4,59216,28316,30900,0500000US39095
5,41081,19042,22039,0500000US39095
6,19833,8237,11596,0500000US39095
7,9133,3014,6119,0500000US39095
0,44413,24092,20321,0500000US39097
1,10061,5164,4897,0500000US39097
2,14967,9017,5950,0500000US39097
3,6544,3667,2877,0500000US39097
4,5978,3122,2856,0500000US39097
5,3981,1919,2062,0500000US39097
6,2166,943,1223,0500000US39097
7,716,260,456,0500000US39097
0,229642,112452,117190,0500000US39099
1,51347,26408,24939,0500000US39099
2,67058,34606,32452,0500000US39099
3,28320,14101,14219,0500000US39099
4,34772,16525,18247,0500000US39099
5,26595,12534,14061,0500000US39099
6,14193,5903,8290,0500000US39099
7,7357,2375,4982,0500000US39099
0,65256,34658,30598,0500000US39101
1,14977,7772,7205,0500000US39101
2,20814,11963,8851,0500000US39101
3,8772,4981,3791,0500000US39101
4,9115,4739,4376,0500000US39101
5,6748,3231,3517,0500000US39101
6,3371,1425,1946,0500000US39101
7,1459,547,912,0500000US39101
0,179146,88684,90462,0500000US39103
1,43978,22645,21333,0500000US39103
2,51093,25702,25391,0500000US39103
3,26015,12862,13153,0500000US39103
4,26070,12821,13249,0500000US39103
5,19104,9133,9971,0500000US39103
6,9303,4253,5050,0500000US39103
7,3583,1268,2315,0500000US39103
0,23106,11391,11715,0500000US39105
1,5409,2753,2656,0500000US39105
2,6424,3220,3204,0500000US39105
3,3131,1571,1560,0500000US39105
4,3552,1741,1811,0500000US39105
5,2673,1302,1371,0500000US39105
6,1388,622,766,0500000US39105
7,529,182,347,0500000US39105
0,40959,20660,20299,0500000US39107
1,11467,5927,5540,0500000US39107
2,11575,6058,5517,0500000US39107
3,4663,2334,2329,0500000US39107
4,5969,3006,2963,0500000US39107
5,4098,2025,2073,0500000US39107
6,2107,932,1175,0500000US39107
7,1080,378,702,0500000US39107
0,106222,52324,53898,0500000US39109
1,26558,13584,12974,0500000US39109
2,31030,15702,15328,0500000US39109
3,13957,7012,6945,0500000US39109
4,14904,7201,7703,0500000US39109
5,11464,5373,6091,0500000US39109
6,6093,2638,3455,0500000US39109
7,2216,814,1402,0500000US39109
0,13790,6933,6857,0500000US39111
1,3061,1556,1505,0500000US39111
2,3559,1819,1740,0500000US39111
3,1830,958,872,0500000US39111
4,2097,1045,1052,0500000US39111
5,1831,897,934,0500000US39111
6,1047,538,509,0500000US39111
7,365,120,245,0500000US39111
0,532331,256382,275949,0500000US39113
1,131394,67223,64171,0500000US39113
2,168409,83040,85369,0500000US39113
3,65052,31391,33661,0500000US39113
4,71893,34096,37797,0500000US39113
5,53535,24223,29312,0500000US39113
6,28732,11899,16833,0500000US39113
7,13316,4510,8806,0500000US39113
0,14604,7284,7320,0500000US39115
1,3374,1754,1620,0500000US39115
2,3940,1987,1953,0500000US39115
3,1896,944,952,0500000US39115
4,2275,1119,1156,0500000US39115
5,1732,886,846,0500000US39115
6,1024,477,547,0500000US39115
7,363,117,246,0500000US39115
0,35112,17495,17617,0500000US39117
1,8802,4506,4296,0500000US39117
2,9884,4999,4885,0500000US39117
3,4962,2513,2449,0500000US39117
4,5409,2678,2731,0500000US39117
5,3573,1727,1846,0500000US39117
6,1809,836,973,0500000US39117
7,673,236,437,0500000US39117
0,86183,41821,44362,0500000US39119
1,21475,10986,10489,0500000US39119
2,26157,12889,13268,0500000US39119
3,11100,5481,5619,0500000US39119
4,12070,5833,6237,0500000US39119
5,8731,3993,4738,0500000US39119
6,4676,1967,2709,0500000US39119
7,1974,672,1302,0500000US39119
0,14354,8371,5983,0500000US39121
1,2852,1454,1398,0500000US39121
2,3098,1526,1572,0500000US39121
3,1645,961,684,0500000US39121
4,2808,2011,797,0500000US39121
5,2398,1673,725,0500000US39121
6,1125,608,517,0500000US39121
7,428,138,290,0500000US39121
0,40769,20227,20542,0500000US39123
1,8349,4193,4156,0500000US39123
2,9942,5095,4847,0500000US39123
3,5188,2595,2593,0500000US39123
4,7092,3480,3612,0500000US39123
5,5923,2952,2971,0500000US39123
6,3078,1466,1612,0500000US39123
7,1197,446,751,0500000US39123
0,18760,9357,9403,0500000US39125
1,4811,2458,2353,0500000US39125
2,5272,2672,2600,0500000US39125
3,2418,1230,1188,0500000US39125
4,2774,1407,1367,0500000US39125
5,2038,977,1061,0500000US39125
6,1043,482,561,0500000US39125
7,404,131,273,0500000US39125
0,36033,18051,17982,0500000US39127
1,9231,4754,4477,0500000US39127
2,10604,5366,5238,0500000US39127
3,4988,2526,2462,0500000US39127
4,5268,2684,2584,0500000US39127
5,3682,1780,1902,0500000US39127
6,1692,764,928,0500000US39127
7,568,177,391,0500000US39127
0,58086,30479,27607,0500000US39129
1,13870,7112,6758,0500000US39129
2,19282,11023,8259,0500000US39129
3,8273,4511,3762,0500000US39129
4,7546,3781,3765,0500000US39129
5,5246,2422,2824,0500000US39129
6,2802,1239,1563,0500000US39129
7,1067,391,676,0500000US39129
0,28067,13942,14125,0500000US39131
1,7232,3792,3440,0500000US39131
2,8112,4031,4081,0500000US39131
3,3761,1894,1867,0500000US39131
4,3953,1957,1996,0500000US39131
5,2852,1389,1463,0500000US39131
6,1520,643,877,0500000US39131
7,637,236,401,0500000US39131
0,162927,79918,83009,0500000US39133
1,37952,18909,19043,0500000US39133
2,54727,27303,27424,0500000US39133
3,20475,10031,10444,0500000US39133
4,22979,11371,11608,0500000US39133
5,15963,7643,8320,0500000US39133
6,7865,3524,4341,0500000US39133
7,2966,1137,1829,0500000US39133
0,40997,20299,20698,0500000US39135
1,10084,5184,4900,0500000US39135
2,11493,5765,5728,0500000US39135
3,5462,2719,2743,0500000US39135
4,6065,2979,3086,0500000US39135
5,4680,2267,2413,0500000US39135
6,2398,1085,1313,0500000US39135
7,815,300,515,0500000US39135
0,33780,16863,16917,0500000US39137
1,9347,4764,4583,0500000US39137
2,9408,4745,4663,0500000US39137
3,4161,2137,2024,0500000US39137
4,4990,2530,2460,0500000US39137
5,3212,1605,1607,0500000US39137
6,1807,775,1032,0500000US39137
7,855,307,548,0500000US39137
0,121099,61512,59587,0500000US39139
1,28868,14829,14039,0500000US39139
2,36901,20446,16455,0500000US39139
3,14891,7752,7139,0500000US39139
4,16874,8293,8581,0500000US39139
5,12967,5971,6996,0500000US39139
6,7340,3085,4255,0500000US39139
7,3258,1136,2122,0500000US39139
0,76931,40281,36650,0500000US39141
1,17872,9241,8631,0500000US39141
2,24159,13563,10596,0500000US39141
3,10932,6061,4871,0500000US39141
4,11116,5639,5477,0500000US39141
5,7500,3556,3944,0500000US39141
6,4065,1774,2291,0500000US39141
7,1287,447,840,0500000US39141
0,58799,29117,29682,0500000US39143
1,14389,7442,6947,0500000US39143
2,16927,8548,8379,0500000US39143
3,7672,3856,3816,0500000US39143
4,8770,4325,4445,0500000US39143
5,6387,3082,3305,0500000US39143
6,3231,1372,1859,0500000US39143
7,1423,492,931,0500000US39143
0,75502,37285,38217,0500000US39145
1,18270,9357,8913,0500000US39145
2,23300,12176,11124,0500000US39145
3,9681,4760,4921,0500000US39145
4,10459,4947,5512,0500000US39145
5,7787,3677,4110,0500000US39145
6,4285,1796,2489,0500000US39145
7,1720,572,1148,0500000US39145
0,55207,27592,27615,0500000US39147
1,14082,7303,6779,0500000US39147
2,16657,8597,8060,0500000US39147
3,6553,3330,3223,0500000US39147
4,7898,3934,3964,0500000US39147
5,5704,2743,2961,0500000US39147
6,2916,1278,1638,0500000US39147
7,1397,407,990,0500000US39147
0,48627,24423,24204,0500000US39149
1,13236,6897,6339,0500000US39149
2,14071,7106,6965,0500000US39149
3,6405,3265,3140,0500000US39149
4,6874,3492,3382,0500000US39149
5,4657,2268,2389,0500000US39149
6,2338,1024,1314,0500000US39149
7,1046,371,675,0500000US39149
0,371574,180539,191035,0500000US39151
1,88732,45497,43235,0500000US39151
2,108998,54188,54810,0500000US39151
3,47691,23347,24344,0500000US39151
4,53860,25875,27985,0500000US39151
5,40818,19082,21736,0500000US39151
6,21662,9266,12396,0500000US39151
7,9813,3284,6529,0500000US39151
0,541918,262912,279006,0500000US39153
1,126277,64403,61874,0500000US39153
2,168801,84135,84666,0500000US39153
3,70849,34517,36332,0500000US39153
4,78759,37587,41172,0500000US39153
5,56317,26109,30208,0500000US39153
6,27773,11671,16102,0500000US39153
7,13142,4490,8652,0500000US39153
0,198627,96722,101905,0500000US39155
1,44824,22989,21835,0500000US39155
2,55331,27799,27532,0500000US39155
3,25456,12476,12980,0500000US39155
4,30085,14502,15583,0500000US39155
5,24420,11374,13046,0500000US39155
6,12784,5586,7198,0500000US39155
7,5727,1996,3731,0500000US39155
0,92176,45484,46692,0500000US39157
1,23032,11878,11154,0500000US39157
2,26527,13575,12952,0500000US39157
3,11330,5593,5737,0500000US39157
4,13212,6522,6690,0500000US39157
5,10085,4740,5345,0500000US39157
6,5477,2305,3172,0500000US39157
7,2513,871,1642,0500000US39157
0,57835,27731,30104,0500000US39159
1,15619,7969,7650,0500000US39159
2,19610,8923,10687,0500000US39159
3,8444,4158,4286,0500000US39159
4,7046,3463,3583,0500000US39159
5,4343,2059,2284,0500000US39159
6,2012,859,1153,0500000US39159
7,761,300,461,0500000US39159
0,28281,14010,14271,0500000US39161
1,7188,3680,3508,0500000US39161
2,8203,4229,3974,0500000US39161
3,3494,1738,1756,0500000US39161
4,4030,1966,2064,0500000US39161
5,2974,1431,1543,0500000US39161
6,1639,733,906,0500000US39161
7,753,233,520,0500000US39161
0,13139,6587,6552,0500000US39163
1,3153,1619,1534,0500000US39163
2,3803,1949,1854,0500000US39163
3,1780,867,913,0500000US39163
4,2065,1049,1016,0500000US39163
5,1419,721,698,0500000US39163
6,712,315,397,0500000US39163
7,207,67,140,0500000US39163
0,232173,116699,115474,0500000US39165
1,62910,32390,30520,0500000US39165
2,70381,36585,33796,0500000US39165
3,34490,17311,17179,0500000US39165
4,30746,15286,15460,0500000US39165
5,19895,9406,10489,0500000US39165
6,9996,4389,5607,0500000US39165
7,3755,1332,2423,0500000US39165
0,60155,29533,30622,0500000US39167
1,13377,6804,6573,0500000US39167
2,17207,8665,8542,0500000US39167
3,7677,3798,3879,0500000US39167
4,9231,4544,4687,0500000US39167
5,7115,3386,3729,0500000US39167
6,4020,1788,2232,0500000US39167
7,1528,548,980,0500000US39167
0,115967,57649,58318,0500000US39169
1,31577,16261,15316,0500000US39169
2,34204,17434,16770,0500000US39169
3,13654,6734,6920,0500000US39169
4,15805,7842,7963,0500000US39169
5,11675,5582,6093,0500000US39169
6,6346,2832,3514,0500000US39169
7,2706,964,1742,0500000US39169
0,36804,18324,18480,0500000US39171
1,9211,4682,4529,0500000US39171
2,10652,5578,5074,0500000US39171
3,4515,2258,2257,0500000US39171
4,5498,2716,2782,0500000US39171
5,3798,1821,1977,0500000US39171
6,2187,956,1231,0500000US39171
7,943,313,630,0500000US39171
0,130696,64394,66302,0500000US39173
1,33147,16749,16398,0500000US39173
2,46524,23572,22952,0500000US39173
3,14896,7348,7548,0500000US39173
4,16131,7811,8320,0500000US39173
5,11791,5624,6167,0500000US39173
6,5673,2402,3271,0500000US39173
7,2534,888,1646,0500000US39173
0,21935,10903,11032,0500000US39175
1,5414,2801,2613,0500000US39175
2,6303,3213,3090,0500000US39175
3,2831,1417,1414,0500000US39175
4,3114,1552,1562,0500000US39175
5,2310,1122,1188,0500000US39175
6,1350,606,744,0500000US39175
7,613,192,421,0500000US39175
0,22082,11015,11067,0500000US40001
1,6393,3277,3116,0500000US40001
2,6603,3312,3291,0500000US40001
3,2798,1387,1411,0500000US40001
4,2776,1357,1419,0500000US40001
5,2086,1025,1061,0500000US40001
6,1090,524,566,0500000US40001
7,336,133,203,0500000US40001
0,5754,3434,2320,0500000US40003
1,1240,669,571,0500000US40003
2,1733,1142,591,0500000US40003
3,853,607,246,0500000US40003
4,799,472,327,0500000US40003
5,585,311,274,0500000US40003
6,375,168,207,0500000US40003
7,169,65,104,0500000US40003
0,13838,7200,6638,0500000US40005
1,3400,1771,1629,0500000US40005
2,4210,2414,1796,0500000US40005
3,1644,841,803,0500000US40005
4,1838,909,929,0500000US40005
5,1571,745,826,0500000US40005
6,895,397,498,0500000US40005
7,280,123,157,0500000US40005
0,5319,2688,2631,0500000US40007
1,1522,785,737,0500000US40007
2,1377,703,674,0500000US40007
3,657,319,338,0500000US40007
4,714,379,335,0500000US40007
5,569,279,290,0500000US40007
6,330,162,168,0500000US40007
7,150,61,89,0500000US40007
0,21709,11653,10056,0500000US40009
1,5783,2962,2821,0500000US40009
2,7660,4597,3063,0500000US40009
3,2480,1371,1109,0500000US40009
4,2672,1338,1334,0500000US40009
5,1765,827,938,0500000US40009
6,929,399,530,0500000US40009
7,420,159,261,0500000US40009
0,9485,4670,4815,0500000US40011
1,2699,1391,1308,0500000US40011
2,2446,1202,1244,0500000US40011
3,1091,579,512,0500000US40011
4,1387,682,705,0500000US40011
5,1015,477,538,0500000US40011
6,586,259,327,0500000US40011
7,261,80,181,0500000US40011
0,47192,23069,24123,0500000US40013
1,12434,6344,6090,0500000US40013
2,15206,7612,7594,0500000US40013
3,5482,2672,2810,0500000US40013
4,5593,2631,2962,0500000US40013
5,4796,2197,2599,0500000US40013
6,2733,1257,1476,0500000US40013
7,948,356,592,0500000US40013
0,28977,15204,13773,0500000US40015
1,7977,4105,3872,0500000US40015
2,8978,5255,3723,0500000US40015
3,3466,1844,1622,0500000US40015
4,3675,1844,1831,0500000US40015
5,2715,1254,1461,0500000US40015
6,1581,697,884,0500000US40015
7,585,205,380,0500000US40015
0,144447,71712,72735,0500000US40017
1,40935,20801,20134,0500000US40017
2,50094,25358,24736,0500000US40017
3,17629,8830,8799,0500000US40017
4,17019,8282,8737,0500000US40017
5,11459,5402,6057,0500000US40017
6,5428,2373,3055,0500000US40017
7,1883,666,1217,0500000US40017
0,48177,23451,24726,0500000US40019
1,13201,6657,6544,0500000US40019
2,14778,7457,7321,0500000US40019
3,5780,2884,2896,0500000US40019
4,6315,3029,3286,0500000US40019
5,4518,2045,2473,0500000US40019
6,2567,1092,1475,0500000US40019
7,1018,287,731,0500000US40019
0,48675,23794,24881,0500000US40021
1,12576,6295,6281,0500000US40021
2,16804,8451,8353,0500000US40021
3,5278,2557,2721,0500000US40021
4,5887,2789,3098,0500000US40021
5,4790,2284,2506,0500000US40021
6,2513,1092,1421,0500000US40021
7,827,326,501,0500000US40021
0,14668,7036,7632,0500000US40023
1,3840,1919,1921,0500000US40023
2,3935,1877,2058,0500000US40023
3,1717,820,897,0500000US40023
4,2140,1029,1111,0500000US40023
5,1738,836,902,0500000US40023
6,938,423,515,0500000US40023
7,360,132,228,0500000US40023
0,2153,1102,1051,0500000US40025
1,582,316,266,0500000US40025
2,517,260,257,0500000US40025
3,239,130,109,0500000US40025
4,267,138,129,0500000US40025
5,293,143,150,0500000US40025
6,196,89,107,0500000US40025
7,59,26,33,0500000US40025
0,281669,140424,141245,0500000US40027
1,70919,36113,34806,0500000US40027
2,109173,56239,52934,0500000US40027
3,31742,15907,15835,0500000US40027
4,32176,15511,16665,0500000US40027
5,22784,10530,12254,0500000US40027
6,10707,4596,6111,0500000US40027
7,4168,1528,2640,0500000US40027
0,5520,2751,2769,0500000US40029
1,1444,768,676,0500000US40029
2,1539,785,754,0500000US40029
3,614,307,307,0500000US40029
4,802,414,388,0500000US40029
5,631,296,335,0500000US40029
6,343,138,205,0500000US40029
7,147,43,104,0500000US40029
0,120422,62410,58012,0500000US40031
1,32596,16985,15611,0500000US40031
2,45579,25190,20389,0500000US40031
3,13094,6580,6514,0500000US40031
4,13961,6777,7184,0500000US40031
5,8679,4112,4567,0500000US40031
6,4648,2042,2606,0500000US40031
7,1865,724,1141,0500000US40031
0,5776,2840,2936,0500000US40033
1,1413,712,701,0500000US40033
2,1586,804,782,0500000US40033
3,755,377,378,0500000US40033
4,903,427,476,0500000US40033
5,634,316,318,0500000US40033
6,372,164,208,0500000US40033
7,113,40,73,0500000US40033
0,14306,7328,6978,0500000US40035
1,3477,1775,1702,0500000US40035
2,4184,2324,1860,0500000US40035
3,1867,988,879,0500000US40035
4,1978,1007,971,0500000US40035
5,1482,714,768,0500000US40035
6,983,417,566,0500000US40035
7,335,103,232,0500000US40035
0,71604,35428,36176,0500000US40037
1,18772,9693,9079,0500000US40037
2,21179,10747,10432,0500000US40037
3,9096,4481,4615,0500000US40037
4,9919,4861,5058,0500000US40037
5,7248,3379,3869,0500000US40037
6,3908,1754,2154,0500000US40037
7,1482,513,969,0500000US40037
0,29036,14446,14590,0500000US40039
1,8457,4265,4192,0500000US40039
2,10574,5501,5073,0500000US40039
3,2784,1364,1420,0500000US40039
4,3203,1585,1618,0500000US40039
5,2212,982,1230,0500000US40039
6,1207,523,684,0500000US40039
7,599,226,373,0500000US40039
0,42733,21050,21683,0500000US40041
1,9454,4854,4600,0500000US40041
2,10836,5375,5461,0500000US40041
3,5162,2518,2644,0500000US40041
4,6600,3139,3461,0500000US40041
5,6264,3036,3228,0500000US40041
6,3399,1687,1712,0500000US40041
7,1018,441,577,0500000US40041
0,4894,2413,2481,0500000US40043
1,1441,717,724,0500000US40043
2,1372,712,660,0500000US40043
3,521,258,263,0500000US40043
4,658,327,331,0500000US40043
5,478,238,240,0500000US40043
6,324,134,190,0500000US40043
7,100,27,73,0500000US40043
0,3952,1940,2012,0500000US40045
1,992,490,502,0500000US40045
2,1060,550,510,0500000US40045
3,428,220,208,0500000US40045
4,586,287,299,0500000US40045
5,508,241,267,0500000US40045
6,270,125,145,0500000US40045
7,108,27,81,0500000US40045
0,60913,30323,30590,0500000US40047
1,17090,8720,8370,0500000US40047
2,19868,10280,9588,0500000US40047
3,6334,3193,3141,0500000US40047
4,7639,3785,3854,0500000US40047
5,5371,2495,2876,0500000US40047
6,3153,1318,1835,0500000US40047
7,1458,532,926,0500000US40047
0,27811,13727,14084,0500000US40049
1,7590,3853,3737,0500000US40049
2,8279,4235,4044,0500000US40049
3,3252,1627,1625,0500000US40049
4,3703,1771,1932,0500000US40049
5,2778,1327,1451,0500000US40049
6,1608,679,929,0500000US40049
7,601,235,366,0500000US40049
0,55551,27773,27778,0500000US40051
1,14692,7692,7000,0500000US40051
2,16873,8491,8382,0500000US40051
3,7027,3514,3513,0500000US40051
4,7945,3954,3991,0500000US40051
5,5332,2561,2771,0500000US40051
6,2747,1226,1521,0500000US40051
7,935,335,600,0500000US40051
0,4326,2145,2181,0500000US40053
1,1115,548,567,0500000US40053
2,1130,581,549,0500000US40053
3,491,240,251,0500000US40053
4,639,346,293,0500000US40053
5,492,237,255,0500000US40053
6,323,140,183,0500000US40053
7,136,53,83,0500000US40053
0,5821,3347,2474,0500000US40055
1,1283,648,635,0500000US40055
2,2087,1440,647,0500000US40055
3,751,476,275,0500000US40055
4,664,342,322,0500000US40055
5,510,239,271,0500000US40055
6,350,147,203,0500000US40055
7,176,55,121,0500000US40055
0,2664,1273,1391,0500000US40057
1,729,330,399,0500000US40057
2,725,371,354,0500000US40057
3,337,165,172,0500000US40057
4,348,175,173,0500000US40057
5,286,139,147,0500000US40057
6,159,70,89,0500000US40057
7,80,23,57,0500000US40057
0,3797,1898,1899,0500000US40059
1,1102,547,555,0500000US40059
2,1048,547,501,0500000US40059
3,421,213,208,0500000US40059
4,540,291,249,0500000US40059
5,354,172,182,0500000US40059
6,230,92,138,0500000US40059
7,102,36,66,0500000US40059
0,12668,6331,6337,0500000US40061
1,3266,1737,1529,0500000US40061
2,3631,1848,1783,0500000US40061
3,1472,734,738,0500000US40061
4,1729,796,933,0500000US40061
5,1456,715,741,0500000US40061
6,831,404,427,0500000US40061
7,283,97,186,0500000US40061
0,13335,7182,6153,0500000US40063
1,3182,1680,1502,0500000US40063
2,4379,2691,1688,0500000US40063
3,1604,887,717,0500000US40063
4,1661,829,832,0500000US40063
5,1417,651,766,0500000US40063
6,771,324,447,0500000US40063
7,321,120,201,0500000US40063
0,24949,12392,12557,0500000US40065
1,6930,3494,3436,0500000US40065
2,8674,4532,4142,0500000US40065
3,2690,1275,1415,0500000US40065
4,2954,1448,1506,0500000US40065
5,2038,954,1084,0500000US40065
6,1173,514,659,0500000US40065
7,490,175,315,0500000US40065
0,6123,3062,3061,0500000US40067
1,1610,816,794,0500000US40067
2,1637,858,779,0500000US40067
3,679,353,326,0500000US40067
4,890,438,452,0500000US40067
5,736,343,393,0500000US40067
6,424,200,224,0500000US40067
7,147,54,93,0500000US40067
0,10949,5416,5533,0500000US40069
1,2912,1492,1420,0500000US40069
2,3192,1607,1585,0500000US40069
3,1280,642,638,0500000US40069
4,1436,677,759,0500000US40069
5,1238,602,636,0500000US40069
6,687,316,371,0500000US40069
7,204,80,124,0500000US40069
0,44161,21932,22229,0500000US40071
1,12253,6306,5947,0500000US40071
2,12937,6619,6318,0500000US40071
3,4738,2443,2295,0500000US40071
4,5694,2798,2896,0500000US40071
5,4632,2162,2470,0500000US40071
6,2724,1189,1535,0500000US40071
7,1183,415,768,0500000US40071
0,15816,7878,7938,0500000US40073
1,4699,2427,2272,0500000US40073
2,4626,2304,2322,0500000US40073
3,1874,963,911,0500000US40073
4,2094,1048,1046,0500000US40073
5,1381,660,721,0500000US40073
6,810,362,448,0500000US40073
7,332,114,218,0500000US40073
0,8729,4338,4391,0500000US40075
1,2251,1142,1109,0500000US40075
2,2383,1222,1161,0500000US40075
3,1043,515,528,0500000US40075
4,1323,653,670,0500000US40075
5,973,468,505,0500000US40075
6,590,280,310,0500000US40075
7,166,58,108,0500000US40075
0,10231,5187,5044,0500000US40077
1,2543,1308,1235,0500000US40077
2,2835,1437,1398,0500000US40077
3,1190,584,606,0500000US40077
4,1393,697,696,0500000US40077
5,1157,587,570,0500000US40077
6,762,393,369,0500000US40077
7,351,181,170,0500000US40077
0,49980,25125,24855,0500000US40079
1,13249,6875,6374,0500000US40079
2,14946,7773,7173,0500000US40079
3,6165,3152,3013,0500000US40079
4,6582,3166,3416,0500000US40079
5,5283,2552,2731,0500000US40079
6,2779,1240,1539,0500000US40079
7,976,367,609,0500000US40079
0,34920,17388,17532,0500000US40081
1,9105,4640,4465,0500000US40081
2,9797,4915,4882,0500000US40081
3,4465,2272,2193,0500000US40081
4,5153,2566,2587,0500000US40081
5,3676,1767,1909,0500000US40081
6,2035,937,1098,0500000US40081
7,689,291,398,0500000US40081
0,47291,23438,23853,0500000US40083
1,12745,6496,6249,0500000US40083
2,14475,7298,7177,0500000US40083
3,5899,2854,3045,0500000US40083
4,6711,3201,3510,0500000US40083
5,4473,2215,2258,0500000US40083
6,2191,1059,1132,0500000US40083
7,797,315,482,0500000US40083
0,10134,5052,5082,0500000US40085
1,2702,1339,1363,0500000US40085
2,3015,1532,1483,0500000US40085
3,1181,585,596,0500000US40085
4,1301,643,658,0500000US40085
5,1126,575,551,0500000US40085
6,615,305,310,0500000US40085
7,194,73,121,0500000US40085
0,39985,19844,20141,0500000US40087
1,11136,5755,5381,0500000US40087
2,12305,6074,6231,0500000US40087
3,4981,2497,2484,0500000US40087
4,5369,2623,2746,0500000US40087
5,3703,1784,1919,0500000US40087
6,1927,888,1039,0500000US40087
7,564,223,341,0500000US40087
0,32703,16071,16632,0500000US40089
1,9001,4604,4397,0500000US40089
2,9574,4778,4796,0500000US40089
3,3988,1960,2028,0500000US40089
4,4179,2002,2177,0500000US40089
5,3364,1581,1783,0500000US40089
6,1923,900,1023,0500000US40089
7,674,246,428,0500000US40089
0,19815,9788,10027,0500000US40091
1,4399,2316,2083,0500000US40091
2,4938,2436,2502,0500000US40091
3,2352,1146,1206,0500000US40091
4,3122,1509,1613,0500000US40091
5,2772,1339,1433,0500000US40091
6,1668,826,842,0500000US40091
7,564,216,348,0500000US40091
0,7644,3744,3900,0500000US40093
1,2097,1031,1066,0500000US40093
2,2024,1037,987,0500000US40093
3,844,402,442,0500000US40093
4,1079,562,517,0500000US40093
5,836,404,432,0500000US40093
6,551,233,318,0500000US40093
7,213,75,138,0500000US40093
0,16806,8230,8576,0500000US40095
1,4257,2145,2112,0500000US40095
2,4517,2238,2279,0500000US40095
3,1991,966,1025,0500000US40095
4,2391,1159,1232,0500000US40095
5,2003,955,1048,0500000US40095
6,1242,601,641,0500000US40095
7,405,166,239,0500000US40095
0,41107,20539,20568,0500000US40097
1,10580,5503,5077,0500000US40097
2,12179,6119,6060,0500000US40097
3,5085,2627,2458,0500000US40097
4,5687,2809,2878,0500000US40097
5,4468,2130,2338,0500000US40097
6,2405,1084,1321,0500000US40097
7,703,267,436,0500000US40097
0,13953,7014,6939,0500000US40099
1,3541,1891,1650,0500000US40099
2,3900,1938,1962,0500000US40099
3,1756,871,885,0500000US40099
4,2002,1010,992,0500000US40099
5,1554,751,803,0500000US40099
6,897,422,475,0500000US40099
7,303,131,172,0500000US40099
0,68362,33301,35061,0500000US40101
1,18496,9455,9041,0500000US40101
2,21517,10643,10874,0500000US40101
3,8032,3963,4069,0500000US40101
4,8884,4253,4631,0500000US40101
5,6568,3081,3487,0500000US40101
6,3480,1432,2048,0500000US40101
7,1385,474,911,0500000US40101
0,11289,5610,5679,0500000US40103
1,2903,1511,1392,0500000US40103
2,3185,1596,1589,0500000US40103
3,1422,719,703,0500000US40103
4,1592,795,797,0500000US40103
5,1215,586,629,0500000US40103
6,703,312,391,0500000US40103
7,269,91,178,0500000US40103
0,10218,5095,5123,0500000US40105
1,2537,1305,1232,0500000US40105
2,2922,1498,1424,0500000US40105
3,1287,643,644,0500000US40105
4,1510,754,756,0500000US40105
5,1073,493,580,0500000US40105
6,652,299,353,0500000US40105
7,237,103,134,0500000US40105
0,12098,6523,5575,0500000US40107
1,3015,1562,1453,0500000US40107
2,3777,2207,1570,0500000US40107
3,1574,882,692,0500000US40107
4,1588,858,730,0500000US40107
5,1220,594,626,0500000US40107
6,688,329,359,0500000US40107
7,236,91,145,0500000US40107
0,792582,388135,404447,0500000US40109
1,222528,113700,108828,0500000US40109
2,278224,138480,139744,0500000US40109
3,89629,44040,45589,0500000US40109
4,93883,44757,49126,0500000US40109
5,64356,29788,34568,0500000US40109
6,30859,12880,17979,0500000US40109
7,13103,4490,8613,0500000US40109
0,38335,18967,19368,0500000US40111
1,10146,5289,4857,0500000US40111
2,11324,5817,5507,0500000US40111
3,4463,2240,2223,0500000US40111
4,5161,2462,2699,0500000US40111
5,4074,1858,2216,0500000US40111
6,2287,988,1299,0500000US40111
7,880,313,567,0500000US40111
0,47014,23567,23447,0500000US40113
1,11267,5791,5476,0500000US40113
2,13311,6985,6326,0500000US40113
3,5971,2993,2978,0500000US40113
4,7079,3455,3624,0500000US40113
5,5494,2540,2954,0500000US40113
6,2915,1399,1516,0500000US40113
7,977,404,573,0500000US40113
0,31175,15313,15862,0500000US40115
1,8661,4494,4167,0500000US40115
2,9215,4582,4633,0500000US40115
3,3621,1796,1825,0500000US40115
4,3958,1898,2060,0500000US40115
5,3229,1530,1699,0500000US40115
6,1805,783,1022,0500000US40115
7,686,230,456,0500000US40115
0,16390,8125,8265,0500000US40117
1,4261,2183,2078,0500000US40117
2,4538,2286,2252,0500000US40117
3,2121,1063,1058,0500000US40117
4,2306,1128,1178,0500000US40117
5,1797,854,943,0500000US40117
6,1031,475,556,0500000US40117
7,336,136,200,0500000US40117
0,82040,41905,40135,0500000US40119
1,21064,10684,10380,0500000US40119
2,36132,19461,16671,0500000US40119
3,6867,3432,3435,0500000US40119
4,7669,3696,3973,0500000US40119
5,5819,2735,3084,0500000US40119
6,3134,1351,1783,0500000US40119
7,1355,546,809,0500000US40119
0,43877,22362,21515,0500000US40121
1,10623,5490,5133,0500000US40121
2,13488,7378,6110,0500000US40121
3,5188,2718,2470,0500000US40121
4,5788,2789,2999,0500000US40121
5,4917,2348,2569,0500000US40121
6,2824,1230,1594,0500000US40121
7,1049,409,640,0500000US40121
0,38247,18570,19677,0500000US40123
1,10522,5287,5235,0500000US40123
2,12676,6308,6368,0500000US40123
3,4137,2057,2080,0500000US40123
4,4596,2169,2427,0500000US40123
5,3485,1601,1884,0500000US40123
6,1995,851,1144,0500000US40123
7,836,297,539,0500000US40123
0,72679,34813,37866,0500000US40125
1,19365,9812,9553,0500000US40125
2,23235,11031,12204,0500000US40125
3,8911,4253,4658,0500000US40125
4,9314,4428,4886,0500000US40125
5,6883,3186,3697,0500000US40125
6,3660,1631,2029,0500000US40125
7,1311,472,839,0500000US40125
0,11179,5489,5690,0500000US40127
1,2715,1382,1333,0500000US40127
2,2983,1504,1479,0500000US40127
3,1371,656,715,0500000US40127
4,1538,774,764,0500000US40127
5,1422,652,770,0500000US40127
6,844,395,449,0500000US40127
7,306,126,180,0500000US40127
0,3656,1817,1839,0500000US40129
1,998,494,504,0500000US40129
2,968,496,472,0500000US40129
3,409,216,193,0500000US40129
4,521,265,256,0500000US40129
5,406,196,210,0500000US40129
6,256,106,150,0500000US40129
7,98,44,54,0500000US40129
0,91984,45861,46123,0500000US40131
1,23809,12281,11528,0500000US40131
2,28322,14253,14069,0500000US40131
3,12182,6035,6147,0500000US40131
4,12590,6247,6343,0500000US40131
5,8814,4200,4614,0500000US40131
6,4692,2185,2507,0500000US40131
7,1575,660,915,0500000US40131
0,24578,12057,12521,0500000US40133
1,6843,3496,3347,0500000US40133
2,7071,3510,3561,0500000US40133
3,2933,1440,1493,0500000US40133
4,3299,1617,1682,0500000US40133
5,2466,1173,1293,0500000US40133
6,1473,658,815,0500000US40133
7,493,163,330,0500000US40133
0,41179,20267,20912,0500000US40135
1,10400,5330,5070,0500000US40135
2,12061,6053,6008,0500000US40135
3,5410,2635,2775,0500000US40135
4,5506,2674,2832,0500000US40135
5,4522,2141,2381,0500000US40135
6,2510,1110,1400,0500000US40135
7,770,324,446,0500000US40135
0,43265,20912,22353,0500000US40137
1,10964,5533,5431,0500000US40137
2,12416,6118,6298,0500000US40137
3,5034,2444,2590,0500000US40137
4,6219,3000,3219,0500000US40137
5,4770,2215,2555,0500000US40137
6,2741,1195,1546,0500000US40137
7,1121,407,714,0500000US40137
0,20455,10943,9512,0500000US40139
1,6406,3360,3046,0500000US40139
2,7065,3998,3067,0500000US40139
3,2389,1259,1130,0500000US40139
4,2198,1173,1025,0500000US40139
5,1389,705,684,0500000US40139
6,725,341,384,0500000US40139
7,283,107,176,0500000US40139
0,7348,3706,3642,0500000US40141
1,1880,930,950,0500000US40141
2,2029,1091,938,0500000US40141
3,921,476,445,0500000US40141
4,1049,523,526,0500000US40141
5,826,412,414,0500000US40141
6,482,211,271,0500000US40141
7,161,63,98,0500000US40141
0,648360,316369,331991,0500000US40143
1,179914,92120,87794,0500000US40143
2,219863,108936,110927,0500000US40143
3,76971,37861,39110,0500000US40143
4,78294,37327,40967,0500000US40143
5,54792,24896,29896,0500000US40143
6,26620,11138,15482,0500000US40143
7,11906,4091,7815,0500000US40143
0,80110,39674,40436,0500000US40145
1,21242,10937,10305,0500000US40145
2,25057,12404,12653,0500000US40145
3,10208,5115,5093,0500000US40145
4,10546,5122,5424,0500000US40145
5,7999,3799,4200,0500000US40145
6,3896,1842,2054,0500000US40145
7,1162,455,707,0500000US40145
0,51843,25268,26575,0500000US40147
1,13568,6987,6581,0500000US40147
2,15294,7729,7565,0500000US40147
3,5832,2793,3039,0500000US40147
4,7050,3328,3722,0500000US40147
5,5296,2430,2866,0500000US40147
6,3308,1452,1856,0500000US40147
7,1495,549,946,0500000US40147
0,11127,5522,5605,0500000US40149
1,3082,1609,1473,0500000US40149
2,3148,1592,1556,0500000US40149
3,1204,588,616,0500000US40149
4,1686,851,835,0500000US40149
5,1082,510,572,0500000US40149
6,627,282,345,0500000US40149
7,298,90,208,0500000US40149
0,8897,4746,4151,0500000US40151
1,2239,1200,1039,0500000US40151
2,3279,1907,1372,0500000US40151
3,846,429,417,0500000US40151
4,1011,503,508,0500000US40151
5,778,382,396,0500000US40151
6,485,229,256,0500000US40151
7,259,96,163,0500000US40151
0,20222,10634,9588,0500000US40153
1,5422,2773,2649,0500000US40153
2,6799,3832,2967,0500000US40153
3,2310,1286,1024,0500000US40153
4,2513,1290,1223,0500000US40153
5,1725,816,909,0500000US40153
6,1122,513,609,0500000US40153
7,331,124,207,0500000US40153
0,16006,8146,7860,0500000US41001
1,3400,1763,1637,0500000US41001
2,4083,2177,1906,0500000US41001
3,1792,912,880,0500000US41001
4,2504,1198,1306,0500000US41001
5,2399,1205,1194,0500000US41001
6,1337,659,678,0500000US41001
7,491,232,259,0500000US41001
0,92101,46216,45885,0500000US41003
1,20606,10417,10189,0500000US41003
2,36905,19449,17456,0500000US41003
3,8990,4393,4597,0500000US41003
4,10655,4967,5688,0500000US41003
5,9179,4499,4680,0500000US41003
6,3990,1824,2166,0500000US41003
7,1776,667,1109,0500000US41003
0,416075,205076,210999,0500000US41005
1,98171,50371,47800,0500000US41005
2,128969,64788,64181,0500000US41005
3,55280,27491,27789,0500000US41005
4,58337,28275,30062,0500000US41005
5,46094,21699,24395,0500000US41005
6,20451,9370,11081,0500000US41005
7,8773,3082,5691,0500000US41005
0,39764,19655,20109,0500000US41007
1,8478,4262,4216,0500000US41007
2,11665,5965,5700,0500000US41007
3,4484,2224,2260,0500000US41007
4,6219,2975,3244,0500000US41007
5,5748,2816,2932,0500000US41007
6,2402,1153,1249,0500000US41007
7,768,260,508,0500000US41007
0,52377,26190,26187,0500000US41009
1,12211,6262,5949,0500000US41009
2,15195,7701,7494,0500000US41009
3,7100,3589,3511,0500000US41009
4,8062,3965,4097,0500000US41009
5,6052,2982,3070,0500000US41009
6,2817,1358,1459,0500000US41009
7,940,333,607,0500000US41009
0,64389,31756,32633,0500000US41011
1,12997,6618,6379,0500000US41011
2,17096,8691,8405,0500000US41011
3,7167,3537,3630,0500000US41011
4,10503,4956,5547,0500000US41011
5,9729,4690,5039,0500000US41011
6,5154,2480,2674,0500000US41011
7,1743,784,959,0500000US41011
0,23867,11858,12009,0500000US41013
1,5144,2625,2519,0500000US41013
2,6260,3129,3131,0500000US41013
3,2698,1303,1395,0500000US41013
4,3821,1840,1981,0500000US41013
5,3675,1818,1857,0500000US41013
6,1716,905,811,0500000US41013
7,553,238,315,0500000US41013
0,22813,11227,11586,0500000US41015
1,3615,1890,1725,0500000US41015
2,4743,2430,2313,0500000US41015
3,2466,1172,1294,0500000US41015
4,4189,1965,2224,0500000US41015
5,4646,2295,2351,0500000US41015
6,2376,1132,1244,0500000US41015
7,778,343,435,0500000US41015
0,191996,95002,96994,0500000US41017
1,42326,21760,20566,0500000US41017
2,59794,30223,29571,0500000US41017
3,24340,12062,12278,0500000US41017
4,27128,12662,14466,0500000US41017
5,24437,11862,12575,0500000US41017
6,10333,5033,5300,0500000US41017
7,3638,1400,2238,0500000US41017
0,110283,54364,55919,0500000US41019
1,23384,12019,11365,0500000US41019
2,29106,14590,14516,0500000US41019
3,12435,6108,6327,0500000US41019
4,16984,8131,8853,0500000US41019
5,16279,7951,8328,0500000US41019
6,8662,4201,4461,0500000US41019
7,3433,1364,2069,0500000US41019
0,1894,968,926,0500000US41021
1,403,217,186,0500000US41021
2,430,231,199,0500000US41021
3,194,94,100,0500000US41021
4,340,181,159,0500000US41021
5,288,145,143,0500000US41021
6,150,69,81,0500000US41021
7,89,31,58,0500000US41021
0,7176,3587,3589,0500000US41023
1,1384,709,675,0500000US41023
2,1691,865,826,0500000US41023
3,721,331,390,0500000US41023
4,1200,582,618,0500000US41023
5,1200,611,589,0500000US41023
6,699,359,340,0500000US41023
7,281,130,151,0500000US41023
0,7329,3738,3591,0500000US41025
1,1653,910,743,0500000US41025
2,1992,1025,967,0500000US41025
3,799,373,426,0500000US41025
4,1092,539,553,0500000US41025
5,1019,525,494,0500000US41025
6,575,289,286,0500000US41025
7,199,77,122,0500000US41025
0,23428,11711,11717,0500000US41027
1,6229,3163,3066,0500000US41027
2,7405,3776,3629,0500000US41027
3,2985,1484,1501,0500000US41027
4,3143,1564,1579,0500000US41027
5,2170,1114,1056,0500000US41027
6,998,456,542,0500000US41027
7,498,154,344,0500000US41027
0,219564,107102,112462,0500000US41029
1,49966,25511,24455,0500000US41029
2,65506,32633,32873,0500000US41029
3,25142,12410,12732,0500000US41029
4,30714,14456,16258,0500000US41029
5,28608,13529,15079,0500000US41029
6,13914,6388,7526,0500000US41029
7,5714,2175,3539,0500000US41029
0,24192,12478,11714,0500000US41031
1,6188,3156,3032,0500000US41031
2,7066,3851,3215,0500000US41031
3,2915,1528,1387,0500000US41031
4,3309,1634,1675,0500000US41031
5,2913,1463,1450,0500000US41031
6,1446,694,752,0500000US41031
7,355,152,203,0500000US41031
0,87393,42681,44712,0500000US41033
1,18779,9738,9041,0500000US41033
2,22533,11438,11095,0500000US41033
3,9843,4766,5077,0500000US41033
4,13529,6268,7261,0500000US41033
5,13209,6228,6981,0500000US41033
6,6858,3214,3644,0500000US41033
7,2642,1029,1613,0500000US41033
0,67653,33817,33836,0500000US41035
1,16313,8419,7894,0500000US41035
2,19736,10042,9694,0500000US41035
3,7690,3848,3842,0500000US41035
4,9574,4578,4996,0500000US41035
5,8733,4351,4382,0500000US41035
6,4192,2039,2153,0500000US41035
7,1415,540,875,0500000US41035
0,7879,4201,3678,0500000US41037
1,1662,843,819,0500000US41037
2,2020,1137,883,0500000US41037
3,934,541,393,0500000US41037
4,1276,630,646,0500000US41037
5,1147,623,524,0500000US41037
6,627,336,291,0500000US41037
7,213,91,122,0500000US41037
0,379611,186873,192738,0500000US41039
1,82104,41973,40131,0500000US41039
2,131474,66620,64854,0500000US41039
3,42330,21103,21227,0500000US41039
4,50311,23554,26757,0500000US41039
5,44491,21125,23366,0500000US41039
6,20558,9357,11201,0500000US41039
7,8343,3141,5202,0500000US41039
0,49388,23815,25573,0500000US41041
1,9247,4766,4481,0500000US41041
2,11845,5870,5975,0500000US41041
3,5398,2561,2837,0500000US41041
4,8856,4075,4781,0500000US41041
5,8929,4200,4729,0500000US41041
6,3856,1857,1999,0500000US41041
7,1257,486,771,0500000US41041
0,127335,62960,64375,0500000US41043
1,31365,16142,15223,0500000US41043
2,39706,19797,19909,0500000US41043
3,15076,7490,7586,0500000US41043
4,17517,8502,9015,0500000US41043
5,14150,6898,7252,0500000US41043
6,6984,3137,3847,0500000US41043
7,2537,994,1543,0500000US41043
0,30725,16677,14048,0500000US41045
1,8863,4499,4364,0500000US41045
2,9850,5927,3923,0500000US41045
3,3439,1997,1442,0500000US41045
4,3517,1851,1666,0500000US41045
5,2814,1410,1404,0500000US41045
6,1565,723,842,0500000US41045
7,677,270,407,0500000US41045
0,346868,172899,173969,0500000US41047
1,94498,48625,45873,0500000US41047
2,115830,59469,56361,0500000US41047
3,40449,20495,19954,0500000US41047
4,41742,20142,21600,0500000US41047
5,32114,14843,17271,0500000US41047
6,15674,6955,8719,0500000US41047
7,6561,2370,4191,0500000US41047
0,11372,5842,5530,0500000US41049
1,3460,1840,1620,0500000US41049
2,3198,1648,1550,0500000US41049
3,1295,648,647,0500000US41049
4,1538,770,768,0500000US41049
5,1152,570,582,0500000US41049
6,557,274,283,0500000US41049
7,172,92,80,0500000US41049
0,811880,402182,409698,0500000US41051
1,169151,86609,82542,0500000US41051
2,334030,167130,166900,0500000US41051
3,106705,54582,52123,0500000US41051
4,92914,45552,47362,0500000US41051
5,69007,32320,36687,0500000US41051
6,27584,11826,15758,0500000US41051
7,12489,4163,8326,0500000US41051
0,85234,41658,43576,0500000US41053
1,22365,11288,11077,0500000US41053
2,28076,13906,14170,0500000US41053
3,9406,4619,4787,0500000US41053
4,10112,4776,5336,0500000US41053
5,8943,4226,4717,0500000US41053
6,4548,2120,2428,0500000US41053
7,1784,723,1061,0500000US41053
0,1708,880,828,0500000US41055
1,347,182,165,0500000US41055
2,423,214,209,0500000US41055
3,200,108,92,0500000US41055
4,285,142,143,0500000US41055
5,233,125,108,0500000US41055
6,154,70,84,0500000US41055
7,66,39,27,0500000US41055
0,26787,13561,13226,0500000US41057
1,5525,2932,2593,0500000US41057
2,6922,3647,3275,0500000US41057
3,3063,1528,1535,0500000US41057
4,4368,2116,2252,0500000US41057
5,4350,2102,2248,0500000US41057
6,1918,977,941,0500000US41057
7,641,259,382,0500000US41057
0,77516,40461,37055,0500000US41059
1,21484,10960,10524,0500000US41059
2,25581,14229,11352,0500000US41059
3,9157,4842,4315,0500000US41059
4,9174,4684,4490,0500000US41059
5,7112,3513,3599,0500000US41059
6,3565,1684,1881,0500000US41059
7,1443,549,894,0500000US41059
0,26461,13158,13303,0500000US41061
1,6815,3525,3290,0500000US41061
2,8173,4153,4020,0500000US41061
3,2589,1278,1311,0500000US41061
4,3546,1663,1883,0500000US41061
5,3041,1527,1514,0500000US41061
6,1590,754,836,0500000US41061
7,707,258,449,0500000US41061
0,7081,3498,3583,0500000US41063
1,1427,733,694,0500000US41063
2,1637,814,823,0500000US41063
3,709,328,381,0500000US41063
4,1242,581,661,0500000US41063
5,1208,619,589,0500000US41063
6,609,321,288,0500000US41063
7,249,102,147,0500000US41063
0,26505,13322,13183,0500000US41065
1,6399,3368,3031,0500000US41065
2,8080,4151,3929,0500000US41065
3,2862,1431,1431,0500000US41065
4,3706,1773,1933,0500000US41065
5,3226,1648,1578,0500000US41065
6,1537,716,821,0500000US41065
7,695,235,460,0500000US41065
0,597695,295687,302008,0500000US41067
1,149435,76462,72973,0500000US41067
2,219972,111437,108535,0500000US41067
3,78938,39522,39416,0500000US41067
4,69082,33461,35621,0500000US41067
5,48854,22146,26708,0500000US41067
6,21697,9294,12403,0500000US41067
7,9717,3365,6352,0500000US41067
0,1366,677,689,0500000US41069
1,235,120,115,0500000US41069
2,268,145,123,0500000US41069
3,146,73,73,0500000US41069
4,242,114,128,0500000US41069
5,243,122,121,0500000US41069
6,173,82,91,0500000US41069
7,59,21,38,0500000US41069
0,107002,53571,53431,0500000US41071
1,27209,13803,13406,0500000US41071
2,34765,18075,16690,0500000US41071
3,12937,6716,6221,0500000US41071
4,13754,6654,7100,0500000US41071
5,10800,5147,5653,0500000US41071
6,5208,2313,2895,0500000US41071
7,2329,863,1466,0500000US41071
0,102811,50589,52222,0500000US42001
1,23511,11903,11608,0500000US42001
2,28611,14515,14096,0500000US42001
3,14239,7032,7207,0500000US42001
4,15496,7581,7915,0500000US42001
5,12058,5748,6310,0500000US42001
6,6215,2833,3382,0500000US42001
7,2681,977,1704,0500000US42001
0,1218452,588896,629556,0500000US42003
1,259649,132326,127323,0500000US42003
2,406423,204481,201942,0500000US42003
3,146446,71330,75116,0500000US42003
4,175557,83388,92169,0500000US42003
5,127343,58418,68925,0500000US42003
6,67021,27124,39897,0500000US42003
7,36013,11829,24184,0500000US42003
0,65263,32502,32761,0500000US42005
1,13722,7034,6688,0500000US42005
2,17529,8992,8537,0500000US42005
3,8855,4486,4369,0500000US42005
4,10819,5483,5336,0500000US42005
5,8007,3953,4054,0500000US42005
6,4386,1855,2531,0500000US42005
7,1945,699,1246,0500000US42005
0,164742,80005,84737,0500000US42007
1,35252,18040,17212,0500000US42007
2,46625,23614,23011,0500000US42007
3,21010,10247,10763,0500000US42007
4,26443,12791,13652,0500000US42007
5,19490,9130,10360,0500000US42007
6,10768,4483,6285,0500000US42007
7,5154,1700,3454,0500000US42007
0,48176,24000,24176,0500000US42009
1,10352,5334,5018,0500000US42009
2,12535,6447,6088,0500000US42009
3,6678,3374,3304,0500000US42009
4,7593,3788,3805,0500000US42009
5,5877,2873,3004,0500000US42009
6,3634,1626,2008,0500000US42009
7,1507,558,949,0500000US42009
0,420152,206740,213412,0500000US42011
1,106447,54246,52201,0500000US42011
2,128197,64514,63683,0500000US42011
3,55813,27304,28509,0500000US42011
4,57343,28403,28940,0500000US42011
5,40586,19346,21240,0500000US42011
6,21139,9235,11904,0500000US42011
7,10627,3692,6935,0500000US42011
0,122492,59979,62513,0500000US42013
1,28137,14593,13544,0500000US42013
2,35332,17915,17417,0500000US42013
3,15633,7785,7848,0500000US42013
4,17945,8698,9247,0500000US42013
5,14042,6615,7427,0500000US42013
6,7737,3228,4509,0500000US42013
7,3666,1145,2521,0500000US42013
0,60833,30157,30676,0500000US42015
1,14601,7426,7175,0500000US42015
2,16050,8045,8005,0500000US42015
3,7801,3886,3915,0500000US42015
4,9426,4698,4728,0500000US42015
5,7291,3571,3720,0500000US42015
6,4067,1894,2173,0500000US42015
7,1597,637,960,0500000US42015
0,628195,308395,319800,0500000US42017
1,142037,73047,68990,0500000US42017
2,179541,90215,89326,0500000US42017
3,89864,43868,45996,0500000US42017
4,99693,48955,50738,0500000US42017
5,66471,31674,34797,0500000US42017
6,34134,14879,19255,0500000US42017
7,16455,5757,10698,0500000US42017
0,187888,93117,94771,0500000US42019
1,43050,22062,20988,0500000US42019
2,53983,27579,26404,0500000US42019
3,26556,13247,13309,0500000US42019
4,28958,14387,14571,0500000US42019
5,20013,9633,10380,0500000US42019
6,10374,4564,5810,0500000US42019
7,4954,1645,3309,0500000US42019
0,131730,64770,66960,0500000US42021
1,29059,14831,14228,0500000US42021
2,35997,18429,17568,0500000US42021
3,16624,8393,8231,0500000US42021
4,20314,10067,10247,0500000US42021
5,16471,7918,8553,0500000US42021
6,8755,3698,5057,0500000US42021
7,4510,1434,3076,0500000US42021
0,4492,2246,2246,0500000US42023
1,856,446,410,0500000US42023
2,1020,534,486,0500000US42023
3,575,294,281,0500000US42023
4,818,395,423,0500000US42023
5,685,368,317,0500000US42023
6,352,150,202,0500000US42023
7,186,59,127,0500000US42023
0,64227,32037,32190,0500000US42025
1,13573,6910,6663,0500000US42025
2,17483,9040,8443,0500000US42025
3,9220,4598,4622,0500000US42025
4,10326,5177,5149,0500000US42025
5,7922,3912,4010,0500000US42025
6,4066,1852,2214,0500000US42025
7,1637,548,1089,0500000US42025
0,162805,85643,77162,0500000US42027
1,35904,18318,17586,0500000US42027
2,67166,37850,29316,0500000US42027
3,18002,9459,8543,0500000US42027
4,18538,9440,9098,0500000US42027
5,13143,6355,6788,0500000US42027
6,6964,3080,3884,0500000US42027
7,3088,1141,1947,0500000US42027
0,522046,257214,264832,0500000US42029
1,133061,67444,65617,0500000US42029
2,157237,79509,77728,0500000US42029
3,72925,36012,36913,0500000US42029
4,73488,35993,37495,0500000US42029
5,49559,23427,26132,0500000US42029
6,24438,10737,13701,0500000US42029
7,11338,4092,7246,0500000US42029
0,38779,18984,19795,0500000US42031
1,8968,4471,4497,0500000US42031
2,11845,5896,5949,0500000US42031
3,4841,2407,2434,0500000US42031
4,5522,2743,2779,0500000US42031
5,4196,2037,2159,0500000US42031
6,2443,1072,1371,0500000US42031
7,964,358,606,0500000US42031
0,79388,41694,37694,0500000US42033
1,15926,8265,7661,0500000US42033
2,23785,13730,10055,0500000US42033
3,11392,6183,5209,0500000US42033
4,11994,6153,5841,0500000US42033
5,8963,4391,4572,0500000US42033
6,5072,2220,2852,0500000US42033
7,2256,752,1504,0500000US42033
0,38684,19036,19648,0500000US42035
1,9382,4713,4669,0500000US42035
2,12284,6181,6103,0500000US42035
3,4528,2284,2244,0500000US42035
4,5258,2563,2695,0500000US42035
5,3956,1907,2049,0500000US42035
6,2345,1038,1307,0500000US42035
7,931,350,581,0500000US42035
0,65456,31534,33922,0500000US42037
1,14760,7208,7552,0500000US42037
2,20629,10219,10410,0500000US42037
3,8071,4072,3999,0500000US42037
4,9216,4432,4784,0500000US42037
5,7232,3402,3830,0500000US42037
6,3792,1590,2202,0500000US42037
7,1756,611,1145,0500000US42037
0,85063,41672,43391,0500000US42039
1,20056,10265,9791,0500000US42039
2,23679,11662,12017,0500000US42039
3,11063,5366,5697,0500000US42039
4,12762,6199,6563,0500000US42039
5,10345,5015,5330,0500000US42039
6,5217,2447,2770,0500000US42039
7,1941,718,1223,0500000US42039
0,251423,124444,126979,0500000US42041
1,58750,29809,28941,0500000US42041
2,80048,41502,38546,0500000US42041
3,32414,16417,15997,0500000US42041
4,33666,16331,17335,0500000US42041
5,26098,12218,13880,0500000US42041
6,13887,5913,7974,0500000US42041
7,6560,2254,4306,0500000US42041
0,277097,134218,142879,0500000US42043
1,68078,34720,33358,0500000US42043
2,88104,43458,44646,0500000US42043
3,35213,17280,17933,0500000US42043
4,38700,18414,20286,0500000US42043
5,27634,12766,14868,0500000US42043
6,13209,5541,7668,0500000US42043
7,6159,2039,4120,0500000US42043
0,564751,271816,292935,0500000US42045
1,141413,72334,69079,0500000US42045
2,180245,88538,91707,0500000US42045
3,71733,34504,37229,0500000US42045
4,78753,37199,41554,0500000US42045
5,51632,23611,28021,0500000US42045
6,26336,10820,15516,0500000US42045
7,14639,4810,9829,0500000US42045
0,30169,15145,15024,0500000US42047
1,6437,3311,3126,0500000US42047
2,7582,3911,3671,0500000US42047
3,4427,2253,2174,0500000US42047
4,5083,2646,2437,0500000US42047
5,3557,1757,1800,0500000US42047
6,2137,955,1182,0500000US42047
7,946,312,634,0500000US42047
0,272061,134373,137688,0500000US42049
1,66845,34254,32591,0500000US42049
2,84008,42697,41311,0500000US42049
3,33702,16716,16986,0500000US42049
4,38606,18939,19667,0500000US42049
5,27957,13337,14620,0500000US42049
6,14005,6084,7921,0500000US42049
7,6938,2346,4592,0500000US42049
0,130441,64616,65825,0500000US42051
1,27433,13969,13464,0500000US42051
2,37409,19646,17763,0500000US42051
3,17860,8960,8900,0500000US42051
4,20136,9816,10320,0500000US42051
5,15591,7480,8111,0500000US42051
6,8261,3542,4719,0500000US42051
7,3751,1203,2548,0500000US42051
0,7279,4985,2294,0500000US42053
1,926,595,331,0500000US42053
2,2790,2368,422,0500000US42053
3,920,611,309,0500000US42053
4,998,561,437,0500000US42053
5,944,493,451,0500000US42053
6,559,278,281,0500000US42053
7,142,79,63,0500000US42053
0,154835,76005,78830,0500000US42055
1,37936,19423,18513,0500000US42055
2,44770,22351,22419,0500000US42055
3,20602,10389,10213,0500000US42055
4,21102,10308,10794,0500000US42055
5,16765,7832,8933,0500000US42055
6,9454,4231,5223,0500000US42055
7,4206,1471,2735,0500000US42055
0,14523,7355,7168,0500000US42057
1,3221,1666,1555,0500000US42057
2,3935,2022,1913,0500000US42057
3,2088,1088,1000,0500000US42057
4,2149,1096,1053,0500000US42057
5,1774,862,912,0500000US42057
6,1052,484,568,0500000US42057
7,304,137,167,0500000US42057
0,36506,18903,17603,0500000US42059
1,8149,4154,3995,0500000US42059
2,11216,6280,4936,0500000US42059
3,4923,2637,2286,0500000US42059
4,5322,2646,2676,0500000US42059
5,4151,2051,2100,0500000US42059
6,1902,849,1053,0500000US42059
7,843,286,557,0500000US42059
0,45168,24007,21161,0500000US42061
1,9499,4757,4742,0500000US42061
2,13837,8177,5660,0500000US42061
3,6032,3367,2665,0500000US42061
4,6434,3317,3117,0500000US42061
5,5317,2659,2658,0500000US42061
6,2888,1308,1580,0500000US42061
7,1161,422,739,0500000US42061
0,84501,42325,42176,0500000US42063
1,19343,9831,9512,0500000US42063
2,26814,14020,12794,0500000US42063
3,9892,4995,4897,0500000US42063
4,11972,5975,5997,0500000US42063
5,9222,4535,4687,0500000US42063
6,5106,2306,2800,0500000US42063
7,2152,663,1489,0500000US42063
0,43641,21732,21909,0500000US42065
1,10119,5179,4940,0500000US42065
2,11997,6144,5853,0500000US42065
3,5598,2835,2763,0500000US42065
4,6730,3380,3350,0500000US42065
5,5003,2456,2547,0500000US42065
6,2918,1298,1620,0500000US42065
7,1276,440,836,0500000US42065
0,24704,12385,12319,0500000US42067
1,6065,3105,2960,0500000US42067
2,6819,3469,3350,0500000US42067
3,3273,1678,1595,0500000US42067
4,3585,1795,1790,0500000US42067
5,2767,1413,1354,0500000US42067
6,1529,683,846,0500000US42067
7,666,242,424,0500000US42067
0,210793,102330,108463,0500000US42069
1,48927,25106,23821,0500000US42069
2,62800,31327,31473,0500000US42069
3,27114,13351,13763,0500000US42069
4,29891,14444,15447,0500000US42069
5,23114,10940,12174,0500000US42069
6,12539,5276,7263,0500000US42069
7,6408,1886,4522,0500000US42069
0,543557,266316,277241,0500000US42071
1,142429,72856,69573,0500000US42071
2,167594,83523,84071,0500000US42071
3,64838,32062,32776,0500000US42071
4,71136,34394,36742,0500000US42071
5,52792,24897,27895,0500000US42071
6,29416,12956,16460,0500000US42071
7,15352,5628,9724,0500000US42071
0,86184,41712,44472,0500000US42073
1,19120,9611,9509,0500000US42073
2,23678,11996,11682,0500000US42073
3,11019,5462,5557,0500000US42073
4,13416,6465,6951,0500000US42073
5,10235,4762,5473,0500000US42073
6,5795,2443,3352,0500000US42073
7,2921,973,1948,0500000US42073
0,141314,69449,71865,0500000US42075
1,35590,18247,17343,0500000US42075
2,41653,20927,20726,0500000US42075
3,17591,8763,8828,0500000US42075
4,19083,9316,9767,0500000US42075
5,14937,7147,7790,0500000US42075
6,8404,3638,4766,0500000US42075
7,4056,1411,2645,0500000US42075
0,368100,180188,187912,0500000US42077
1,92884,47825,45059,0500000US42077
2,118383,59211,59172,0500000US42077
3,47157,23141,24016,0500000US42077
4,48169,23175,24994,0500000US42077
5,34098,15965,18133,0500000US42077
6,18376,7859,10517,0500000US42077
7,9033,3012,6021,0500000US42077
0,317646,157145,160501,0500000US42079
1,70758,36173,34585,0500000US42079
2,96091,50090,46001,0500000US42079
3,42829,21637,21192,0500000US42079
4,44784,21988,22796,0500000US42079
5,34681,16418,18263,0500000US42079
6,18847,7919,10928,0500000US42079
7,9656,2920,6736,0500000US42079
0,113664,55665,57999,0500000US42081
1,26435,13544,12891,0500000US42081
2,34393,17300,17093,0500000US42081
3,14289,6937,7352,0500000US42081
4,16612,8180,8432,0500000US42081
5,12252,5866,6386,0500000US42081
6,6508,2760,3748,0500000US42081
7,3175,1078,2097,0500000US42081
0,40968,21054,19914,0500000US42083
1,9239,4853,4386,0500000US42083
2,12081,6663,5418,0500000US42083
3,5459,2848,2611,0500000US42083
4,6229,3091,3138,0500000US42083
5,4402,2139,2263,0500000US42083
6,2433,1061,1372,0500000US42083
7,1125,399,726,0500000US42083
0,110683,54732,55951,0500000US42085
1,24706,12872,11834,0500000US42085
2,30798,15843,14955,0500000US42085
3,14433,7268,7165,0500000US42085
4,16755,8218,8537,0500000US42085
5,12950,6165,6785,0500000US42085
6,7299,3121,4178,0500000US42085
7,3742,1245,2497,0500000US42085
0,46222,22636,23586,0500000US42087
1,11174,5685,5489,0500000US42087
2,12465,6309,6156,0500000US42087
3,6111,3021,3090,0500000US42087
4,6438,3185,3253,0500000US42087
5,5331,2455,2876,0500000US42087
6,3323,1532,1791,0500000US42087
7,1380,449,931,0500000US42087
0,169507,83972,85535,0500000US42089
1,39011,19891,19120,0500000US42089
2,49755,25039,24716,0500000US42089
3,24504,11861,12643,0500000US42089
4,27056,13476,13580,0500000US42089
5,17846,8811,9035,0500000US42089
6,8392,3808,4584,0500000US42089
7,2943,1086,1857,0500000US42089
0,828604,403268,425336,0500000US42091
1,197356,100481,96875,0500000US42091
2,254773,127960,126813,0500000US42091
3,112407,55166,57241,0500000US42091
4,116944,56218,60726,0500000US42091
5,80727,37380,43347,0500000US42091
6,43069,18172,24897,0500000US42091
7,23328,7891,15437,0500000US42091
0,18240,8814,9426,0500000US42093
1,4063,2160,1903,0500000US42093
2,5379,2701,2678,0500000US42093
3,2177,1055,1122,0500000US42093
4,2783,1340,1443,0500000US42093
5,1963,902,1061,0500000US42093
6,1226,484,742,0500000US42093
7,649,172,477,0500000US42093
0,304807,149954,154853,0500000US42095
1,70540,36471,34069,0500000US42095
2,92125,46865,45260,0500000US42095
3,40624,20013,20611,0500000US42095
4,43563,21210,22353,0500000US42095
5,31991,15030,16961,0500000US42095
6,16837,7299,9538,0500000US42095
7,9127,3066,6061,0500000US42095
0,91083,45782,45301,0500000US42097
1,19437,10032,9405,0500000US42097
2,26411,14176,12235,0500000US42097
3,12097,6247,5850,0500000US42097
4,13680,6748,6932,0500000US42097
5,10720,5118,5602,0500000US42097
6,5914,2542,3372,0500000US42097
7,2824,919,1905,0500000US42097
0,46139,23328,22811,0500000US42099
1,10785,5718,5067,0500000US42099
2,13222,6712,6510,0500000US42099
3,6589,3367,3222,0500000US42099
4,7012,3481,3531,0500000US42099
5,5293,2704,2589,0500000US42099
6,2400,1082,1318,0500000US42099
7,838,264,574,0500000US42099
0,1584138,749572,834566,0500000US42101
1,388738,197032,191706,0500000US42101
2,613276,296006,317270,0500000US42101
3,181492,85766,95726,0500000US42101
4,184356,84012,100344,0500000US42101
5,124131,53422,70709,0500000US42101
6,62089,23987,38102,0500000US42101
7,30056,9347,20709,0500000US42101
0,55933,28368,27565,0500000US42103
1,11276,5884,5392,0500000US42103
2,14218,7489,6729,0500000US42103
3,8257,4055,4202,0500000US42103
4,9441,4756,4685,0500000US42103
5,7452,3681,3771,0500000US42103
6,4031,1981,2050,0500000US42103
7,1258,522,736,0500000US42103
0,16622,8285,8337,0500000US42105
1,3710,1892,1818,0500000US42105
2,4127,2107,2020,0500000US42105
3,2139,1102,1037,0500000US42105
4,2646,1306,1340,0500000US42105
5,2246,1109,1137,0500000US42105
6,1230,602,628,0500000US42105
7,524,167,357,0500000US42105
0,142067,72796,69271,0500000US42107
1,30600,15893,14707,0500000US42107
2,41217,22701,18516,0500000US42107
3,20270,10736,9534,0500000US42107
4,20974,10547,10427,0500000US42107
5,16257,7895,8362,0500000US42107
6,8606,3713,4893,0500000US42107
7,4143,1311,2832,0500000US42107
0,40540,20092,20448,0500000US42109
1,10248,5291,4957,0500000US42109
2,11855,5950,5905,0500000US42109
3,5206,2641,2565,0500000US42109
4,5537,2755,2782,0500000US42109
5,4221,2018,2203,0500000US42109
6,2438,1092,1346,0500000US42109
7,1035,345,690,0500000US42109
0,73952,38648,35304,0500000US42111
1,14557,7401,7156,0500000US42111
2,21118,12254,8864,0500000US42111
3,10182,5501,4681,0500000US42111
4,11560,5926,5634,0500000US42111
5,9125,4545,4580,0500000US42111
6,4968,2166,2802,0500000US42111
7,2442,855,1587,0500000US42111
0,6071,3176,2895,0500000US42113
1,816,473,343,0500000US42113
2,1521,843,678,0500000US42113
3,783,416,367,0500000US42113
4,1233,612,621,0500000US42113
5,960,485,475,0500000US42113
6,553,278,275,0500000US42113
7,205,69,136,0500000US42113
0,40589,20465,20124,0500000US42115
1,8297,4244,4053,0500000US42115
2,10116,5275,4841,0500000US42115
3,5451,2769,2682,0500000US42115
4,7121,3626,3495,0500000US42115
5,5467,2726,2741,0500000US42115
6,3031,1439,1592,0500000US42115
7,1106,386,720,0500000US42115
0,40763,20229,20534,0500000US42117
1,9249,4774,4475,0500000US42117
2,11149,5537,5612,0500000US42117
3,5165,2553,2612,0500000US42117
4,6217,3043,3174,0500000US42117
5,4982,2498,2484,0500000US42117
6,2911,1364,1547,0500000US42117
7,1090,460,630,0500000US42117
0,44785,24342,20443,0500000US42119
1,10338,5250,5088,0500000US42119
2,15411,9523,5888,0500000US42119
3,5519,3165,2354,0500000US42119
4,5427,2813,2614,0500000US42119
5,4212,2015,2197,0500000US42119
6,2585,1154,1431,0500000US42119
7,1293,422,871,0500000US42119
0,51266,25342,25924,0500000US42121
1,11023,5712,5311,0500000US42121
2,13262,6756,6506,0500000US42121
3,6656,3318,3338,0500000US42121
4,8830,4351,4479,0500000US42121
5,6596,3243,3353,0500000US42121
6,3336,1450,1886,0500000US42121
7,1563,512,1051,0500000US42121
0,39498,19770,19728,0500000US42123
1,8400,4318,4082,0500000US42123
2,10175,5247,4928,0500000US42123
3,5285,2675,2610,0500000US42123
4,6590,3308,3282,0500000US42123
5,4991,2419,2572,0500000US42123
6,2852,1338,1514,0500000US42123
7,1205,465,740,0500000US42123
0,207346,101855,105491,0500000US42125
1,45572,23322,22250,0500000US42125
2,59254,30143,29111,0500000US42125
3,27857,13820,14037,0500000US42125
4,32046,15612,16434,0500000US42125
5,24275,11643,12632,0500000US42125
6,12579,5420,7159,0500000US42125
7,5763,1895,3868,0500000US42125
0,51276,27158,24118,0500000US42127
1,9445,4916,4529,0500000US42127
2,13986,8130,5856,0500000US42127
3,7009,3792,3217,0500000US42127
4,8449,4349,4100,0500000US42127
5,7373,3693,3680,0500000US42127
6,3721,1797,1924,0500000US42127
7,1293,481,812,0500000US42127
0,350611,171509,179102,0500000US42129
1,71506,36628,34878,0500000US42129
2,93977,47888,46089,0500000US42129
3,48326,23887,24439,0500000US42129
4,57150,28040,29110,0500000US42129
5,44488,20998,23490,0500000US42129
6,23914,10295,13619,0500000US42129
7,11250,3773,7477,0500000US42129
0,27046,13571,13475,0500000US42131
1,5892,3070,2822,0500000US42131
2,7497,3857,3640,0500000US42131
3,3627,1769,1858,0500000US42131
4,4302,2151,2151,0500000US42131
5,3418,1704,1714,0500000US42131
6,1712,818,894,0500000US42131
7,598,202,396,0500000US42131
0,448273,221618,226655,0500000US42133
1,109506,56508,52998,0500000US42133
2,135415,68162,67253,0500000US42133
3,61506,30535,30971,0500000US42133
4,63630,31191,32439,0500000US42133
5,45162,21465,23697,0500000US42133
6,23141,10319,12822,0500000US42133
7,9913,3438,6475,0500000US42133
0,48649,23502,25147,0500000US44001
1,10991,5538,5453,0500000US44001
2,13603,6776,6827,0500000US44001
3,6851,3286,3565,0500000US44001
4,7608,3646,3962,0500000US44001
5,5160,2391,2769,0500000US44001
6,2836,1274,1562,0500000US44001
7,1600,591,1009,0500000US44001
0,163861,79191,84670,0500000US44003
1,33613,17259,16354,0500000US44003
2,50335,25341,24994,0500000US44003
3,23303,11305,11998,0500000US44003
4,25648,12051,13597,0500000US44003
5,17764,8204,9560,0500000US44003
6,8714,3589,5125,0500000US44003
7,4484,1442,3042,0500000US44003
0,82542,40769,41773,0500000US44005
1,16437,8363,8074,0500000US44005
2,24469,12873,11596,0500000US44005
3,10706,5209,5497,0500000US44005
4,12615,6046,6569,0500000US44005
5,10338,4942,5396,0500000US44005
6,5314,2415,2899,0500000US44005
7,2663,921,1742,0500000US44005
0,636084,309744,326340,0500000US44007
1,151216,76868,74348,0500000US44007
2,222710,111879,110831,0500000US44007
3,82077,39912,42165,0500000US44007
4,82864,39652,43212,0500000US44007
5,53917,25153,28764,0500000US44007
6,27695,11477,16218,0500000US44007
7,15605,4803,10802,0500000US44007
0,126179,61126,65053,0500000US44009
1,27243,13535,13708,0500000US44009
2,35916,18140,17776,0500000US44009
3,16433,7824,8609,0500000US44009
4,20423,9778,10645,0500000US44009
5,15416,7433,7983,0500000US44009
6,7248,3236,4012,0500000US44009
7,3500,1180,2320,0500000US44009
0,24541,11868,12673,0500000US45001
1,5657,2876,2781,0500000US45001
2,6752,3318,3434,0500000US45001
3,3205,1552,1653,0500000US45001
4,3584,1716,1868,0500000US45001
5,3150,1500,1650,0500000US45001
6,1602,698,904,0500000US45001
7,591,208,383,0500000US45001
0,169401,81847,87554,0500000US45003
1,40713,20718,19995,0500000US45003
2,50296,24622,25674,0500000US45003
3,21230,10170,11060,0500000US45003
4,24261,11589,12672,0500000US45003
5,19588,9092,10496,0500000US45003
6,9811,4466,5345,0500000US45003
7,3502,1190,2312,0500000US45003
0,8903,4691,4212,0500000US45005
1,1868,961,907,0500000US45005
2,2831,1758,1073,0500000US45005
3,1241,650,591,0500000US45005
4,1173,538,635,0500000US45005
5,1144,519,625,0500000US45005
6,459,202,257,0500000US45005
7,187,63,124,0500000US45005
0,200482,96527,103955,0500000US45007
1,50730,25716,25014,0500000US45007
2,59926,29036,30890,0500000US45007
3,26685,12975,13710,0500000US45007
4,26956,12844,14112,0500000US45007
5,21233,9825,11408,0500000US45007
6,11170,4883,6287,0500000US45007
7,3782,1248,2534,0500000US45007
0,14275,6866,7409,0500000US45009
1,3377,1741,1636,0500000US45009
2,3988,1989,1999,0500000US45009
3,1743,818,925,0500000US45009
4,2070,1002,1068,0500000US45009
5,1797,815,982,0500000US45009
6,881,374,507,0500000US45009
7,419,127,292,0500000US45009
0,21112,10069,11043,0500000US45011
1,5534,2804,2730,0500000US45011
2,5978,2904,3074,0500000US45011
3,2676,1280,1396,0500000US45011
4,3051,1387,1664,0500000US45011
5,2368,1095,1273,0500000US45011
6,1062,446,616,0500000US45011
7,443,153,290,0500000US45011
0,188715,92476,96239,0500000US45013
1,40111,20868,19243,0500000US45013
2,51625,26741,24884,0500000US45013
3,19735,9303,10432,0500000US45013
4,25802,11486,14316,0500000US45013
5,30623,14113,16510,0500000US45013
6,15975,7808,8167,0500000US45013
7,4844,2157,2687,0500000US45013
0,221091,109817,111274,0500000US45015
1,58575,30293,28282,0500000US45015
2,76546,38989,37557,0500000US45015
3,28312,13731,14581,0500000US45015
4,27248,12955,14293,0500000US45015
5,19536,9001,10535,0500000US45015
6,8555,3957,4598,0500000US45015
7,2319,891,1428,0500000US45015
0,14520,6943,7577,0500000US45017
1,3019,1568,1451,0500000US45017
2,3868,1891,1977,0500000US45017
3,1890,882,1008,0500000US45017
4,2365,1127,1238,0500000US45017
5,2026,926,1100,0500000US45017
6,1001,438,563,0500000US45017
7,351,111,240,0500000US45017
0,405905,196403,209502,0500000US45019
1,90293,45846,44447,0500000US45019
2,146887,73036,73851,0500000US45019
3,48703,23599,25104,0500000US45019
4,53401,24585,28816,0500000US45019
5,41337,18906,22431,0500000US45019
6,18111,7909,10202,0500000US45019
7,7173,2522,4651,0500000US45019
0,57078,27789,29289,0500000US45021
1,14764,7598,7166,0500000US45021
2,17464,8465,8999,0500000US45021
3,7816,3843,3973,0500000US45021
4,7436,3624,3812,0500000US45021
5,5827,2758,3069,0500000US45021
6,2761,1181,1580,0500000US45021
7,1010,320,690,0500000US45021
0,32251,15529,16722,0500000US45023
1,7929,4068,3861,0500000US45023
2,9177,4414,4763,0500000US45023
3,4413,2154,2259,0500000US45023
4,4677,2237,2440,0500000US45023
5,3593,1680,1913,0500000US45023
6,1782,757,1025,0500000US45023
7,680,219,461,0500000US45023
0,45754,22259,23495,0500000US45025
1,11049,5584,5465,0500000US45025
2,13289,6606,6683,0500000US45025
3,6500,3200,3300,0500000US45025
4,6521,3162,3359,0500000US45025
5,5199,2404,2795,0500000US45025
6,2422,1031,1391,0500000US45025
7,774,272,502,0500000US45025
0,33700,16548,17152,0500000US45027
1,7292,3792,3500,0500000US45027
2,9340,4933,4407,0500000US45027
3,4104,1939,2165,0500000US45027
4,5050,2294,2756,0500000US45027
5,4713,2156,2557,0500000US45027
6,2508,1160,1348,0500000US45027
7,693,274,419,0500000US45027
0,37660,18131,19529,0500000US45029
1,9203,4725,4478,0500000US45029
2,10584,5090,5494,0500000US45029
3,4782,2229,2553,0500000US45029
4,5496,2620,2876,0500000US45029
5,4667,2212,2455,0500000US45029
6,2208,982,1226,0500000US45029
7,720,273,447,0500000US45029
0,66802,31517,35285,0500000US45031
1,16530,8367,8163,0500000US45031
2,19423,9231,10192,0500000US45031
3,8683,4123,4560,0500000US45031
4,9488,4362,5126,0500000US45031
5,7648,3468,4180,0500000US45031
6,3745,1578,2167,0500000US45031
7,1285,388,897,0500000US45031
0,30599,14515,16084,0500000US45033
1,8436,4382,4054,0500000US45033
2,9232,4330,4902,0500000US45033
3,3676,1738,1938,0500000US45033
4,4155,1917,2238,0500000US45033
5,3065,1371,1694,0500000US45033
6,1464,617,847,0500000US45033
7,571,160,411,0500000US45033
0,160647,78076,82571,0500000US45035
1,42869,21794,21075,0500000US45035
2,52971,26056,26915,0500000US45035
3,21867,10604,11263,0500000US45035
4,20306,9555,10751,0500000US45035
5,14453,6693,7760,0500000US45035
6,6137,2665,3472,0500000US45035
7,2044,709,1335,0500000US45035
0,27052,14524,12528,0500000US45037
1,5465,2810,2655,0500000US45037
2,8776,5296,3480,0500000US45037
3,3750,2046,1704,0500000US45037
4,3987,2026,1961,0500000US45037
5,3075,1488,1587,0500000US45037
6,1454,688,766,0500000US45037
7,545,170,375,0500000US45037
0,22402,10703,11699,0500000US45039
1,4745,2440,2305,0500000US45039
2,5999,2863,3136,0500000US45039
3,2982,1423,1559,0500000US45039
4,3806,1759,2047,0500000US45039
5,3063,1458,1605,0500000US45039
6,1362,618,744,0500000US45039
7,445,142,303,0500000US45039
0,138159,64459,73700,0500000US45041
1,35867,18057,17810,0500000US45041
2,43132,20071,23061,0500000US45041
3,17778,8237,9541,0500000US45041
4,17911,8240,9671,0500000US45041
5,14322,6386,7936,0500000US45041
6,6790,2738,4052,0500000US45041
7,2359,730,1629,0500000US45041
0,62249,29460,32789,0500000US45043
1,12683,6577,6106,0500000US45043
2,14854,7147,7707,0500000US45043
3,7494,3452,4042,0500000US45043
4,9928,4409,5519,0500000US45043
5,10682,4882,5800,0500000US45043
6,5188,2463,2725,0500000US45043
7,1420,530,890,0500000US45043
0,514213,249364,264849,0500000US45045
1,130940,66453,64487,0500000US45045
2,170078,83711,86367,0500000US45045
3,67204,32815,34389,0500000US45045
4,64855,30740,34115,0500000US45045
5,48584,22275,26309,0500000US45045
6,23795,10294,13501,0500000US45045
7,8757,3076,5681,0500000US45045
0,70741,32949,37792,0500000US45047
1,18133,8991,9142,0500000US45047
2,21470,9873,11597,0500000US45047
3,8905,4178,4727,0500000US45047
4,9138,4263,4875,0500000US45047
5,7321,3351,3970,0500000US45047
6,3949,1663,2286,0500000US45047
7,1825,630,1195,0500000US45047
0,19351,9900,9451,0500000US45049
1,4529,2305,2224,0500000US45049
2,6144,3432,2712,0500000US45049
3,2471,1254,1217,0500000US45049
4,2644,1305,1339,0500000US45049
5,2123,1002,1121,0500000US45049
6,1066,467,599,0500000US45049
7,374,135,239,0500000US45049
0,344147,165810,178337,0500000US45051
1,69536,35240,34296,0500000US45051
2,95410,46881,48529,0500000US45051
3,42809,20378,22431,0500000US45051
4,53961,24474,29487,0500000US45051
5,54165,25859,28306,0500000US45051
6,22238,10659,11579,0500000US45051
7,6028,2319,3709,0500000US45051
0,28971,14620,14351,0500000US45053
1,6452,3296,3156,0500000US45053
2,9013,4950,4063,0500000US45053
3,3593,1798,1795,0500000US45053
4,4303,2012,2291,0500000US45053
5,3703,1708,1995,0500000US45053
6,1445,696,749,0500000US45053
7,462,160,302,0500000US45053
0,65592,31622,33970,0500000US45055
1,16568,8526,8042,0500000US45055
2,18978,9269,9709,0500000US45055
3,8589,4081,4508,0500000US45055
4,9429,4457,4972,0500000US45055
5,7326,3432,3894,0500000US45055
6,3482,1471,2011,0500000US45055
7,1220,386,834,0500000US45055
0,95380,46267,49113,0500000US45057
1,22523,11348,11175,0500000US45057
2,28482,14200,14282,0500000US45057
3,12333,6189,6144,0500000US45057
4,11983,5603,6380,0500000US45057
5,12184,5462,6722,0500000US45057
6,6122,2787,3335,0500000US45057
7,1753,678,1075,0500000US45057
0,66994,32381,34613,0500000US45059
1,16355,8407,7948,0500000US45059
2,19818,9631,10187,0500000US45059
3,8905,4309,4596,0500000US45059
4,9506,4495,5011,0500000US45059
5,7255,3465,3790,0500000US45059
6,3651,1596,2055,0500000US45059
7,1504,478,1026,0500000US45059
0,17142,8813,8329,0500000US45061
1,3860,2008,1852,0500000US45061
2,5546,3268,2278,0500000US45061
3,2126,1053,1073,0500000US45061
4,2463,1130,1333,0500000US45061
5,1960,910,1050,0500000US45061
6,894,350,544,0500000US45061
7,293,94,199,0500000US45061
0,295032,143554,151478,0500000US45063
1,74533,38048,36485,0500000US45063
2,94198,46308,47890,0500000US45063
3,40144,19642,20502,0500000US45063
4,39576,18880,20696,0500000US45063
5,28410,13219,15191,0500000US45063
6,13365,5812,7553,0500000US45063
7,4806,1645,3161,0500000US45063
0,9410,5053,4357,0500000US45065
1,1208,612,596,0500000US45065
2,2200,1409,791,0500000US45065
3,1139,635,504,0500000US45065
4,1576,800,776,0500000US45065
5,1985,929,1056,0500000US45065
6,1101,561,540,0500000US45065
7,201,107,94,0500000US45065
0,31039,14230,16809,0500000US45067
1,7747,3922,3825,0500000US45067
2,8875,4122,4753,0500000US45067
3,3813,1736,2077,0500000US45067
4,4442,1947,2495,0500000US45067
5,3837,1640,2197,0500000US45067
6,1739,709,1030,0500000US45067
7,586,154,432,0500000US45067
0,26398,13778,12620,0500000US45069
1,5811,2977,2834,0500000US45069
2,8734,5172,3562,0500000US45069
3,3488,1833,1655,0500000US45069
4,3604,1743,1861,0500000US45069
5,2980,1365,1615,0500000US45069
6,1337,558,779,0500000US45069
7,444,130,314,0500000US45069
0,38520,18793,19727,0500000US45071
1,9642,4893,4749,0500000US45071
2,10933,5516,5417,0500000US45071
3,4903,2395,2508,0500000US45071
4,5490,2665,2825,0500000US45071
5,4483,2101,2382,0500000US45071
6,2202,970,1232,0500000US45071
7,867,253,614,0500000US45071
0,78374,38557,39817,0500000US45073
1,17093,8717,8376,0500000US45073
2,21160,10733,10427,0500000US45073
3,9862,4873,4989,0500000US45073
4,12063,5771,6292,0500000US45073
5,10952,5269,5683,0500000US45073
6,5612,2616,2996,0500000US45073
7,1632,578,1054,0500000US45073
0,86934,40548,46386,0500000US45075
1,21812,10908,10904,0500000US45075
2,25325,11895,13430,0500000US45075
3,10480,4804,5676,0500000US45075
4,12203,5628,6575,0500000US45075
5,10127,4567,5560,0500000US45075
6,5098,2120,2978,0500000US45075
7,1889,626,1263,0500000US45075
0,124937,62214,62723,0500000US45077
1,30488,15683,14805,0500000US45077
2,43417,22496,20921,0500000US45077
3,14830,7200,7630,0500000US45077
4,15542,7549,7993,0500000US45077
5,11937,5643,6294,0500000US45077
6,6384,2781,3603,0500000US45077
7,2339,862,1477,0500000US45077
0,414576,200319,214257,0500000US45079
1,107403,54640,52763,0500000US45079
2,158955,78964,79991,0500000US45079
3,48297,22663,25634,0500000US45079
4,47131,21604,25527,0500000US45079
5,33032,14775,18257,0500000US45079
6,14312,5883,8429,0500000US45079
7,5446,1790,3656,0500000US45079
0,20544,10416,10128,0500000US45081
1,4885,2570,2315,0500000US45081
2,5969,3204,2765,0500000US45081
3,2670,1309,1361,0500000US45081
4,2960,1483,1477,0500000US45081
5,2257,1096,1161,0500000US45081
6,1317,599,718,0500000US45081
7,486,155,331,0500000US45081
0,313888,152188,161700,0500000US45083
1,80958,41003,39955,0500000US45083
2,100631,49484,51147,0500000US45083
3,41602,20412,21190,0500000US45083
4,39885,19058,20827,0500000US45083
5,30284,13994,16290,0500000US45083
6,15466,6570,8896,0500000US45083
7,5062,1667,3395,0500000US45083
0,106512,51216,55296,0500000US45085
1,28029,14194,13835,0500000US45085
2,34940,17562,17378,0500000US45085
3,12476,5792,6684,0500000US45085
4,13551,6322,7229,0500000US45085
5,10132,4458,5674,0500000US45085
6,5425,2245,3180,0500000US45085
7,1959,643,1316,0500000US45085
0,27410,12987,14423,0500000US45087
1,6349,3245,3104,0500000US45087
2,7612,3624,3988,0500000US45087
3,3779,1793,1986,0500000US45087
4,4116,1970,2146,0500000US45087
5,3315,1496,1819,0500000US45087
6,1614,678,936,0500000US45087
7,625,181,444,0500000US45087
0,30606,14492,16114,0500000US45089
1,7017,3477,3540,0500000US45089
2,8777,4487,4290,0500000US45089
3,3835,1769,2066,0500000US45089
4,4536,2006,2530,0500000US45089
5,3905,1792,2113,0500000US45089
6,1844,774,1070,0500000US45089
7,692,187,505,0500000US45089
0,274118,132238,141880,0500000US45091
1,73514,37118,36396,0500000US45091
2,87758,42247,45511,0500000US45091
3,38940,18870,20070,0500000US45091
4,34670,16657,18013,0500000US45091
5,24465,11291,13174,0500000US45091
6,11203,4858,6345,0500000US45091
7,3568,1197,2371,0500000US45091
0,2801,1490,1311,0500000US46003
1,763,434,329,0500000US46003
2,755,418,337,0500000US46003
3,308,152,156,0500000US46003
4,398,209,189,0500000US46003
5,306,155,151,0500000US46003
6,182,86,96,0500000US46003
7,89,36,53,0500000US46003
0,18883,9619,9264,0500000US46005
1,5608,2955,2653,0500000US46005
2,5484,2925,2559,0500000US46005
3,2004,974,1030,0500000US46005
4,2578,1287,1291,0500000US46005
5,1699,887,812,0500000US46005
6,958,423,535,0500000US46005
7,552,168,384,0500000US46005
0,3468,1695,1773,0500000US46007
1,1272,637,635,0500000US46007
2,1013,481,532,0500000US46007
3,363,172,191,0500000US46007
4,387,204,183,0500000US46007
5,236,106,130,0500000US46007
6,146,66,80,0500000US46007
7,51,29,22,0500000US46007
0,6980,4131,2849,0500000US46009
1,1556,821,735,0500000US46009
2,2237,1601,636,0500000US46009
3,823,514,309,0500000US46009
4,942,537,405,0500000US46009
5,703,358,345,0500000US46009
6,416,195,221,0500000US46009
7,303,105,198,0500000US46009
0,35232,18287,16945,0500000US46011
1,10010,5160,4850,0500000US46011
2,14609,7900,6709,0500000US46011
3,3051,1570,1481,0500000US46011
4,3367,1719,1648,0500000US46011
5,2402,1171,1231,0500000US46011
6,1215,567,648,0500000US46011
7,578,200,378,0500000US46011
0,39316,19322,19994,0500000US46013
1,10496,5211,5285,0500000US46013
2,12558,6428,6130,0500000US46013
3,4333,2229,2104,0500000US46013
4,5182,2543,2639,0500000US46013
5,3620,1723,1897,0500000US46013
6,1984,820,1164,0500000US46013
7,1143,368,775,0500000US46013
0,5229,2612,2617,0500000US46015
1,1492,768,724,0500000US46015
2,1353,690,663,0500000US46015
3,606,297,309,0500000US46015
4,786,397,389,0500000US46015
5,513,274,239,0500000US46015
6,301,126,175,0500000US46015
7,178,60,118,0500000US46015
0,2036,1012,1024,0500000US46017
1,856,427,429,0500000US46017
2,653,333,320,0500000US46017
3,181,95,86,0500000US46017
4,186,91,95,0500000US46017
5,100,40,60,0500000US46017
6,47,21,26,0500000US46017
7,13,5,8,0500000US46017
0,10222,5176,5046,0500000US46019
1,2688,1402,1286,0500000US46019
2,2763,1419,1344,0500000US46019
3,1131,557,574,0500000US46019
4,1592,792,800,0500000US46019
5,1235,644,591,0500000US46019
6,578,275,303,0500000US46019
7,235,87,148,0500000US46019
0,1377,716,661,0500000US46021
1,246,126,120,0500000US46021
2,286,151,135,0500000US46021
3,158,83,75,0500000US46021
4,297,164,133,0500000US46021
5,172,89,83,0500000US46021
6,150,75,75,0500000US46021
7,68,28,40,0500000US46021
0,9338,4667,4671,0500000US46023
1,3005,1553,1452,0500000US46023
2,2431,1202,1229,0500000US46023
3,962,491,471,0500000US46023
4,1225,623,602,0500000US46023
5,847,416,431,0500000US46023
6,572,274,298,0500000US46023
7,296,108,188,0500000US46023
0,3739,1925,1814,0500000US46025
1,1037,534,503,0500000US46025
2,995,555,440,0500000US46025
3,358,176,182,0500000US46025
4,558,302,256,0500000US46025
5,441,224,217,0500000US46025
6,235,107,128,0500000US46025
7,115,27,88,0500000US46025
0,14041,7027,7014,0500000US46027
1,3713,1814,1899,0500000US46027
2,6189,3207,2982,0500000US46027
3,1154,571,583,0500000US46027
4,1268,621,647,0500000US46027
5,1011,531,480,0500000US46027
6,486,226,260,0500000US46027
7,220,57,163,0500000US46027
0,28015,14081,13934,0500000US46029
1,7333,3790,3543,0500000US46029
2,8459,4381,4078,0500000US46029
3,3338,1719,1619,0500000US46029
4,3936,1928,2008,0500000US46029
5,2650,1325,1325,0500000US46029
6,1509,641,868,0500000US46029
7,790,297,493,0500000US46029
0,4165,2089,2076,0500000US46031
1,1653,806,847,0500000US46031
2,1159,583,576,0500000US46031
3,401,232,169,0500000US46031
4,481,243,238,0500000US46031
5,281,141,140,0500000US46031
6,146,67,79,0500000US46031
7,44,17,27,0500000US46031
0,8726,4337,4389,0500000US46033
1,1446,763,683,0500000US46033
2,1782,892,890,0500000US46033
3,1073,526,547,0500000US46033
4,1804,825,979,0500000US46033
5,1673,881,792,0500000US46033
6,717,368,349,0500000US46033
7,231,82,149,0500000US46033
0,19790,9894,9896,0500000US46035
1,5101,2626,2475,0500000US46035
2,6150,3260,2890,0500000US46035
3,2087,1067,1020,0500000US46035
4,2728,1336,1392,0500000US46035
5,1891,927,964,0500000US46035
6,1108,471,637,0500000US46035
7,725,207,518,0500000US46035
0,5505,2807,2698,0500000US46037
1,1343,684,659,0500000US46037
2,1311,693,618,0500000US46037
3,549,286,263,0500000US46037
4,902,473,429,0500000US46037
5,755,389,366,0500000US46037
6,402,202,200,0500000US46037
7,243,80,163,0500000US46037
0,4337,2243,2094,0500000US46039
1,1124,622,502,0500000US46039
2,1112,583,529,0500000US46039
3,496,252,244,0500000US46039
4,656,350,306,0500000US46039
5,525,253,272,0500000US46039
6,281,123,158,0500000US46039
7,143,60,83,0500000US46039
0,5904,2927,2977,0500000US46041
1,2402,1237,1165,0500000US46041
2,1718,830,888,0500000US46041
3,597,293,304,0500000US46041
4,628,315,313,0500000US46041
5,332,154,178,0500000US46041
6,174,77,97,0500000US46041
7,53,21,32,0500000US46041
0,2935,1452,1483,0500000US46043
1,811,390,421,0500000US46043
2,660,350,310,0500000US46043
3,299,149,150,0500000US46043
4,458,228,230,0500000US46043
5,350,185,165,0500000US46043
6,209,107,102,0500000US46043
7,148,43,105,0500000US46043
0,3875,1939,1936,0500000US46045
1,995,496,499,0500000US46045
2,943,483,460,0500000US46045
3,464,228,236,0500000US46045
4,639,347,292,0500000US46045
5,426,210,216,0500000US46045
6,254,120,134,0500000US46045
7,154,55,99,0500000US46045
0,6758,3417,3341,0500000US46047
1,1293,668,625,0500000US46047
2,1487,751,736,0500000US46047
3,801,418,383,0500000US46047
4,1217,602,615,0500000US46047
5,1179,607,572,0500000US46047
6,561,290,271,0500000US46047
7,220,81,139,0500000US46047
0,2330,1156,1174,0500000US46049
1,623,302,321,0500000US46049
2,575,285,290,0500000US46049
3,230,112,118,0500000US46049
4,358,192,166,0500000US46049
5,250,134,116,0500000US46049
6,177,79,98,0500000US46049
7,117,52,65,0500000US46049
0,7147,3756,3391,0500000US46051
1,1765,967,798,0500000US46051
2,1824,964,860,0500000US46051
3,871,491,380,0500000US46051
4,1198,640,558,0500000US46051
5,825,409,416,0500000US46051
6,440,201,239,0500000US46051
7,224,84,140,0500000US46051
0,4212,2167,2045,0500000US46053
1,1082,596,486,0500000US46053
2,989,527,462,0500000US46053
3,433,226,207,0500000US46053
4,636,318,318,0500000US46053
5,555,285,270,0500000US46053
6,320,148,172,0500000US46053
7,197,67,130,0500000US46053
0,1918,954,964,0500000US46055
1,492,239,253,0500000US46055
2,466,233,233,0500000US46055
3,158,88,70,0500000US46055
4,334,184,150,0500000US46055
5,230,108,122,0500000US46055
6,167,87,80,0500000US46055
7,71,15,56,0500000US46055
0,6111,3138,2973,0500000US46057
1,2083,1080,1003,0500000US46057
2,1654,882,772,0500000US46057
3,624,316,308,0500000US46057
4,797,416,381,0500000US46057
5,512,271,241,0500000US46057
6,280,128,152,0500000US46057
7,161,45,116,0500000US46057
0,3262,1627,1635,0500000US46059
1,770,392,378,0500000US46059
2,804,425,379,0500000US46059
3,347,174,173,0500000US46059
4,515,266,249,0500000US46059
5,356,170,186,0500000US46059
6,273,124,149,0500000US46059
7,197,76,121,0500000US46059
0,3376,1690,1686,0500000US46061
1,1123,554,569,0500000US46061
2,895,446,449,0500000US46061
3,410,208,202,0500000US46061
4,427,221,206,0500000US46061
5,386,195,191,0500000US46061
6,105,55,50,0500000US46061
7,30,11,19,0500000US46061
0,1249,657,592,0500000US46063
1,313,159,154,0500000US46063
2,346,191,155,0500000US46063
3,151,80,71,0500000US46063
4,217,114,103,0500000US46063
5,131,72,59,0500000US46063
6,57,27,30,0500000US46063
7,34,14,20,0500000US46063
0,17650,8680,8970,0500000US46065
1,4598,2361,2237,0500000US46065
2,5436,2649,2787,0500000US46065
3,2050,967,1083,0500000US46065
4,2509,1237,1272,0500000US46065
5,1790,928,862,0500000US46065
6,824,373,451,0500000US46065
7,443,165,278,0500000US46065
0,7380,3605,3775,0500000US46067
1,2019,972,1047,0500000US46067
2,1830,934,896,0500000US46067
3,803,422,381,0500000US46067
4,1031,538,493,0500000US46067
5,789,389,400,0500000US46067
6,534,220,314,0500000US46067
7,374,130,244,0500000US46067
0,1282,666,616,0500000US46069
1,290,157,133,0500000US46069
2,327,185,142,0500000US46069
3,128,54,74,0500000US46069
4,213,104,109,0500000US46069
5,138,83,55,0500000US46069
6,123,66,57,0500000US46069
7,63,17,46,0500000US46069
0,3307,1662,1645,0500000US46071
1,1222,628,594,0500000US46071
2,911,458,453,0500000US46071
3,351,171,180,0500000US46071
4,381,188,193,0500000US46071
5,248,122,126,0500000US46071
6,135,70,65,0500000US46071
7,59,25,34,0500000US46071
0,2043,1032,1011,0500000US46073
1,506,266,240,0500000US46073
2,508,278,230,0500000US46073
3,191,101,90,0500000US46073
4,288,147,141,0500000US46073
5,292,151,141,0500000US46073
6,156,65,91,0500000US46073
7,102,24,78,0500000US46073
0,928,458,470,0500000US46075
1,219,115,104,0500000US46075
2,205,95,110,0500000US46075
3,115,56,59,0500000US46075
4,173,84,89,0500000US46075
5,119,62,57,0500000US46075
6,64,33,31,0500000US46075
7,33,13,20,0500000US46075
0,4919,2524,2395,0500000US46077
1,1216,633,583,0500000US46077
2,1250,640,610,0500000US46077
3,525,268,257,0500000US46077
4,789,431,358,0500000US46077
5,609,319,290,0500000US46077
6,337,164,173,0500000US46077
7,193,69,124,0500000US46077
0,13057,6810,6247,0500000US46079
1,3128,1660,1468,0500000US46079
2,3369,1841,1528,0500000US46079
3,1359,705,654,0500000US46079
4,2330,1107,1223,0500000US46079
5,1966,1087,879,0500000US46079
6,628,315,313,0500000US46079
7,277,95,182,0500000US46079
0,25741,12867,12874,0500000US46081
1,5536,2863,2673,0500000US46081
2,7888,3999,3889,0500000US46081
3,2725,1384,1341,0500000US46081
4,3975,1922,2053,0500000US46081
5,3438,1765,1673,0500000US46081
6,1476,699,777,0500000US46081
7,703,235,468,0500000US46081
0,58807,29097,29710,0500000US46083
1,17596,9121,8475,0500000US46083
2,20383,10068,10315,0500000US46083
3,6899,3415,3484,0500000US46083
4,6361,3087,3274,0500000US46083
5,4699,2218,2481,0500000US46083
6,1940,865,1075,0500000US46083
7,929,323,606,0500000US46083
0,3821,1998,1823,0500000US46085
1,1220,647,573,0500000US46085
2,1062,570,492,0500000US46085
3,367,195,172,0500000US46085
4,567,297,270,0500000US46085
5,337,175,162,0500000US46085
6,209,98,111,0500000US46085
7,59,16,43,0500000US46085
0,5546,2779,2767,0500000US46087
1,1637,835,802,0500000US46087
2,1478,768,710,0500000US46087
3,628,330,298,0500000US46087
4,750,385,365,0500000US46087
5,541,251,290,0500000US46087
6,350,164,186,0500000US46087
7,162,46,116,0500000US46087
0,2407,1192,1215,0500000US46089
1,635,321,314,0500000US46089
2,533,279,254,0500000US46089
3,234,109,125,0500000US46089
4,329,171,158,0500000US46089
5,304,153,151,0500000US46089
6,232,112,120,0500000US46089
7,140,47,93,0500000US46089
0,5112,2750,2362,0500000US46091
1,1278,670,608,0500000US46091
2,1543,917,626,0500000US46091
3,533,286,247,0500000US46091
4,725,378,347,0500000US46091
5,611,322,289,0500000US46091
6,265,125,140,0500000US46091
7,157,52,105,0500000US46091
0,28294,14725,13569,0500000US46093
1,7155,3724,3431,0500000US46093
2,10032,5528,4504,0500000US46093
3,3025,1502,1523,0500000US46093
4,3766,1866,1900,0500000US46093
5,2697,1386,1311,0500000US46093
6,1161,551,610,0500000US46093
7,458,168,290,0500000US46093
0,2042,1059,983,0500000US46095
1,689,366,323,0500000US46095
2,553,276,277,0500000US46095
3,213,108,105,0500000US46095
4,271,140,131,0500000US46095
5,191,108,83,0500000US46095
6,89,47,42,0500000US46095
7,36,14,22,0500000US46095
0,2213,1149,1064,0500000US46097
1,572,305,267,0500000US46097
2,534,288,246,0500000US46097
3,244,116,128,0500000US46097
4,399,206,193,0500000US46097
5,227,142,85,0500000US46097
6,147,58,89,0500000US46097
7,90,34,56,0500000US46097
0,192876,97356,95520,0500000US46099
1,53720,27508,26212,0500000US46099
2,68345,35644,32701,0500000US46099
3,22119,11370,10749,0500000US46099
4,23463,11503,11960,0500000US46099
5,15513,7562,7951,0500000US46099
6,6322,2646,3676,0500000US46099
7,3394,1123,2271,0500000US46099
0,6579,3272,3307,0500000US46101
1,1864,931,933,0500000US46101
2,1758,895,863,0500000US46101
3,742,372,370,0500000US46101
4,981,493,488,0500000US46101
5,681,352,329,0500000US46101
6,380,158,222,0500000US46101
7,173,71,102,0500000US46101
0,14309,7010,7299,0500000US46102
1,5795,2933,2862,0500000US46102
2,4828,2400,2428,0500000US46102
3,1429,679,750,0500000US46102
4,1212,585,627,0500000US46102
5,683,280,403,0500000US46102
6,284,112,172,0500000US46102
7,78,21,57,0500000US46102
0,111729,56294,55435,0500000US46103
1,28147,14719,13428,0500000US46103
2,34874,18015,16859,0500000US46103
3,12322,6164,6158,0500000US46103
4,16299,7961,8338,0500000US46103
5,12341,6134,6207,0500000US46103
6,5255,2406,2849,0500000US46103
7,2491,895,1596,0500000US46103
0,2922,1465,1457,0500000US46105
1,667,346,321,0500000US46105
2,702,360,342,0500000US46105
3,321,152,169,0500000US46105
4,497,247,250,0500000US46105
5,386,208,178,0500000US46105
6,197,107,90,0500000US46105
7,152,45,107,0500000US46105
0,2207,1094,1113,0500000US46107
1,518,274,244,0500000US46107
2,484,248,236,0500000US46107
3,222,100,122,0500000US46107
4,345,187,158,0500000US46107
5,331,159,172,0500000US46107
6,195,91,104,0500000US46107
7,112,35,77,0500000US46107
0,10447,5254,5193,0500000US46109
1,3239,1665,1574,0500000US46109
2,2674,1331,1343,0500000US46109
3,1130,570,560,0500000US46109
4,1371,698,673,0500000US46109
5,1137,585,552,0500000US46109
6,599,295,304,0500000US46109
7,297,110,187,0500000US46109
0,2429,1266,1163,0500000US46111
1,655,343,312,0500000US46111
2,687,375,312,0500000US46111
3,228,116,112,0500000US46111
4,382,196,186,0500000US46111
5,282,149,133,0500000US46111
6,124,62,62,0500000US46111
7,71,25,46,0500000US46111
0,6495,3251,3244,0500000US46115
1,1628,840,788,0500000US46115
2,1775,918,857,0500000US46115
3,719,357,362,0500000US46115
4,1025,523,502,0500000US46115
5,687,352,335,0500000US46115
6,416,185,231,0500000US46115
7,245,76,169,0500000US46115
0,3022,1550,1472,0500000US46117
1,791,405,386,0500000US46117
2,827,446,381,0500000US46117
3,368,182,186,0500000US46117
4,419,199,220,0500000US46117
5,358,183,175,0500000US46117
6,197,107,90,0500000US46117
7,62,28,34,0500000US46117
0,1392,732,660,0500000US46119
1,316,160,156,0500000US46119
2,339,186,153,0500000US46119
3,153,79,74,0500000US46119
4,236,124,112,0500000US46119
5,200,117,83,0500000US46119
6,95,46,49,0500000US46119
7,53,20,33,0500000US46119
0,10283,5004,5279,0500000US46121
1,4650,2338,2312,0500000US46121
2,3144,1532,1612,0500000US46121
3,877,393,484,0500000US46121
4,851,412,439,0500000US46121
5,475,202,273,0500000US46121
6,194,93,101,0500000US46121
7,92,34,58,0500000US46121
0,5478,2761,2717,0500000US46123
1,1379,716,663,0500000US46123
2,1408,747,661,0500000US46123
3,644,320,324,0500000US46123
4,818,440,378,0500000US46123
5,629,297,332,0500000US46123
6,366,170,196,0500000US46123
7,234,71,163,0500000US46123
0,8424,4241,4183,0500000US46125
1,2210,1152,1058,0500000US46125
2,2274,1164,1110,0500000US46125
3,981,495,486,0500000US46125
4,1213,620,593,0500000US46125
5,918,468,450,0500000US46125
6,537,229,308,0500000US46125
7,291,113,178,0500000US46125
0,15619,7874,7745,0500000US46127
1,4117,2055,2062,0500000US46127
2,4556,2362,2194,0500000US46127
3,1951,1038,913,0500000US46127
4,2163,1063,1100,0500000US46127
5,1707,866,841,0500000US46127
6,761,357,404,0500000US46127
7,364,133,231,0500000US46127
0,5587,2775,2812,0500000US46129
1,1453,737,716,0500000US46129
2,1463,761,702,0500000US46129
3,562,274,288,0500000US46129
4,797,400,397,0500000US46129
5,673,337,336,0500000US46129
6,419,189,230,0500000US46129
7,220,77,143,0500000US46129
0,22869,11900,10969,0500000US46135
1,5399,2744,2655,0500000US46135
2,7035,4006,3029,0500000US46135
3,2841,1577,1264,0500000US46135
4,3283,1665,1618,0500000US46135
5,2311,1118,1193,0500000US46135
6,1273,550,723,0500000US46135
7,727,240,487,0500000US46135
0,2742,1369,1373,0500000US46137
1,892,421,471,0500000US46137
2,914,488,426,0500000US46137
3,321,147,174,0500000US46137
4,352,187,165,0500000US46137
5,150,68,82,0500000US46137
6,79,38,41,0500000US46137
7,34,20,14,0500000US46137
0,76482,37216,39266,0500000US47001
1,17585,9004,8581,0500000US47001
2,22266,11238,11028,0500000US47001
3,10168,4837,5331,0500000US47001
4,11107,5378,5729,0500000US47001
5,8783,4117,4666,0500000US47001
6,4418,1913,2505,0500000US47001
7,2155,729,1426,0500000US47001
0,49038,24090,24948,0500000US47003
1,13564,6893,6671,0500000US47003
2,15572,7846,7726,0500000US47003
3,6477,3172,3305,0500000US47003
4,6028,2920,3108,0500000US47003
5,4498,2043,2455,0500000US47003
6,2226,997,1229,0500000US47003
7,673,219,454,0500000US47003
0,16184,7926,8258,0500000US47005
1,3555,1825,1730,0500000US47005
2,4133,2075,2058,0500000US47005
3,2233,1109,1124,0500000US47005
4,2438,1132,1306,0500000US47005
5,2250,1104,1146,0500000US47005
6,1175,550,625,0500000US47005
7,400,131,269,0500000US47005
0,14755,8697,6058,0500000US47007
1,2520,1411,1109,0500000US47007
2,4994,3317,1677,0500000US47007
3,2240,1372,868,0500000US47007
4,2278,1248,1030,0500000US47007
5,1639,843,796,0500000US47007
6,826,393,433,0500000US47007
7,258,113,145,0500000US47007
0,131349,63707,67642,0500000US47009
1,29466,14987,14479,0500000US47009
2,37951,18862,19089,0500000US47009
3,18402,8901,9501,0500000US47009
4,18955,9044,9911,0500000US47009
5,15588,7277,8311,0500000US47009
6,8109,3626,4483,0500000US47009
7,2878,1010,1868,0500000US47009
0,106727,51892,54835,0500000US47011
1,26343,13382,12961,0500000US47011
2,33930,16910,17020,0500000US47011
3,14393,7105,7288,0500000US47011
4,13786,6555,7231,0500000US47011
5,10584,4804,5780,0500000US47011
6,5737,2491,3246,0500000US47011
7,1954,645,1309,0500000US47011
0,39583,19454,20129,0500000US47013
1,8914,4645,4269,0500000US47013
2,11306,5633,5673,0500000US47013
3,5632,2826,2806,0500000US47013
4,5519,2647,2872,0500000US47013
5,4729,2202,2527,0500000US47013
6,2678,1212,1466,0500000US47013
7,805,289,516,0500000US47013
0,14462,7186,7276,0500000US47015
1,3376,1722,1654,0500000US47015
2,4281,2226,2055,0500000US47015
3,2099,1065,1034,0500000US47015
4,2055,1001,1054,0500000US47015
5,1542,706,836,0500000US47015
6,828,370,458,0500000US47015
7,281,96,185,0500000US47015
0,28020,13713,14307,0500000US47017
1,6924,3640,3284,0500000US47017
2,7902,3955,3947,0500000US47017
3,3658,1788,1870,0500000US47017
4,3837,1860,1977,0500000US47017
5,3285,1507,1778,0500000US47017
6,1748,731,1017,0500000US47017
7,666,232,434,0500000US47017
0,56351,27579,28772,0500000US47019
1,11411,5762,5649,0500000US47019
2,16187,8175,8012,0500000US47019
3,8063,3939,4124,0500000US47019
4,8326,4031,4295,0500000US47019
5,7031,3366,3665,0500000US47019
6,3921,1770,2151,0500000US47019
7,1412,536,876,0500000US47019
0,40439,20093,20346,0500000US47021
1,9837,5028,4809,0500000US47021
2,12395,6236,6159,0500000US47021
3,6111,3065,3046,0500000US47021
4,6043,2961,3082,0500000US47021
5,3926,1919,2007,0500000US47021
6,1642,716,926,0500000US47021
7,485,168,317,0500000US47021
0,17276,8309,8967,0500000US47023
1,4581,2314,2267,0500000US47023
2,5497,2653,2844,0500000US47023
3,2086,1007,1079,0500000US47023
4,2146,1050,1096,0500000US47023
5,1695,794,901,0500000US47023
6,903,372,531,0500000US47023
7,368,119,249,0500000US47023
0,31756,15530,16226,0500000US47025
1,6862,3475,3387,0500000US47025
2,9691,4912,4779,0500000US47025
3,4324,2096,2228,0500000US47025
4,4545,2198,2347,0500000US47025
5,3848,1797,2051,0500000US47025
6,1931,878,1053,0500000US47025
7,555,174,381,0500000US47025
0,7717,3800,3917,0500000US47027
1,1687,843,844,0500000US47027
2,1907,954,953,0500000US47027
3,1101,567,534,0500000US47027
4,1145,561,584,0500000US47027
5,1035,512,523,0500000US47027
6,652,293,359,0500000US47027
7,190,70,120,0500000US47027
0,35774,17289,18485,0500000US47029
1,7918,4036,3882,0500000US47029
2,9717,4652,5065,0500000US47029
3,5040,2457,2583,0500000US47029
4,5563,2615,2948,0500000US47029
5,4611,2224,2387,0500000US47029
6,2292,1057,1235,0500000US47029
7,633,248,385,0500000US47029
0,55700,27208,28492,0500000US47031
1,14586,7501,7085,0500000US47031
2,16744,8280,8464,0500000US47031
3,7262,3567,3695,0500000US47031
4,7488,3657,3831,0500000US47031
5,5475,2504,2971,0500000US47031
6,3068,1315,1753,0500000US47031
7,1077,384,693,0500000US47031
0,14328,6853,7475,0500000US47033
1,3685,1831,1854,0500000US47033
2,4156,2037,2119,0500000US47033
3,1824,892,932,0500000US47033
4,1971,941,1030,0500000US47033
5,1499,711,788,0500000US47033
6,850,348,502,0500000US47033
7,343,93,250,0500000US47033
0,59673,29067,30606,0500000US47035
1,11427,5833,5594,0500000US47035
2,13835,6862,6973,0500000US47035
3,6928,3452,3476,0500000US47035
4,9176,4194,4982,0500000US47035
5,10429,4959,5470,0500000US47035
6,6166,3034,3132,0500000US47035
7,1712,733,979,0500000US47035
0,692587,334279,358308,0500000US47037
1,162031,82072,79959,0500000US47037
2,285649,139456,146193,0500000US47037
3,80687,40009,40678,0500000US47037
4,79425,36998,42427,0500000US47037
5,51591,23251,28340,0500000US47037
6,23152,9320,13832,0500000US47037
7,10052,3173,6879,0500000US47037
0,11706,5748,5958,0500000US47039
1,2690,1417,1273,0500000US47039
2,3012,1500,1512,0500000US47039
3,1470,735,735,0500000US47039
4,1792,898,894,0500000US47039
5,1512,710,802,0500000US47039
6,885,377,508,0500000US47039
7,345,111,234,0500000US47039
0,20138,10061,10077,0500000US47041
1,4741,2508,2233,0500000US47041
2,5952,3019,2933,0500000US47041
3,2822,1440,1382,0500000US47041
4,2924,1432,1492,0500000US47041
5,2271,1088,1183,0500000US47041
6,1083,458,625,0500000US47041
7,345,116,229,0500000US47041
0,53446,26248,27198,0500000US47043
1,13464,6977,6487,0500000US47043
2,16544,8233,8311,0500000US47043
3,7408,3670,3738,0500000US47043
4,7375,3504,3871,0500000US47043
5,5211,2441,2770,0500000US47043
6,2581,1132,1449,0500000US47043
7,863,291,572,0500000US47043
0,37320,17994,19326,0500000US47045
1,9774,5017,4757,0500000US47045
2,11168,5316,5852,0500000US47045
3,4967,2424,2543,0500000US47045
4,4845,2394,2451,0500000US47045
5,3904,1783,2121,0500000US47045
6,1968,840,1128,0500000US47045
7,694,220,474,0500000US47045
0,40507,19937,20570,0500000US47047
1,8461,4387,4074,0500000US47047
2,10957,5439,5518,0500000US47047
3,5615,2712,2903,0500000US47047
4,6819,3323,3496,0500000US47047
5,5249,2564,2685,0500000US47047
6,2633,1212,1421,0500000US47047
7,773,300,473,0500000US47047
0,18217,8890,9327,0500000US47049
1,4214,2146,2068,0500000US47049
2,4726,2378,2348,0500000US47049
3,2534,1219,1315,0500000US47049
4,2743,1317,1426,0500000US47049
5,2507,1179,1328,0500000US47049
6,1187,550,637,0500000US47049
7,306,101,205,0500000US47049
0,41890,20459,21431,0500000US47051
1,9877,4988,4889,0500000US47051
2,12405,6209,6196,0500000US47051
3,5153,2525,2628,0500000US47051
4,6067,2910,3157,0500000US47051
5,4901,2342,2559,0500000US47051
6,2592,1162,1430,0500000US47051
7,895,323,572,0500000US47051
0,49045,23517,25528,0500000US47053
1,12970,6654,6316,0500000US47053
2,14537,7003,7534,0500000US47053
3,6160,2973,3187,0500000US47053
4,6515,3116,3399,0500000US47053
5,4922,2245,2677,0500000US47053
6,2733,1133,1600,0500000US47053
7,1208,393,815,0500000US47053
0,29503,14321,15182,0500000US47055
1,6971,3481,3490,0500000US47055
2,8283,4097,4186,0500000US47055
3,3910,1909,2001,0500000US47055
4,4436,2203,2233,0500000US47055
5,3449,1635,1814,0500000US47055
6,1816,796,1020,0500000US47055
7,638,200,438,0500000US47055
0,23145,11660,11485,0500000US47057
1,5152,2721,2431,0500000US47057
2,6326,3267,3059,0500000US47057
3,3460,1716,1744,0500000US47057
4,3466,1700,1766,0500000US47057
5,2947,1449,1498,0500000US47057
6,1453,687,766,0500000US47057
7,341,120,221,0500000US47057
0,69087,33987,35100,0500000US47059
1,14983,7853,7130,0500000US47059
2,19401,9766,9635,0500000US47059
3,9593,4720,4873,0500000US47059
4,10192,4926,5266,0500000US47059
5,8708,4073,4635,0500000US47059
6,4787,2168,2619,0500000US47059
7,1423,481,942,0500000US47059
0,13346,6602,6744,0500000US47061
1,3143,1675,1468,0500000US47061
2,3793,1886,1907,0500000US47061
3,1765,898,867,0500000US47061
4,1849,921,928,0500000US47061
5,1654,752,902,0500000US47061
6,892,392,500,0500000US47061
7,250,78,172,0500000US47061
0,64569,31520,33049,0500000US47063
1,16289,8265,8024,0500000US47063
2,19163,9707,9456,0500000US47063
3,8812,4398,4414,0500000US47063
4,8382,4012,4370,0500000US47063
5,6802,3076,3726,0500000US47063
6,3802,1653,2149,0500000US47063
7,1319,409,910,0500000US47063
0,364286,175888,188398,0500000US47065
1,84636,42876,41760,0500000US47065
2,120516,59654,60862,0500000US47065
3,46359,22578,23781,0500000US47065
4,48745,23003,25742,0500000US47065
5,37149,17247,19902,0500000US47065
6,18491,7814,10677,0500000US47065
7,8390,2716,5674,0500000US47065
0,6549,3231,3318,0500000US47067
1,1476,764,712,0500000US47067
2,1812,901,911,0500000US47067
3,836,421,415,0500000US47067
4,1029,500,529,0500000US47067
5,877,444,433,0500000US47067
6,393,162,231,0500000US47067
7,126,39,87,0500000US47067
0,25220,13778,11442,0500000US47069
1,5463,2723,2740,0500000US47069
2,8603,5440,3163,0500000US47069
3,3251,1864,1387,0500000US47069
4,3341,1659,1682,0500000US47069
5,2743,1329,1414,0500000US47069
6,1350,602,748,0500000US47069
7,469,161,308,0500000US47069
0,25776,12572,13204,0500000US47071
1,5804,2961,2843,0500000US47071
2,6845,3388,3457,0500000US47071
3,3385,1682,1703,0500000US47071
4,3787,1805,1982,0500000US47071
5,3414,1686,1728,0500000US47071
6,1886,882,1004,0500000US47071
7,655,168,487,0500000US47071
0,56530,27743,28787,0500000US47073
1,12403,6323,6080,0500000US47073
2,15490,7764,7726,0500000US47073
3,8330,4098,4232,0500000US47073
4,8363,4088,4275,0500000US47073
5,7112,3352,3760,0500000US47073
6,3646,1678,1968,0500000US47073
7,1186,440,746,0500000US47073
0,17335,8085,9250,0500000US47075
1,4239,2122,2117,0500000US47075
2,5000,2344,2656,0500000US47075
3,2188,999,1189,0500000US47075
4,2609,1225,1384,0500000US47075
5,1969,877,1092,0500000US47075
6,917,371,546,0500000US47075
7,413,147,266,0500000US47075
0,27847,13519,14328,0500000US47077
1,6939,3575,3364,0500000US47077
2,8221,4043,4178,0500000US47077
3,3709,1788,1921,0500000US47077
4,3848,1855,1993,0500000US47077
5,3003,1399,1604,0500000US47077
6,1560,656,904,0500000US47077
7,567,203,364,0500000US47077
0,32358,15686,16672,0500000US47079
1,7279,3689,3590,0500000US47079
2,8500,4292,4208,0500000US47079
3,4178,1997,2181,0500000US47079
4,4875,2341,2534,0500000US47079
5,4389,2034,2355,0500000US47079
6,2374,1066,1308,0500000US47079
7,763,267,496,0500000US47079
0,25063,13172,11891,0500000US47081
1,5754,3024,2730,0500000US47081
2,7878,4463,3415,0500000US47081
3,3537,1872,1665,0500000US47081
4,3493,1816,1677,0500000US47081
5,2643,1242,1401,0500000US47081
6,1348,623,725,0500000US47081
7,410,132,278,0500000US47081
0,8263,4058,4205,0500000US47083
1,1971,1002,969,0500000US47083
2,2341,1173,1168,0500000US47083
3,1084,532,552,0500000US47083
4,1171,578,593,0500000US47083
5,985,474,511,0500000US47083
6,527,224,303,0500000US47083
7,184,75,109,0500000US47083
0,18486,9196,9290,0500000US47085
1,4355,2300,2055,0500000US47085
2,5188,2593,2595,0500000US47085
3,2523,1259,1264,0500000US47085
4,2720,1329,1391,0500000US47085
5,2144,1024,1120,0500000US47085
6,1192,546,646,0500000US47085
7,364,145,219,0500000US47085
0,11758,5848,5910,0500000US47087
1,2316,1187,1129,0500000US47087
2,3160,1601,1559,0500000US47087
3,1640,809,831,0500000US47087
4,2001,987,1014,0500000US47087
5,1600,803,797,0500000US47087
6,802,373,429,0500000US47087
7,239,88,151,0500000US47087
0,54012,26586,27426,0500000US47089
1,12051,6165,5886,0500000US47089
2,15341,7706,7635,0500000US47089
3,7775,3849,3926,0500000US47089
4,8027,3928,4099,0500000US47089
5,6392,2977,3415,0500000US47089
6,3441,1620,1821,0500000US47089
7,985,341,644,0500000US47089
0,17778,9573,8205,0500000US47091
1,3303,1739,1564,0500000US47091
2,5242,3185,2057,0500000US47091
3,2614,1524,1090,0500000US47091
4,2563,1241,1322,0500000US47091
5,2390,1143,1247,0500000US47091
6,1256,594,662,0500000US47091
7,410,147,263,0500000US47091
0,465289,226006,239283,0500000US47093
1,111754,57095,54659,0500000US47093
2,162895,80602,82293,0500000US47093
3,58716,28563,30153,0500000US47093
4,58263,27849,30414,0500000US47093
5,43480,19835,23645,0500000US47093
6,21646,9252,12394,0500000US47093
7,8535,2810,5725,0500000US47093
0,7411,4764,2647,0500000US47095
1,1194,668,526,0500000US47095
2,3087,2379,708,0500000US47095
3,1038,658,380,0500000US47095
4,926,530,396,0500000US47095
5,660,331,329,0500000US47095
6,367,161,206,0500000US47095
7,139,37,102,0500000US47095
0,25825,13304,12521,0500000US47097
1,6428,3314,3114,0500000US47097
2,8529,4833,3696,0500000US47097
3,3418,1774,1644,0500000US47097
4,3373,1602,1771,0500000US47097
5,2467,1123,1344,0500000US47097
6,1237,538,699,0500000US47097
7,373,120,253,0500000US47097
0,43734,21488,22246,0500000US47099
1,11848,6114,5734,0500000US47099
2,12641,6270,6371,0500000US47099
3,5773,2881,2892,0500000US47099
4,5678,2732,2946,0500000US47099
5,4458,2158,2300,0500000US47099
6,2470,1069,1401,0500000US47099
7,866,264,602,0500000US47099
0,12086,5893,6193,0500000US47101
1,2854,1462,1392,0500000US47101
2,3382,1699,1683,0500000US47101
3,1516,734,782,0500000US47101
4,1805,868,937,0500000US47101
5,1483,717,766,0500000US47101
6,738,310,428,0500000US47101
7,308,103,205,0500000US47101
0,34117,16753,17364,0500000US47103
1,8272,4223,4049,0500000US47103
2,9509,4860,4649,0500000US47103
3,4599,2261,2338,0500000US47103
4,5107,2508,2599,0500000US47103
5,3750,1715,2035,0500000US47103
6,2201,953,1248,0500000US47103
7,679,233,446,0500000US47103
0,53054,26085,26969,0500000US47105
1,11267,5872,5395,0500000US47105
2,13109,6581,6528,0500000US47105
3,6598,3200,3398,0500000US47105
4,8054,3844,4210,0500000US47105
5,8227,3936,4291,0500000US47105
6,4424,2137,2287,0500000US47105
7,1375,515,860,0500000US47105
0,53285,25975,27310,0500000US47107
1,12590,6473,6117,0500000US47107
2,15222,7448,7774,0500000US47107
3,7303,3577,3726,0500000US47107
4,7712,3758,3954,0500000US47107
5,5987,2863,3124,0500000US47107
6,3307,1422,1885,0500000US47107
7,1164,434,730,0500000US47107
0,25832,12692,13140,0500000US47109
1,6164,3217,2947,0500000US47109
2,7230,3644,3586,0500000US47109
3,3486,1703,1783,0500000US47109
4,3582,1708,1874,0500000US47109
5,3141,1486,1655,0500000US47109
6,1725,759,966,0500000US47109
7,504,175,329,0500000US47109
0,24265,11862,12403,0500000US47111
1,6525,3353,3172,0500000US47111
2,7453,3624,3829,0500000US47111
3,3318,1649,1669,0500000US47111
4,3155,1542,1613,0500000US47111
5,2309,1100,1209,0500000US47111
6,1146,466,680,0500000US47111
7,359,128,231,0500000US47111
0,97605,46226,51379,0500000US47113
1,25355,12831,12524,0500000US47113
2,30191,14323,15868,0500000US47113
3,12191,5788,6403,0500000US47113
4,13253,6052,7201,0500000US47113
5,9826,4562,5264,0500000US47113
6,4823,2009,2814,0500000US47113
7,1966,661,1305,0500000US47113
0,28575,13960,14615,0500000US47115
1,6613,3378,3235,0500000US47115
2,8102,4057,4045,0500000US47115
3,3879,1916,1963,0500000US47115
4,4244,2019,2225,0500000US47115
5,3473,1647,1826,0500000US47115
6,1713,745,968,0500000US47115
7,551,198,353,0500000US47115
0,33683,16495,17188,0500000US47117
1,8659,4410,4249,0500000US47117
2,10370,5144,5226,0500000US47117
3,4681,2328,2353,0500000US47117
4,4543,2165,2378,0500000US47117
5,3361,1567,1794,0500000US47117
6,1514,703,811,0500000US47117
7,555,178,377,0500000US47117
0,94340,45506,48834,0500000US47119
1,23929,12054,11875,0500000US47119
2,30451,14825,15626,0500000US47119
3,11901,5847,6054,0500000US47119
4,13045,6083,6962,0500000US47119
5,9265,4362,4903,0500000US47119
6,4248,1861,2387,0500000US47119
7,1501,474,1027,0500000US47119
0,12306,6109,6197,0500000US47121
1,2798,1372,1426,0500000US47121
2,3357,1704,1653,0500000US47121
3,1783,881,902,0500000US47121
4,1756,832,924,0500000US47121
5,1674,862,812,0500000US47121
6,734,368,366,0500000US47121
7,204,90,114,0500000US47121
0,46357,23088,23269,0500000US47123
1,10760,5661,5099,0500000US47123
2,12838,6547,6291,0500000US47123
3,6237,3078,3159,0500000US47123
4,6704,3302,3402,0500000US47123
5,6010,2844,3166,0500000US47123
6,2940,1350,1590,0500000US47123
7,868,306,562,0500000US47123
0,205950,102544,103406,0500000US47125
1,60227,30577,29650,0500000US47125
2,84640,43475,41165,0500000US47125
3,22425,10839,11586,0500000US47125
4,19653,9248,10405,0500000US47125
5,11802,5472,6330,0500000US47125
6,5464,2281,3183,0500000US47125
7,1739,652,1087,0500000US47125
0,6411,3203,3208,0500000US47127
1,1356,701,655,0500000US47127
2,1788,924,864,0500000US47127
3,876,452,424,0500000US47127
4,1012,476,536,0500000US47127
5,779,376,403,0500000US47127
6,435,211,224,0500000US47127
7,165,63,102,0500000US47127
0,21579,11809,9770,0500000US47129
1,4574,2383,2191,0500000US47129
2,6984,4316,2668,0500000US47129
3,3206,1773,1433,0500000US47129
4,2979,1534,1445,0500000US47129
5,2321,1128,1193,0500000US47129
6,1149,540,609,0500000US47129
7,366,135,231,0500000US47129
0,30267,14647,15620,0500000US47131
1,7224,3683,3541,0500000US47131
2,8655,4305,4350,0500000US47131
3,3924,1909,2015,0500000US47131
4,4285,2040,2245,0500000US47131
5,3539,1662,1877,0500000US47131
6,1950,848,1102,0500000US47131
7,690,200,490,0500000US47131
0,22068,10939,11129,0500000US47133
1,5101,2677,2424,0500000US47133
2,6308,3196,3112,0500000US47133
3,3043,1488,1555,0500000US47133
4,3075,1504,1571,0500000US47133
5,2694,1283,1411,0500000US47133
6,1437,644,793,0500000US47133
7,410,147,263,0500000US47133
0,8064,4069,3995,0500000US47135
1,1947,1007,940,0500000US47135
2,2272,1160,1112,0500000US47135
3,1010,523,487,0500000US47135
4,1130,574,556,0500000US47135
5,989,494,495,0500000US47135
6,510,237,273,0500000US47135
7,206,74,132,0500000US47135
0,5082,2542,2540,0500000US47137
1,1011,538,473,0500000US47137
2,1173,583,590,0500000US47137
3,686,339,347,0500000US47137
4,810,400,410,0500000US47137
5,800,406,394,0500000US47137
6,473,228,245,0500000US47137
7,129,48,81,0500000US47137
0,16898,8325,8573,0500000US47139
1,3657,1843,1814,0500000US47139
2,4645,2321,2324,0500000US47139
3,2524,1255,1269,0500000US47139
4,2528,1233,1295,0500000US47139
5,2061,1014,1047,0500000US47139
6,1141,547,594,0500000US47139
7,342,112,230,0500000US47139
0,78843,39227,39616,0500000US47141
1,19498,10142,9356,0500000US47141
2,27484,14285,13199,0500000US47141
3,9342,4578,4764,0500000US47141
4,9385,4428,4957,0500000US47141
5,7608,3491,4117,0500000US47141
6,4030,1763,2267,0500000US47141
7,1496,540,956,0500000US47141
0,33044,16401,16643,0500000US47143
1,8372,4268,4104,0500000US47143
2,9700,4960,4740,0500000US47143
3,4412,2185,2227,0500000US47143
4,4411,2147,2264,0500000US47143
5,3665,1777,1888,0500000US47143
6,1871,828,1043,0500000US47143
7,613,236,377,0500000US47143
0,53140,25926,27214,0500000US47145
1,11034,5679,5355,0500000US47145
2,13927,6856,7071,0500000US47145
3,7445,3678,3767,0500000US47145
4,8626,4148,4478,0500000US47145
5,7028,3421,3607,0500000US47145
6,3640,1632,2008,0500000US47145
7,1440,512,928,0500000US47145
0,71012,35082,35930,0500000US47147
1,18521,9423,9098,0500000US47147
2,22170,11097,11073,0500000US47147
3,9873,4900,4973,0500000US47147
4,9928,4835,5093,0500000US47147
5,6453,3066,3387,0500000US47147
6,3126,1428,1698,0500000US47147
7,941,333,608,0500000US47147
0,324890,159916,164974,0500000US47149
1,90019,45962,44057,0500000US47149
2,123821,61498,62323,0500000US47149
3,42156,20624,21532,0500000US47149
4,34928,16817,18111,0500000US47149
5,21388,9911,11477,0500000US47149
6,9377,4002,5375,0500000US47149
7,3201,1102,2099,0500000US47149
0,22039,10821,11218,0500000US47151
1,5836,2957,2879,0500000US47151
2,6713,3330,3383,0500000US47151
3,2926,1474,1452,0500000US47151
4,2860,1379,1481,0500000US47151
5,2223,1040,1183,0500000US47151
6,1139,503,636,0500000US47151
7,342,138,204,0500000US47151
0,14876,7363,7513,0500000US47153
1,3410,1759,1651,0500000US47153
2,4149,2080,2069,0500000US47153
3,2027,1010,1017,0500000US47153
4,2262,1097,1165,0500000US47153
5,1837,896,941,0500000US47153
6,900,420,480,0500000US47153
7,291,101,190,0500000US47153
0,97892,47915,49977,0500000US47155
1,22108,11529,10579,0500000US47155
2,28386,14132,14254,0500000US47155
3,13650,6655,6995,0500000US47155
4,14407,6763,7644,0500000US47155
5,11944,5613,6331,0500000US47155
6,5721,2601,3120,0500000US47155
7,1676,622,1054,0500000US47155
0,935764,444522,491242,0500000US47157
1,256133,129699,126434,0500000US47157
2,319347,153909,165438,0500000US47157
3,116519,54678,61841,0500000US47157
4,116666,53427,63239,0500000US47157
5,78085,34721,43364,0500000US47157
6,34360,13574,20786,0500000US47157
7,14654,4514,10140,0500000US47157
0,19942,9921,10021,0500000US47159
1,4941,2553,2388,0500000US47159
2,5949,2972,2977,0500000US47159
3,2775,1378,1397,0500000US47159
4,2892,1481,1411,0500000US47159
5,2106,1001,1105,0500000US47159
6,988,451,537,0500000US47159
7,291,85,206,0500000US47159
0,13561,6773,6788,0500000US47161
1,3127,1608,1519,0500000US47161
2,3689,1894,1795,0500000US47161
3,1953,970,983,0500000US47161
4,2034,1008,1026,0500000US47161
5,1663,812,851,0500000US47161
6,826,371,455,0500000US47161
7,269,110,159,0500000US47161
0,157668,76687,80981,0500000US47163
1,33631,17244,16387,0500000US47163
2,44589,22342,22247,0500000US47163
3,22092,10814,11278,0500000US47163
4,22827,10935,11892,0500000US47163
5,19330,9055,10275,0500000US47163
6,11180,4897,6283,0500000US47163
7,4019,1400,2619,0500000US47163
0,187149,91378,95771,0500000US47165
1,48012,24598,23414,0500000US47165
2,58332,28732,29600,0500000US47165
3,26284,12815,13469,0500000US47165
4,24857,12041,12816,0500000US47165
5,17930,8391,9539,0500000US47165
6,8682,3745,4937,0500000US47165
7,3052,1056,1996,0500000US47165
0,61581,30396,31185,0500000US47167
1,16611,8555,8056,0500000US47167
2,19305,9671,9634,0500000US47167
3,8394,4134,4260,0500000US47167
4,8367,3994,4373,0500000US47167
5,5468,2599,2869,0500000US47167
6,2611,1132,1479,0500000US47167
7,825,311,514,0500000US47167
0,11012,6521,4491,0500000US47169
1,2393,1382,1011,0500000US47169
2,4560,3060,1500,0500000US47169
3,1464,844,620,0500000US47169
4,1169,566,603,0500000US47169
5,873,428,445,0500000US47169
6,421,196,225,0500000US47169
7,132,45,87,0500000US47169
0,17761,8724,9037,0500000US47171
1,3666,1879,1787,0500000US47171
2,4815,2416,2399,0500000US47171
3,2416,1207,1209,0500000US47171
4,2741,1344,1397,0500000US47171
5,2304,1097,1207,0500000US47171
6,1332,626,706,0500000US47171
7,487,155,332,0500000US47171
0,19688,9700,9988,0500000US47173
1,4662,2370,2292,0500000US47173
2,5650,2811,2839,0500000US47173
3,2723,1327,1396,0500000US47173
4,3050,1506,1544,0500000US47173
5,2234,1127,1107,0500000US47173
6,1040,456,584,0500000US47173
7,329,103,226,0500000US47173
0,5765,2886,2879,0500000US47175
1,1208,621,587,0500000US47175
2,1520,794,726,0500000US47175
3,756,367,389,0500000US47175
4,916,453,463,0500000US47175
5,874,429,445,0500000US47175
6,379,177,202,0500000US47175
7,112,45,67,0500000US47175
0,40878,20227,20651,0500000US47177
1,10505,5375,5130,0500000US47177
2,12302,6257,6045,0500000US47177
3,5327,2691,2636,0500000US47177
4,5514,2719,2795,0500000US47177
5,4177,1925,2252,0500000US47177
6,2279,997,1282,0500000US47177
7,774,263,511,0500000US47177
0,128607,62829,65778,0500000US47179
1,28606,14373,14233,0500000US47179
2,42511,21042,21469,0500000US47179
3,16796,8452,8344,0500000US47179
4,17130,8245,8885,0500000US47179
5,13712,6519,7193,0500000US47179
6,7266,3273,3993,0500000US47179
7,2586,925,1661,0500000US47179
0,16558,9144,7414,0500000US47181
1,3132,1652,1480,0500000US47181
2,5506,3534,1972,0500000US47181
3,2399,1339,1060,0500000US47181
4,2293,1161,1132,0500000US47181
5,1854,895,959,0500000US47181
6,982,436,546,0500000US47181
7,392,127,265,0500000US47181
0,33415,16382,17033,0500000US47183
1,7882,3993,3889,0500000US47183
2,11062,5616,5446,0500000US47183
3,4018,1965,2053,0500000US47183
4,4225,2066,2159,0500000US47183
5,3527,1666,1861,0500000US47183
6,1893,806,1087,0500000US47183
7,808,270,538,0500000US47183
0,27107,13262,13845,0500000US47185
1,6484,3320,3164,0500000US47185
2,7750,3901,3849,0500000US47185
3,3635,1778,1857,0500000US47185
4,3744,1787,1957,0500000US47185
5,3184,1514,1670,0500000US47185
6,1654,730,924,0500000US47185
7,656,232,424,0500000US47185
0,231729,113699,118030,0500000US47187
1,68992,35272,33720,0500000US47187
2,67008,32612,34396,0500000US47187
3,35563,17464,18099,0500000US47187
4,29686,14368,15318,0500000US47187
5,18931,9076,9855,0500000US47187
6,8208,3656,4552,0500000US47187
7,3341,1251,2090,0500000US47187
0,140625,69171,71454,0500000US47189
1,36473,18861,17612,0500000US47189
2,43398,21377,22021,0500000US47189
3,19913,9824,10089,0500000US47189
4,18776,9086,9690,0500000US47189
5,13763,6477,7286,0500000US47189
6,6419,2891,3528,0500000US47189
7,1883,655,1228,0500000US47189
0,58057,35546,22511,0500000US48001
1,12256,6465,5791,0500000US48001
2,22017,15604,6413,0500000US48001
3,8336,5622,2714,0500000US48001
4,6857,3839,3018,0500000US48001
5,5022,2516,2506,0500000US48001
6,2683,1162,1521,0500000US48001
7,886,338,548,0500000US48001
0,18128,9274,8854,0500000US48003
1,6036,3110,2926,0500000US48003
2,6247,3304,2943,0500000US48003
3,2053,1027,1026,0500000US48003
4,1914,989,925,0500000US48003
5,1082,526,556,0500000US48003
6,559,221,338,0500000US48003
7,237,97,140,0500000US48003
0,87092,42488,44604,0500000US48005
1,24456,12357,12099,0500000US48005
2,26852,13077,13775,0500000US48005
3,10777,5382,5395,0500000US48005
4,10789,5336,5453,0500000US48005
5,8062,3707,4355,0500000US48005
6,4427,1963,2464,0500000US48005
7,1729,666,1063,0500000US48005
0,23792,11751,12041,0500000US48007
1,4614,2380,2234,0500000US48007
2,5501,2820,2681,0500000US48007
3,2742,1312,1430,0500000US48007
4,3886,1849,2037,0500000US48007
5,3943,1901,2042,0500000US48007
6,2404,1167,1237,0500000US48007
7,702,322,380,0500000US48007
0,8786,4326,4460,0500000US48009
1,2103,1059,1044,0500000US48009
2,2357,1210,1147,0500000US48009
3,1149,560,589,0500000US48009
4,1419,679,740,0500000US48009
5,956,449,507,0500000US48009
6,591,275,316,0500000US48009
7,211,94,117,0500000US48009
0,1892,918,974,0500000US48011
1,473,224,249,0500000US48011
2,477,244,233,0500000US48011
3,194,104,90,0500000US48011
4,295,140,155,0500000US48011
5,257,132,125,0500000US48011
6,152,62,90,0500000US48011
7,44,12,32,0500000US48011
0,50310,25084,25226,0500000US48013
1,15070,7734,7336,0500000US48013
2,15958,8078,7880,0500000US48013
3,5998,2995,3003,0500000US48013
4,5899,2880,3019,0500000US48013
5,4338,2090,2248,0500000US48013
6,2218,1014,1204,0500000US48013
7,829,293,536,0500000US48013
0,29989,14954,15035,0500000US48015
1,7863,3989,3874,0500000US48015
2,8394,4232,4162,0500000US48015
3,3666,1822,1844,0500000US48015
4,4367,2201,2166,0500000US48015
5,3365,1662,1703,0500000US48015
6,1715,822,893,0500000US48015
7,619,226,393,0500000US48015
0,7027,3499,3528,0500000US48017
1,2422,1195,1227,0500000US48017
2,2093,1061,1032,0500000US48017
3,710,349,361,0500000US48017
4,777,411,366,0500000US48017
5,545,270,275,0500000US48017
6,348,155,193,0500000US48017
7,132,58,74,0500000US48017
0,22824,11327,11497,0500000US48019
1,4196,2165,2031,0500000US48019
2,5145,2601,2544,0500000US48019
3,2892,1400,1492,0500000US48019
4,4434,2080,2354,0500000US48019
5,3831,1921,1910,0500000US48019
6,1783,914,869,0500000US48019
7,543,246,297,0500000US48019
0,86976,44296,42680,0500000US48021
1,24330,12412,11918,0500000US48021
2,26155,13855,12300,0500000US48021
3,11151,5714,5437,0500000US48021
4,12129,6093,6036,0500000US48021
5,8530,4200,4330,0500000US48021
6,3503,1576,1927,0500000US48021
7,1178,446,732,0500000US48021
0,3582,1744,1838,0500000US48023
1,893,461,432,0500000US48023
2,933,473,460,0500000US48023
3,412,189,223,0500000US48023
4,491,256,235,0500000US48023
5,412,187,225,0500000US48023
6,301,133,168,0500000US48023
7,140,45,95,0500000US48023
0,32587,19819,12768,0500000US48025
1,7843,4079,3764,0500000US48025
2,13336,9431,3905,0500000US48025
3,4069,2677,1392,0500000US48025
4,3327,1793,1534,0500000US48025
5,2323,1140,1183,0500000US48025
6,1246,545,701,0500000US48025
7,443,154,289,0500000US48025
0,355642,176710,178932,0500000US48027
1,108538,55302,53236,0500000US48027
2,135620,69524,66096,0500000US48027
3,38058,18483,19575,0500000US48027
4,34841,16195,18646,0500000US48027
5,23272,10724,12548,0500000US48027
6,10977,4854,6123,0500000US48027
7,4336,1628,2708,0500000US48027
0,1986049,980516,1005533,0500000US48029
1,566259,289177,277082,0500000US48029
2,731934,371806,360128,0500000US48029
3,237361,115954,121407,0500000US48029
4,209874,99359,110515,0500000US48029
5,143813,65249,78564,0500000US48029
6,68271,28769,39502,0500000US48029
7,28537,10202,18335,0500000US48029
0,11702,5872,5830,0500000US48031
1,2394,1263,1131,0500000US48031
2,2770,1456,1314,0500000US48031
3,1529,728,801,0500000US48031
4,2168,1067,1101,0500000US48031
5,1781,850,931,0500000US48031
6,826,402,424,0500000US48031
7,234,106,128,0500000US48031
0,648,337,311,0500000US48033
1,141,75,66,0500000US48033
2,143,73,70,0500000US48033
3,113,60,53,0500000US48033
4,91,48,43,0500000US48033
5,77,41,36,0500000US48033
6,56,32,24,0500000US48033
7,27,8,19,0500000US48033
0,18691,9248,9443,0500000US48035
1,4435,2316,2119,0500000US48035
2,4612,2276,2336,0500000US48035
3,2203,1077,1126,0500000US48035
4,2834,1377,1457,0500000US48035
5,2596,1288,1308,0500000US48035
6,1440,663,777,0500000US48035
7,571,251,320,0500000US48035
0,94324,47473,46851,0500000US48037
1,24526,12608,11918,0500000US48037
2,30893,16483,14410,0500000US48037
3,11534,5900,5634,0500000US48037
4,11766,5714,6052,0500000US48037
5,8975,4142,4833,0500000US48037
6,4593,1969,2624,0500000US48037
7,2037,657,1380,0500000US48037
0,370200,187001,183199,0500000US48039
1,106862,54962,51900,0500000US48039
2,127993,65494,62499,0500000US48039
3,48965,25198,23767,0500000US48039
4,42702,21277,21425,0500000US48039
5,27212,13074,14138,0500000US48039
6,12157,5461,6696,0500000US48039
7,4309,1535,2774,0500000US48039
0,226758,114626,112132,0500000US48041
1,60819,30682,30137,0500000US48041
2,105784,55458,50326,0500000US48041
3,20486,10035,10451,0500000US48041
4,18907,9062,9845,0500000US48041
5,12308,5815,6493,0500000US48041
6,6016,2622,3394,0500000US48041
7,2438,952,1486,0500000US48041
0,9267,4684,4583,0500000US48043
1,1920,992,928,0500000US48043
2,2874,1460,1414,0500000US48043
3,1027,512,515,0500000US48043
4,1302,651,651,0500000US48043
5,1279,669,610,0500000US48043
6,635,332,303,0500000US48043
7,230,68,162,0500000US48043
0,1516,749,767,0500000US48045
1,322,160,162,0500000US48045
2,415,207,208,0500000US48045
3,181,84,97,0500000US48045
4,201,97,104,0500000US48045
5,214,116,98,0500000US48045
6,136,66,70,0500000US48045
7,47,19,28,0500000US48045
0,7114,3595,3519,0500000US48047
1,2204,1157,1047,0500000US48047
2,2116,1170,946,0500000US48047
3,674,314,360,0500000US48047
4,817,401,416,0500000US48047
5,712,318,394,0500000US48047
6,445,190,255,0500000US48047
7,146,45,101,0500000US48047
0,37924,18764,19160,0500000US48049
1,9483,4844,4639,0500000US48049
2,11091,5623,5468,0500000US48049
3,4612,2311,2301,0500000US48049
4,5182,2497,2685,0500000US48049
5,4223,2048,2175,0500000US48049
6,2397,1081,1316,0500000US48049
7,936,360,576,0500000US48049
0,18389,9045,9344,0500000US48051
1,4482,2291,2191,0500000US48051
2,4954,2368,2586,0500000US48051
3,2308,1163,1145,0500000US48051
4,2890,1402,1488,0500000US48051
5,2181,1105,1076,0500000US48051
6,1049,502,547,0500000US48051
7,525,214,311,0500000US48051
0,47542,23296,24246,0500000US48053
1,11191,5743,5448,0500000US48053
2,12886,6330,6556,0500000US48053
3,5555,2731,2824,0500000US48053
4,7285,3478,3807,0500000US48053
5,6376,3109,3267,0500000US48053
6,3148,1447,1701,0500000US48053
7,1101,458,643,0500000US48053
0,43247,21822,21425,0500000US48055
1,11833,6146,5687,0500000US48055
2,14560,7538,7022,0500000US48055
3,5336,2669,2667,0500000US48055
4,5308,2637,2671,0500000US48055
5,3701,1791,1910,0500000US48055
6,1786,785,1001,0500000US48055
7,723,256,467,0500000US48055
0,21561,11078,10483,0500000US48057
1,5787,2987,2800,0500000US48057
2,6497,3428,3069,0500000US48057
3,2566,1319,1247,0500000US48057
4,2841,1435,1406,0500000US48057
5,2266,1174,1092,0500000US48057
6,1161,555,606,0500000US48057
7,443,180,263,0500000US48057
0,13994,6930,7064,0500000US48059
1,3426,1775,1651,0500000US48059
2,3861,1911,1950,0500000US48059
3,1674,822,852,0500000US48059
4,2164,1044,1120,0500000US48059
5,1644,825,819,0500000US48059
6,874,417,457,0500000US48059
7,351,136,215,0500000US48059
0,423908,206353,217555,0500000US48061
1,142347,72569,69778,0500000US48061
2,135360,67687,67673,0500000US48061
3,47497,21923,25574,0500000US48061
4,41289,18803,22486,0500000US48061
5,32299,14839,17460,0500000US48061
6,17801,7701,10100,0500000US48061
7,7315,2831,4484,0500000US48061
0,13033,6329,6704,0500000US48063
1,3783,1859,1924,0500000US48063
2,3640,1781,1859,0500000US48063
3,1530,705,825,0500000US48063
4,1666,806,860,0500000US48063
5,1424,715,709,0500000US48063
6,753,363,390,0500000US48063
7,237,100,137,0500000US48063
0,6005,3010,2995,0500000US48065
1,1582,808,774,0500000US48065
2,1692,847,845,0500000US48065
3,690,346,344,0500000US48065
4,868,447,421,0500000US48065
5,662,334,328,0500000US48065
6,386,182,204,0500000US48065
7,125,46,79,0500000US48065
0,30119,14581,15538,0500000US48067
1,7453,3858,3595,0500000US48067
2,7891,3786,4105,0500000US48067
3,3828,1852,1976,0500000US48067
4,4287,2037,2250,0500000US48067
5,3692,1792,1900,0500000US48067
6,2174,966,1208,0500000US48067
7,794,290,504,0500000US48067
0,7665,3945,3720,0500000US48069
1,2397,1270,1127,0500000US48069
2,2323,1175,1148,0500000US48069
3,765,412,353,0500000US48069
4,968,507,461,0500000US48069
5,622,322,300,0500000US48069
6,424,195,229,0500000US48069
7,166,64,102,0500000US48069
0,42454,21505,20949,0500000US48071
1,13024,6762,6262,0500000US48071
2,14209,7179,7030,0500000US48071
3,5463,2763,2700,0500000US48071
4,4748,2448,2300,0500000US48071
5,3246,1583,1663,0500000US48071
6,1335,614,721,0500000US48071
7,429,156,273,0500000US48071
0,52592,26822,25770,0500000US48073
1,14961,7824,7137,0500000US48073
2,15601,8217,7384,0500000US48073
3,6359,3375,2984,0500000US48073
4,6440,3187,3253,0500000US48073
5,5352,2511,2841,0500000US48073
6,2828,1339,1489,0500000US48073
7,1051,369,682,0500000US48073
0,7291,4434,2857,0500000US48075
1,1601,873,728,0500000US48075
2,3159,2339,820,0500000US48075
3,661,355,306,0500000US48075
4,747,374,373,0500000US48075
5,607,275,332,0500000US48075
6,374,165,209,0500000US48075
7,142,53,89,0500000US48075
0,10456,5209,5247,0500000US48077
1,2312,1162,1150,0500000US48077
2,2655,1343,1312,0500000US48077
3,1321,645,676,0500000US48077
4,1793,901,892,0500000US48077
5,1369,687,682,0500000US48077
6,728,355,373,0500000US48077
7,278,116,162,0500000US48077
0,2836,1423,1413,0500000US48079
1,853,432,421,0500000US48079
2,827,427,400,0500000US48079
3,328,170,158,0500000US48079
4,365,176,189,0500000US48079
5,238,119,119,0500000US48079
6,173,77,96,0500000US48079
7,52,22,30,0500000US48079
0,3370,1666,1704,0500000US48081
1,793,396,397,0500000US48081
2,817,418,399,0500000US48081
3,365,167,198,0500000US48081
4,476,244,232,0500000US48081
5,490,232,258,0500000US48081
6,331,171,160,0500000US48081
7,98,38,60,0500000US48081
0,8397,4240,4157,0500000US48083
1,1950,990,960,0500000US48083
2,2022,1031,991,0500000US48083
3,966,508,458,0500000US48083
4,1363,689,674,0500000US48083
5,1202,589,613,0500000US48083
6,661,329,332,0500000US48083
7,233,104,129,0500000US48083
0,1005146,494802,510344,0500000US48085
1,285506,146045,139461,0500000US48085
2,345362,169348,176014,0500000US48085
3,151668,75755,75913,0500000US48085
4,111955,55125,56830,0500000US48085
5,69368,31251,38117,0500000US48085
6,31239,13615,17624,0500000US48085
7,10048,3663,6385,0500000US48085
0,2962,1449,1513,0500000US48087
1,863,434,429,0500000US48087
2,832,420,412,0500000US48087
3,327,160,167,0500000US48087
4,381,187,194,0500000US48087
5,310,146,164,0500000US48087
6,175,75,100,0500000US48087
7,74,27,47,0500000US48087
0,21217,10665,10552,0500000US48089
1,5323,2720,2603,0500000US48089
2,5658,2979,2679,0500000US48089
3,2406,1208,1198,0500000US48089
4,3132,1571,1561,0500000US48089
5,2595,1268,1327,0500000US48089
6,1456,698,758,0500000US48089
7,647,221,426,0500000US48089
0,148373,73333,75040,0500000US48091
1,36944,18963,17981,0500000US48091
2,42951,21471,21480,0500000US48091
3,19845,9775,10070,0500000US48091
4,21804,10517,11287,0500000US48091
5,16768,8125,8643,0500000US48091
6,7421,3534,3887,0500000US48091
7,2640,948,1692,0500000US48091
0,13534,6738,6796,0500000US48093
1,3303,1689,1614,0500000US48093
2,3409,1733,1676,0500000US48093
3,1699,846,853,0500000US48093
4,1834,915,919,0500000US48093
5,1807,877,930,0500000US48093
6,1115,531,584,0500000US48093
7,367,147,220,0500000US48093
0,4276,3020,1256,0500000US48095
1,570,312,258,0500000US48095
2,1823,1529,294,0500000US48095
3,633,497,136,0500000US48095
4,494,290,204,0500000US48095
5,433,226,207,0500000US48095
6,243,126,117,0500000US48095
7,80,40,40,0500000US48095
0,40574,20262,20312,0500000US48097
1,10596,5561,5035,0500000US48097
2,11883,5997,5886,0500000US48097
3,4803,2330,2473,0500000US48097
4,5772,2844,2928,0500000US48097
5,4416,2144,2272,0500000US48097
6,2285,1047,1238,0500000US48097
7,819,339,480,0500000US48097
0,74808,37143,37665,0500000US48099
1,18873,9667,9206,0500000US48099
2,33198,17240,15958,0500000US48099
3,8425,3898,4527,0500000US48099
4,6643,3036,3607,0500000US48099
5,4590,2034,2556,0500000US48099
6,2393,994,1399,0500000US48099
7,686,274,412,0500000US48099
0,1389,674,715,0500000US48101
1,345,187,158,0500000US48101
2,343,171,172,0500000US48101
3,142,60,82,0500000US48101
4,221,110,111,0500000US48101
5,179,88,91,0500000US48101
6,117,48,69,0500000US48101
7,42,10,32,0500000US48101
0,4794,2415,2379,0500000US48103
1,1546,784,762,0500000US48103
2,1545,802,743,0500000US48103
3,553,274,279,0500000US48103
4,578,298,280,0500000US48103
5,308,152,156,0500000US48103
6,184,76,108,0500000US48103
7,80,29,51,0500000US48103
0,3499,1747,1752,0500000US48105
1,940,463,477,0500000US48105
2,1011,505,506,0500000US48105
3,445,227,218,0500000US48105
4,483,262,221,0500000US48105
5,356,166,190,0500000US48105
6,201,96,105,0500000US48105
7,63,28,35,0500000US48105
0,5779,2857,2922,0500000US48107
1,1690,852,838,0500000US48107
2,1646,846,800,0500000US48107
3,618,290,328,0500000US48107
4,744,375,369,0500000US48107
5,567,281,286,0500000US48107
6,376,165,211,0500000US48107
7,138,48,90,0500000US48107
0,2204,1089,1115,0500000US48109
1,546,280,266,0500000US48109
2,610,324,286,0500000US48109
3,272,124,148,0500000US48109
4,303,148,155,0500000US48109
5,265,122,143,0500000US48109
6,139,56,83,0500000US48109
7,69,35,34,0500000US48109
0,7200,3754,3446,0500000US48111
1,2456,1290,1166,0500000US48111
2,2265,1181,1084,0500000US48111
3,921,482,439,0500000US48111
4,734,395,339,0500000US48111
5,503,263,240,0500000US48111
6,231,110,121,0500000US48111
7,90,33,57,0500000US48111
0,2637772,1301788,1335984,0500000US48113
1,757617,386480,371137,0500000US48113
2,982092,491320,490772,0500000US48113
3,327199,162023,165176,0500000US48113
4,287710,139949,147761,0500000US48113
5,173405,78757,94648,0500000US48113
6,77914,32572,45342,0500000US48113
7,31835,10687,21148,0500000US48113
0,12619,6922,5697,0500000US48115
1,3583,1875,1708,0500000US48115
2,4504,2859,1645,0500000US48115
3,1254,661,593,0500000US48115
4,1394,696,698,0500000US48115
5,1013,466,547,0500000US48115
6,634,266,368,0500000US48115
7,237,99,138,0500000US48115
0,18760,9369,9391,0500000US48117
1,6391,3243,3148,0500000US48117
2,6009,3071,2938,0500000US48117
3,2062,1022,1040,0500000US48117
4,1921,948,973,0500000US48117
5,1356,638,718,0500000US48117
6,676,312,364,0500000US48117
7,345,135,210,0500000US48117
0,5349,2661,2688,0500000US48119
1,1368,675,693,0500000US48119
2,1439,739,700,0500000US48119
3,669,312,357,0500000US48119
4,759,389,370,0500000US48119
5,637,309,328,0500000US48119
6,382,204,178,0500000US48119
7,95,33,62,0500000US48119
0,859064,422725,436339,0500000US48121
1,235556,119750,115806,0500000US48121
2,315270,155104,160166,0500000US48121
3,124404,62043,62361,0500000US48121
4,96420,46842,49578,0500000US48121
5,56388,25954,30434,0500000US48121
6,23609,10417,13192,0500000US48121
7,7417,2615,4802,0500000US48121
0,20187,10602,9585,0500000US48123
1,4949,2593,2356,0500000US48123
2,5934,3401,2533,0500000US48123
3,2509,1438,1071,0500000US48123
4,2772,1444,1328,0500000US48123
5,2176,1017,1159,0500000US48123
6,1275,531,744,0500000US48123
7,572,178,394,0500000US48123
0,2249,1245,1004,0500000US48125
1,489,251,238,0500000US48125
2,724,486,238,0500000US48125
3,219,120,99,0500000US48125
4,304,164,140,0500000US48125
5,268,111,157,0500000US48125
6,189,85,104,0500000US48125
7,56,28,28,0500000US48125
0,10308,5071,5237,0500000US48127
1,3285,1683,1602,0500000US48127
2,3117,1563,1554,0500000US48127
3,1069,505,564,0500000US48127
4,1108,555,553,0500000US48127
5,966,444,522,0500000US48127
6,500,211,289,0500000US48127
7,263,110,153,0500000US48127
0,3319,1630,1689,0500000US48129
1,859,440,419,0500000US48129
2,884,452,432,0500000US48129
3,316,151,165,0500000US48129
4,464,227,237,0500000US48129
5,433,194,239,0500000US48129
6,280,133,147,0500000US48129
7,83,33,50,0500000US48129
0,11212,5780,5432,0500000US48131
1,3110,1568,1542,0500000US48131
2,3567,2012,1555,0500000US48131
3,1268,659,609,0500000US48131
4,1256,617,639,0500000US48131
5,1058,515,543,0500000US48131
6,692,308,384,0500000US48131
7,261,101,160,0500000US48131
0,18322,9149,9173,0500000US48133
1,4624,2408,2216,0500000US48133
2,5001,2595,2406,0500000US48133
3,2011,966,1045,0500000US48133
4,2683,1338,1345,0500000US48133
5,2197,1044,1153,0500000US48133
6,1301,612,689,0500000US48133
7,505,186,319,0500000US48133
0,162124,82485,79639,0500000US48135
1,53542,27316,26226,0500000US48135
2,60194,31893,28301,0500000US48135
3,16912,8508,8404,0500000US48135
4,15716,7772,7944,0500000US48135
5,9356,4474,4882,0500000US48135
6,4630,1914,2716,0500000US48135
7,1774,608,1166,0500000US48135
0,1928,1019,909,0500000US48137
1,473,267,206,0500000US48137
2,427,222,205,0500000US48137
3,199,104,95,0500000US48137
4,268,127,141,0500000US48137
5,340,188,152,0500000US48137
6,165,86,79,0500000US48137
7,56,25,31,0500000US48137
0,179436,88513,90923,0500000US48139
1,52655,27090,25565,0500000US48139
2,58078,28573,29505,0500000US48139
3,23710,11799,11911,0500000US48139
4,22012,10813,11199,0500000US48139
5,14299,6645,7654,0500000US48139
6,6477,2837,3640,0500000US48139
7,2205,756,1449,0500000US48139
0,840758,414214,426544,0500000US48141
1,253186,128732,124454,0500000US48141
2,300251,155420,144831,0500000US48141
3,96349,45691,50658,0500000US48141
4,87880,40408,47472,0500000US48141
5,58475,26508,31967,0500000US48141
6,30901,12620,18281,0500000US48141
7,13716,4835,8881,0500000US48141
0,42446,20784,21662,0500000US48143
1,11938,5867,6071,0500000US48143
2,15528,7699,7829,0500000US48143
3,4263,2103,2160,0500000US48143
4,4702,2372,2330,0500000US48143
5,3503,1667,1836,0500000US48143
6,1753,812,941,0500000US48143
7,759,264,495,0500000US48143
0,17335,8230,9105,0500000US48145
1,3968,2042,1926,0500000US48145
2,5727,2573,3154,0500000US48145
3,2186,1000,1186,0500000US48145
4,2307,1123,1184,0500000US48145
5,1744,848,896,0500000US48145
6,1014,475,539,0500000US48145
7,389,169,220,0500000US48145
0,35286,18731,16555,0500000US48147
1,8338,4367,3971,0500000US48147
2,10968,6333,4635,0500000US48147
3,4596,2465,2131,0500000US48147
4,4852,2458,2394,0500000US48147
5,3751,1845,1906,0500000US48147
6,2070,968,1102,0500000US48147
7,711,295,416,0500000US48147
0,25349,12456,12893,0500000US48149
1,5614,2807,2807,0500000US48149
2,6374,3179,3195,0500000US48149
3,2855,1433,1422,0500000US48149
4,4075,2012,2063,0500000US48149
5,3498,1737,1761,0500000US48149
6,2039,976,1063,0500000US48149
7,894,312,582,0500000US48149
0,3839,1903,1936,0500000US48151
1,894,454,440,0500000US48151
2,984,498,486,0500000US48151
3,449,231,218,0500000US48151
4,569,291,278,0500000US48151
5,477,243,234,0500000US48151
6,329,132,197,0500000US48151
7,137,54,83,0500000US48151
0,5837,2942,2895,0500000US48153
1,1729,911,818,0500000US48153
2,1664,843,821,0500000US48153
3,653,337,316,0500000US48153
4,699,346,353,0500000US48153
5,550,264,286,0500000US48153
6,380,165,215,0500000US48153
7,162,76,86,0500000US48153
0,1200,583,617,0500000US48155
1,267,133,134,0500000US48155
2,276,129,147,0500000US48155
3,166,85,81,0500000US48155
4,175,93,82,0500000US48155
5,152,72,80,0500000US48155
6,117,54,63,0500000US48155
7,47,17,30,0500000US48155
0,787858,386599,401259,0500000US48157
1,236543,120640,115903,0500000US48157
2,260163,126031,134132,0500000US48157
3,110671,54441,56230,0500000US48157
4,93353,45525,47828,0500000US48157
5,57850,27445,30405,0500000US48157
6,21669,9763,11906,0500000US48157
7,7609,2754,4855,0500000US48157
0,10766,5350,5416,0500000US48159
1,2749,1394,1355,0500000US48159
2,2824,1416,1408,0500000US48159
3,1299,645,654,0500000US48159
4,1542,792,750,0500000US48159
5,1332,632,700,0500000US48159
6,746,365,381,0500000US48159
7,274,106,168,0500000US48159
0,19808,10281,9527,0500000US48161
1,4984,2532,2452,0500000US48161
2,5742,3210,2532,0500000US48161
3,2521,1397,1124,0500000US48161
4,2623,1342,1281,0500000US48161
5,2224,1060,1164,0500000US48161
6,1226,574,652,0500000US48161
7,488,166,322,0500000US48161
0,19816,11753,8063,0500000US48163
1,5234,2723,2511,0500000US48163
2,8282,5846,2436,0500000US48163
3,2103,1177,926,0500000US48163
4,1762,910,852,0500000US48163
5,1435,689,746,0500000US48163
6,730,320,410,0500000US48163
7,270,88,182,0500000US48163
0,20901,10598,10303,0500000US48165
1,8103,4038,4065,0500000US48165
2,6741,3514,3227,0500000US48165
3,2165,1111,1054,0500000US48165
4,2039,1064,975,0500000US48165
5,1056,524,532,0500000US48165
6,581,259,322,0500000US48165
7,216,88,128,0500000US48165
0,337890,166132,171758,0500000US48167
1,90437,46249,44188,0500000US48167
2,109511,54197,55314,0500000US48167
3,43895,21335,22560,0500000US48167
4,45442,22278,23164,0500000US48167
5,30039,14382,15657,0500000US48167
6,13489,5868,7621,0500000US48167
7,5077,1823,3254,0500000US48167
0,6578,4355,2223,0500000US48169
1,1347,766,581,0500000US48169
2,2852,2154,698,0500000US48169
3,916,629,287,0500000US48169
4,734,477,257,0500000US48169
5,370,158,212,0500000US48169
6,272,139,133,0500000US48169
7,87,32,55,0500000US48169
0,26804,13054,13750,0500000US48171
1,5868,3035,2833,0500000US48171
2,6164,3066,3098,0500000US48171
3,2792,1341,1451,0500000US48171
4,4013,1863,2150,0500000US48171
5,4198,1996,2202,0500000US48171
6,2630,1309,1321,0500000US48171
7,1139,444,695,0500000US48171
0,1388,765,623,0500000US48173
1,399,219,180,0500000US48173
2,440,251,189,0500000US48173
3,172,93,79,0500000US48173
4,166,87,79,0500000US48173
5,120,68,52,0500000US48173
6,72,37,35,0500000US48173
7,19,10,9,0500000US48173
0,7584,3756,3828,0500000US48175
1,1777,900,877,0500000US48175
2,1972,993,979,0500000US48175
3,908,449,459,0500000US48175
4,1189,582,607,0500000US48175
5,1024,522,502,0500000US48175
6,499,230,269,0500000US48175
7,215,80,135,0500000US48175
0,20826,10517,10309,0500000US48177
1,6194,3226,2968,0500000US48177
2,6046,3102,2944,0500000US48177
3,2396,1180,1216,0500000US48177
4,2707,1372,1335,0500000US48177
5,1892,930,962,0500000US48177
6,1181,550,631,0500000US48177
7,410,157,253,0500000US48177
0,21895,11615,10280,0500000US48179
1,6111,3150,2961,0500000US48179
2,6965,3945,3020,0500000US48179
3,2655,1574,1081,0500000US48179
4,2613,1335,1278,0500000US48179
5,1891,922,969,0500000US48179
6,1163,489,674,0500000US48179
7,497,200,297,0500000US48179
0,133991,65368,68623,0500000US48181
1,35296,18032,17264,0500000US48181
2,40025,19762,20263,0500000US48181
3,16486,8025,8461,0500000US48181
4,18567,8915,9652,0500000US48181
5,13835,6531,7304,0500000US48181
6,7079,3149,3930,0500000US48181
7,2703,954,1749,0500000US48181
0,123707,60112,63595,0500000US48183
1,35222,18154,17068,0500000US48183
2,40163,19939,20224,0500000US48183
3,14150,6697,7453,0500000US48183
4,15156,7247,7909,0500000US48183
5,10600,4824,5776,0500000US48183
6,5835,2365,3470,0500000US48183
7,2581,886,1695,0500000US48183
0,28360,15432,12928,0500000US48185
1,6983,3595,3388,0500000US48185
2,8707,5126,3581,0500000US48185
3,3695,2116,1579,0500000US48185
4,4046,2169,1877,0500000US48185
5,3027,1572,1455,0500000US48185
6,1390,672,718,0500000US48185
7,512,182,330,0500000US48185
0,163694,81018,82676,0500000US48187
1,45572,23258,22314,0500000US48187
2,54514,27441,27073,0500000US48187
3,21803,10859,10944,0500000US48187
4,19194,9175,10019,0500000US48187
5,13551,6417,7134,0500000US48187
6,6664,2952,3712,0500000US48187
7,2396,916,1480,0500000US48187
0,33830,17658,16172,0500000US48189
1,10279,5228,5051,0500000US48189
2,11449,6443,5006,0500000US48189
3,3843,2024,1819,0500000US48189
4,3714,1861,1853,0500000US48189
5,2474,1200,1274,0500000US48189
6,1473,651,822,0500000US48189
7,598,251,347,0500000US48189
0,3028,1499,1529,0500000US48191
1,777,399,378,0500000US48191
2,777,384,393,0500000US48191
3,340,168,172,0500000US48191
4,433,218,215,0500000US48191
5,357,169,188,0500000US48191
6,248,115,133,0500000US48191
7,96,46,50,0500000US48191
0,8484,4218,4266,0500000US48193
1,2040,1066,974,0500000US48193
2,2175,1130,1045,0500000US48193
3,916,455,461,0500000US48193
4,1241,609,632,0500000US48193
5,1064,507,557,0500000US48193
6,721,347,374,0500000US48193
7,327,104,223,0500000US48193
0,5463,2785,2678,0500000US48195
1,1756,942,814,0500000US48195
2,1620,810,810,0500000US48195
3,638,340,298,0500000US48195
4,642,341,301,0500000US48195
5,427,213,214,0500000US48195
6,265,107,158,0500000US48195
7,115,32,83,0500000US48195
0,3922,1984,1938,0500000US48197
1,929,502,427,0500000US48197
2,1076,554,522,0500000US48197
3,497,253,244,0500000US48197
4,538,268,270,0500000US48197
5,483,218,265,0500000US48197
6,282,144,138,0500000US48197
7,117,45,72,0500000US48197
0,57207,28188,29019,0500000US48199
1,15301,7896,7405,0500000US48199
2,17387,8651,8736,0500000US48199
3,7190,3555,3635,0500000US48199
4,7801,3838,3963,0500000US48199
5,5588,2627,2961,0500000US48199
6,2871,1224,1647,0500000US48199
7,1069,397,672,0500000US48199
0,4698619,2333866,2364753,0500000US48201
1,1372574,699895,672679,0500000US48201
2,1742738,879984,862754,0500000US48201
3,584579,289679,294900,0500000US48201
4,504464,245544,258920,0500000US48201
5,309364,143576,165788,0500000US48201
6,133569,56994,76575,0500000US48201
7,51331,18194,33137,0500000US48201
0,66726,32660,34066,0500000US48203
1,18583,9466,9117,0500000US48203
2,19888,9780,10108,0500000US48203
3,8074,3902,4172,0500000US48203
4,8904,4435,4469,0500000US48203
5,6706,3161,3545,0500000US48203
6,3326,1477,1849,0500000US48203
7,1245,439,806,0500000US48203
0,5619,3365,2254,0500000US48205
1,1309,672,637,0500000US48205
2,1969,1346,623,0500000US48205
3,872,612,260,0500000US48205
4,615,341,274,0500000US48205
5,426,207,219,0500000US48205
6,303,138,165,0500000US48205
7,125,49,76,0500000US48205
0,5813,3108,2705,0500000US48207
1,1235,645,590,0500000US48207
2,1888,1143,745,0500000US48207
3,604,320,284,0500000US48207
4,809,400,409,0500000US48207
5,700,350,350,0500000US48207
6,397,187,210,0500000US48207
7,180,63,117,0500000US48207
0,222631,110756,111875,0500000US48209
1,60693,30637,30056,0500000US48209
2,89512,45417,44095,0500000US48209
3,25170,12542,12628,0500000US48209
4,22792,10930,11862,0500000US48209
5,16055,7677,8378,0500000US48209
6,6315,2820,3495,0500000US48209
7,2094,733,1361,0500000US48209
0,3825,1920,1905,0500000US48211
1,1298,662,636,0500000US48211
2,1102,545,557,0500000US48211
3,428,226,202,0500000US48211
4,444,231,213,0500000US48211
5,335,158,177,0500000US48211
6,151,63,88,0500000US48211
7,67,35,32,0500000US48211
0,82299,40249,42050,0500000US48213
1,19632,10211,9421,0500000US48213
2,22268,11014,11254,0500000US48213
3,10021,4818,5203,0500000US48213
4,12296,5842,6454,0500000US48213
5,10335,4912,5423,0500000US48213
6,5860,2717,3143,0500000US48213
7,1887,735,1152,0500000US48213
0,865939,424482,441457,0500000US48215
1,310681,157939,152742,0500000US48215
2,292036,145317,146719,0500000US48215
3,95049,44990,50059,0500000US48215
4,72148,33641,38507,0500000US48215
5,53786,24387,29399,0500000US48215
6,30086,13246,16840,0500000US48215
7,12153,4962,7191,0500000US48215
0,36354,18114,18240,0500000US48217
1,9428,4857,4571,0500000US48217
2,10041,5086,4955,0500000US48217
3,4313,2130,2183,0500000US48217
4,5030,2451,2579,0500000US48217
5,4261,2121,2140,0500000US48217
6,2377,1146,1231,0500000US48217
7,904,323,581,0500000US48217
0,22980,11458,11522,0500000US48219
1,6924,3510,3414,0500000US48219
2,7475,3895,3580,0500000US48219
3,2481,1166,1315,0500000US48219
4,2728,1347,1381,0500000US48219
5,1898,903,995,0500000US48219
6,1091,477,614,0500000US48219
7,383,160,223,0500000US48219
0,60537,29601,30936,0500000US48221
1,14027,7225,6802,0500000US48221
2,15486,7717,7769,0500000US48221
3,6975,3352,3623,0500000US48221
4,9179,4395,4784,0500000US48221
5,8550,4046,4504,0500000US48221
6,4659,2239,2420,0500000US48221
7,1661,627,1034,0500000US48221
0,36810,18124,18686,0500000US48223
1,9907,5088,4819,0500000US48223
2,10755,5358,5397,0500000US48223
3,4556,2221,2335,0500000US48223
4,4872,2422,2450,0500000US48223
5,3825,1784,2041,0500000US48223
6,2136,991,1145,0500000US48223
7,759,260,499,0500000US48223
0,23169,12385,10784,0500000US48225
1,5024,2567,2457,0500000US48225
2,6789,4005,2784,0500000US48225
3,3067,1842,1225,0500000US48225
4,3190,1595,1595,0500000US48225
5,2768,1323,1445,0500000US48225
6,1682,795,887,0500000US48225
7,649,258,391,0500000US48225
0,36459,20966,15493,0500000US48227
1,8893,4747,4146,0500000US48227
2,13052,7935,5117,0500000US48227
3,5559,3755,1804,0500000US48227
4,4262,2336,1926,0500000US48227
5,2650,1315,1335,0500000US48227
6,1431,626,805,0500000US48227
7,612,252,360,0500000US48227
0,4795,2541,2254,0500000US48229
1,1121,550,571,0500000US48229
2,2031,1158,873,0500000US48229
3,433,223,210,0500000US48229
4,473,226,247,0500000US48229
5,432,226,206,0500000US48229
6,218,119,99,0500000US48229
7,87,39,48,0500000US48229
0,96493,47593,48900,0500000US48231
1,26095,13288,12807,0500000US48231
2,29911,14886,15025,0500000US48231
3,12435,6132,6303,0500000US48231
4,12770,6301,6469,0500000US48231
5,8907,4232,4675,0500000US48231
6,4767,2141,2626,0500000US48231
7,1608,613,995,0500000US48231
0,21198,10663,10535,0500000US48233
1,5972,2996,2976,0500000US48233
2,6509,3327,3182,0500000US48233
3,2366,1212,1154,0500000US48233
4,2844,1454,1390,0500000US48233
5,2015,996,1019,0500000US48233
6,1041,486,555,0500000US48233
7,451,192,259,0500000US48233
0,1522,781,741,0500000US48235
1,366,186,180,0500000US48235
2,408,227,181,0500000US48235
3,181,94,87,0500000US48235
4,240,113,127,0500000US48235
5,182,93,89,0500000US48235
6,104,52,52,0500000US48235
7,41,16,25,0500000US48235
0,8843,4988,3855,0500000US48237
1,2166,1145,1021,0500000US48237
2,2896,1835,1061,0500000US48237
3,1161,686,475,0500000US48237
4,1106,595,511,0500000US48237
5,882,431,451,0500000US48237
6,490,235,255,0500000US48237
7,142,61,81,0500000US48237
0,14874,7400,7474,0500000US48239
1,4142,2067,2075,0500000US48239
2,4425,2259,2166,0500000US48239
3,1674,846,828,0500000US48239
4,1948,977,971,0500000US48239
5,1429,729,700,0500000US48239
6,879,385,494,0500000US48239
7,377,137,240,0500000US48239
0,35872,17762,18110,0500000US48241
1,9346,4788,4558,0500000US48241
2,10047,5121,4926,0500000US48241
3,4374,2149,2225,0500000US48241
4,5084,2475,2609,0500000US48241
5,4076,1918,2158,0500000US48241
6,2244,1036,1208,0500000US48241
7,701,275,426,0500000US48241
0,2252,1154,1098,0500000US48243
1,200,116,84,0500000US48243
2,497,256,241,0500000US48243
3,287,137,150,0500000US48243
4,483,244,239,0500000US48243
5,482,254,228,0500000US48243
6,214,119,95,0500000US48243
7,89,28,61,0500000US48243
0,255001,130778,124223,0500000US48245
1,67980,34767,33213,0500000US48245
2,87596,47802,39794,0500000US48245
3,30423,15991,14432,0500000US48245
4,32193,15995,16198,0500000US48245
5,21040,9948,11092,0500000US48245
6,10772,4481,6291,0500000US48245
7,4997,1794,3203,0500000US48245
0,5248,2694,2554,0500000US48247
1,1761,956,805,0500000US48247
2,1510,807,703,0500000US48247
3,522,266,256,0500000US48247
4,532,266,266,0500000US48247
5,529,239,290,0500000US48247
6,315,132,183,0500000US48247
7,79,28,51,0500000US48247
0,40822,20244,20578,0500000US48249
1,12514,6482,6032,0500000US48249
2,12848,6503,6345,0500000US48249
3,4582,2185,2397,0500000US48249
4,4612,2206,2406,0500000US48249
5,3630,1777,1853,0500000US48249
6,1879,823,1056,0500000US48249
7,757,268,489,0500000US48249
0,171361,85449,85912,0500000US48251
1,48781,25132,23649,0500000US48251
2,54889,27701,27188,0500000US48251
3,22184,11191,10993,0500000US48251
4,21288,10533,10755,0500000US48251
5,14767,6816,7951,0500000US48251
6,7286,3276,4010,0500000US48251
7,2166,800,1366,0500000US48251
0,19817,12433,7384,0500000US48253
1,3829,1996,1833,0500000US48253
2,7867,5910,1957,0500000US48253
3,2668,1771,897,0500000US48253
4,2362,1275,1087,0500000US48253
5,1741,878,863,0500000US48253
6,975,443,532,0500000US48253
7,375,160,215,0500000US48253
0,15650,9209,6441,0500000US48255
1,3733,1936,1797,0500000US48255
2,6272,4341,1931,0500000US48255
3,1700,1010,690,0500000US48255
4,1740,942,798,0500000US48255
5,1182,559,623,0500000US48255
6,702,303,399,0500000US48255
7,321,118,203,0500000US48255
0,128622,63360,65262,0500000US48257
1,38801,19769,19032,0500000US48257
2,42859,21089,21770,0500000US48257
3,16591,8107,8484,0500000US48257
4,15004,7432,7572,0500000US48257
5,9505,4483,5022,0500000US48257
6,4433,1999,2434,0500000US48257
7,1429,481,948,0500000US48257
0,45641,22350,23291,0500000US48259
1,11620,5891,5729,0500000US48259
2,12651,6329,6322,0500000US48259
3,6149,3017,3132,0500000US48259
4,6518,3123,3395,0500000US48259
5,5061,2451,2610,0500000US48259
6,2567,1184,1383,0500000US48259
7,1075,355,720,0500000US48259
0,442,228,214,0500000US48261
1,142,83,59,0500000US48261
2,117,53,64,0500000US48261
3,58,26,32,0500000US48261
4,56,32,24,0500000US48261
5,38,21,17,0500000US48261
6,18,10,8,0500000US48261
7,13,3,10,0500000US48261
0,726,361,365,0500000US48263
1,169,96,73,0500000US48263
2,151,80,71,0500000US48263
3,91,49,42,0500000US48263
4,118,66,52,0500000US48263
5,90,39,51,0500000US48263
6,77,24,53,0500000US48263
7,30,7,23,0500000US48263
0,52405,25219,27186,0500000US48265
1,11413,5767,5646,0500000US48265
2,13182,6523,6659,0500000US48265
3,5713,2688,3025,0500000US48265
4,7581,3535,4046,0500000US48265
5,7806,3640,4166,0500000US48265
6,4803,2262,2541,0500000US48265
7,1907,804,1103,0500000US48265
0,4362,2134,2228,0500000US48267
1,855,440,415,0500000US48267
2,1006,502,504,0500000US48267
3,496,240,256,0500000US48267
4,725,354,371,0500000US48267
5,718,337,381,0500000US48267
6,424,212,212,0500000US48267
7,138,49,89,0500000US48267
0,277,140,137,0500000US48269
1,74,33,41,0500000US48269
2,72,40,32,0500000US48269
3,41,21,20,0500000US48269
4,41,22,19,0500000US48269
5,23,13,10,0500000US48269
6,21,7,14,0500000US48269
7,5,4,1,0500000US48269
0,3767,2074,1693,0500000US48271
1,796,438,358,0500000US48271
2,1209,757,452,0500000US48271
3,423,226,197,0500000US48271
4,435,216,219,0500000US48271
5,439,217,222,0500000US48271
6,350,154,196,0500000US48271
7,115,66,49,0500000US48271
0,31129,15939,15190,0500000US48273
1,9145,4746,4399,0500000US48273
2,12341,6629,5712,0500000US48273
3,2886,1418,1468,0500000US48273
4,2728,1332,1396,0500000US48273
5,2249,1050,1199,0500000US48273
6,1276,569,707,0500000US48273
7,504,195,309,0500000US48273
0,3653,1809,1844,0500000US48275
1,1051,535,516,0500000US48275
2,1000,514,486,0500000US48275
3,388,186,202,0500000US48275
4,488,269,219,0500000US48275
5,394,195,199,0500000US48275
6,236,80,156,0500000US48275
7,96,30,66,0500000US48275
0,49728,23970,25758,0500000US48277
1,12995,6671,6324,0500000US48277
2,14453,7018,7435,0500000US48277
3,6226,2990,3236,0500000US48277
4,6507,3118,3389,0500000US48277
5,5393,2509,2884,0500000US48277
6,2997,1285,1712,0500000US48277
7,1157,379,778,0500000US48277
0,13158,6523,6635,0500000US48279
1,4036,2035,2001,0500000US48279
2,3845,1966,1879,0500000US48279
3,1422,711,711,0500000US48279
4,1639,817,822,0500000US48279
5,1115,539,576,0500000US48279
6,782,343,439,0500000US48279
7,319,112,207,0500000US48279
0,21229,10461,10768,0500000US48281
1,5194,2611,2583,0500000US48281
2,5833,2957,2876,0500000US48281
3,2921,1464,1457,0500000US48281
4,3116,1536,1580,0500000US48281
5,2428,1132,1296,0500000US48281
6,1266,569,697,0500000US48281
7,471,192,279,0500000US48281
0,7531,4457,3074,0500000US48283
1,1690,916,774,0500000US48283
2,3377,2335,1042,0500000US48283
3,822,437,385,0500000US48283
4,609,291,318,0500000US48283
5,591,277,314,0500000US48283
6,329,152,177,0500000US48283
7,113,49,64,0500000US48283
0,20110,9822,10288,0500000US48285
1,5204,2625,2579,0500000US48285
2,5149,2570,2579,0500000US48285
3,2285,1163,1122,0500000US48285
4,2789,1350,1439,0500000US48285
5,2540,1221,1319,0500000US48285
6,1415,647,768,0500000US48285
7,728,246,482,0500000US48285
0,17144,8609,8535,0500000US48287
1,4182,2211,1971,0500000US48287
2,4958,2492,2466,0500000US48287
3,2114,1026,1088,0500000US48287
4,2720,1376,1344,0500000US48287
5,1793,912,881,0500000US48287
6,1027,461,566,0500000US48287
7,350,131,219,0500000US48287
0,17270,8587,8683,0500000US48289
1,4246,2213,2033,0500000US48289
2,4291,2149,2142,0500000US48289
3,1882,939,943,0500000US48289
4,2625,1289,1336,0500000US48289
5,2376,1143,1233,0500000US48289
6,1403,678,725,0500000US48289
7,447,176,271,0500000US48289
0,86323,42794,43529,0500000US48291
1,25005,12801,12204,0500000US48291
2,28814,14143,14671,0500000US48291
3,11063,5533,5530,0500000US48291
4,10389,5182,5207,0500000US48291
5,7003,3418,3585,0500000US48291
6,3048,1357,1691,0500000US48291
7,1001,360,641,0500000US48291
0,23519,12143,11376,0500000US48293
1,5851,3077,2774,0500000US48293
2,7124,4003,3121,0500000US48293
3,2708,1361,1347,0500000US48293
4,3255,1592,1663,0500000US48293
5,2673,1282,1391,0500000US48293
6,1343,603,740,0500000US48293
7,565,225,340,0500000US48293
0,3355,1734,1621,0500000US48295
1,941,483,458,0500000US48295
2,991,552,439,0500000US48295
3,351,184,167,0500000US48295
4,464,229,235,0500000US48295
5,319,171,148,0500000US48295
6,195,83,112,0500000US48295
7,94,32,62,0500000US48295
0,12166,6667,5499,0500000US48297
1,2667,1386,1281,0500000US48297
2,3930,2461,1469,0500000US48297
3,1342,729,613,0500000US48297
4,1722,867,855,0500000US48297
5,1376,682,694,0500000US48297
6,828,430,398,0500000US48297
7,301,112,189,0500000US48297
0,21646,10482,11164,0500000US48299
1,3670,1894,1776,0500000US48299
2,4197,2107,2090,0500000US48299
3,2275,1066,1209,0500000US48299
4,3686,1707,1979,0500000US48299
5,4279,2019,2260,0500000US48299
6,2589,1297,1292,0500000US48299
7,950,392,558,0500000US48299
0,152,85,67,0500000US48301
1,56,30,26,0500000US48301
2,52,27,25,0500000US48301
3,9,5,4,0500000US48301
4,20,14,6,0500000US48301
5,12,8,4,0500000US48301
6,3,1,2,0500000US48301
7,0,0,0,0500000US48301
0,307412,151464,155948,0500000US48303
1,86948,43998,42950,0500000US48303
2,119411,60680,58731,0500000US48303
3,30796,14845,15951,0500000US48303
4,32057,15265,16792,0500000US48303
5,21899,10155,11744,0500000US48303
6,11583,4856,6727,0500000US48303
7,4718,1665,3053,0500000US48303
0,5877,2997,2880,0500000US48305
1,1727,892,835,0500000US48305
2,1734,914,820,0500000US48305
3,654,314,340,0500000US48305
4,772,410,362,0500000US48305
5,509,262,247,0500000US48305
6,371,160,211,0500000US48305
7,110,45,65,0500000US48305
0,7987,4012,3975,0500000US48307
1,1973,1064,909,0500000US48307
2,2188,1136,1052,0500000US48307
3,921,440,481,0500000US48307
4,1127,537,590,0500000US48307
5,1007,494,513,0500000US48307
6,543,246,297,0500000US48307
7,228,95,133,0500000US48307
0,254607,124464,130143,0500000US48309
1,73194,37403,35791,0500000US48309
2,88954,44208,44746,0500000US48309
3,27284,13087,14197,0500000US48309
4,28560,13777,14783,0500000US48309
5,20795,9602,11193,0500000US48309
6,10855,4678,6177,0500000US48309
7,4965,1709,3256,0500000US48309
0,749,411,338,0500000US48311
1,154,79,75,0500000US48311
2,202,120,82,0500000US48311
3,109,62,47,0500000US48311
4,104,53,51,0500000US48311
5,83,46,37,0500000US48311
6,68,36,32,0500000US48311
7,29,15,14,0500000US48311
0,14422,8283,6139,0500000US48313
1,3434,1750,1684,0500000US48313
2,5693,3923,1770,0500000US48313
3,1549,824,725,0500000US48313
4,1495,742,753,0500000US48313
5,1239,597,642,0500000US48313
6,737,345,392,0500000US48313
7,275,102,173,0500000US48313
0,9928,4842,5086,0500000US48315
1,1970,995,975,0500000US48315
2,2341,1180,1161,0500000US48315
3,1259,579,680,0500000US48315
4,1740,821,919,0500000US48315
5,1521,743,778,0500000US48315
6,842,416,426,0500000US48315
7,255,108,147,0500000US48315
0,5753,2911,2842,0500000US48317
1,1948,987,961,0500000US48317
2,1792,936,856,0500000US48317
3,691,347,344,0500000US48317
4,674,335,339,0500000US48317
5,379,183,196,0500000US48317
6,193,89,104,0500000US48317
7,76,34,42,0500000US48317
0,4280,2143,2137,0500000US48319
1,990,528,462,0500000US48319
2,968,489,479,0500000US48319
3,475,224,251,0500000US48319
4,627,331,296,0500000US48319
5,663,314,349,0500000US48319
6,430,201,229,0500000US48319
7,127,56,71,0500000US48319
0,36552,18415,18137,0500000US48321
1,10183,5222,4961,0500000US48321
2,10928,5652,5276,0500000US48321
3,4153,2028,2125,0500000US48321
4,5067,2558,2509,0500000US48321
5,3664,1844,1820,0500000US48321
6,1853,880,973,0500000US48321
7,704,231,473,0500000US48321
0,58485,29178,29307,0500000US48323
1,20311,10290,10021,0500000US48323
2,19514,10312,9202,0500000US48323
3,6457,3049,3408,0500000US48323
4,5287,2456,2831,0500000US48323
5,3994,1824,2170,0500000US48323
6,2171,934,1237,0500000US48323
7,751,313,438,0500000US48323
0,50921,26276,24645,0500000US48325
1,13240,6858,6382,0500000US48325
2,15623,8579,7044,0500000US48325
3,6714,3404,3310,0500000US48325
4,6855,3424,3431,0500000US48325
5,5080,2525,2555,0500000US48325
6,2439,1129,1310,0500000US48325
7,970,357,613,0500000US48325
0,2139,1062,1077,0500000US48327
1,421,218,203,0500000US48327
2,455,225,230,0500000US48327
3,219,101,118,0500000US48327
4,365,171,194,0500000US48327
5,351,188,163,0500000US48327
6,220,107,113,0500000US48327
7,108,52,56,0500000US48327
0,172578,87103,85475,0500000US48329
1,53246,27180,26066,0500000US48329
2,65477,34301,31176,0500000US48329
3,17738,8889,8849,0500000US48329
4,18318,8930,9388,0500000US48329
5,10034,4745,5289,0500000US48329
6,5126,2102,3024,0500000US48329
7,2639,956,1683,0500000US48329
0,25131,12385,12746,0500000US48331
1,6762,3517,3245,0500000US48331
2,6821,3384,3437,0500000US48331
3,2921,1396,1525,0500000US48331
4,3529,1736,1793,0500000US48331
5,2899,1411,1488,0500000US48331
6,1523,706,817,0500000US48331
7,676,235,441,0500000US48331
0,4921,2456,2465,0500000US48333
1,1120,603,517,0500000US48333
2,1089,535,554,0500000US48333
3,589,291,298,0500000US48333
4,717,345,372,0500000US48333
5,754,370,384,0500000US48333
6,447,229,218,0500000US48333
7,205,83,122,0500000US48333
0,8145,4751,3394,0500000US48335
1,1959,1024,935,0500000US48335
2,3106,2176,930,0500000US48335
3,958,554,404,0500000US48335
4,882,432,450,0500000US48335
5,716,355,361,0500000US48335
6,385,166,219,0500000US48335
7,139,44,95,0500000US48335
0,19596,9618,9978,0500000US48337
1,4866,2440,2426,0500000US48337
2,5229,2584,2645,0500000US48337
3,2369,1174,1195,0500000US48337
4,2817,1404,1413,0500000US48337
5,2448,1169,1279,0500000US48337
6,1378,647,731,0500000US48337
7,489,200,289,0500000US48337
0,590925,292758,298167,0500000US48339
1,170168,86867,83301,0500000US48339
2,190552,95183,95369,0500000US48339
3,79977,39695,40282,0500000US48339
4,72965,35934,37031,0500000US48339
5,48402,22884,25518,0500000US48339
6,21682,9649,12033,0500000US48339
7,7179,2546,4633,0500000US48339
0,21485,11160,10325,0500000US48341
1,7441,3823,3618,0500000US48341
2,7134,3854,3280,0500000US48341
3,2316,1257,1059,0500000US48341
4,2251,1119,1132,0500000US48341
5,1359,665,694,0500000US48341
6,694,312,382,0500000US48341
7,290,130,160,0500000US48341
0,12339,5934,6405,0500000US48343
1,3069,1584,1485,0500000US48343
2,3382,1631,1751,0500000US48343
3,1385,651,734,0500000US48343
4,1800,830,970,0500000US48343
5,1472,696,776,0500000US48343
6,918,436,482,0500000US48343
7,313,106,207,0500000US48343
0,1234,634,600,0500000US48345
1,274,145,129,0500000US48345
2,277,145,132,0500000US48345
3,129,74,55,0500000US48345
4,180,89,91,0500000US48345
5,207,103,104,0500000US48345
6,121,54,67,0500000US48345
7,46,24,22,0500000US48345
0,65711,31479,34232,0500000US48347
1,19306,9394,9912,0500000US48347
2,22858,11021,11837,0500000US48347
3,6560,3204,3356,0500000US48347
4,7302,3479,3823,0500000US48347
5,5745,2787,2958,0500000US48347
6,2772,1170,1602,0500000US48347
7,1168,424,744,0500000US48347
0,49565,24313,25252,0500000US48349
1,14403,7398,7005,0500000US48349
2,14398,6981,7417,0500000US48349
3,5953,2980,2973,0500000US48349
4,6382,3114,3268,0500000US48349
5,4924,2378,2546,0500000US48349
6,2551,1133,1418,0500000US48349
7,954,329,625,0500000US48349
0,13746,7066,6680,0500000US48351
1,3097,1589,1508,0500000US48351
2,3975,2209,1766,0500000US48351
3,1812,950,862,0500000US48351
4,2041,995,1046,0500000US48351
5,1616,771,845,0500000US48351
6,913,439,474,0500000US48351
7,292,113,179,0500000US48351
0,14751,7370,7381,0500000US48353
1,4287,2235,2052,0500000US48353
2,4275,2209,2066,0500000US48353
3,1664,816,848,0500000US48353
4,1831,885,946,0500000US48353
5,1498,728,770,0500000US48353
6,851,385,466,0500000US48353
7,345,112,233,0500000US48353
0,362265,179134,183131,0500000US48355
1,99232,50963,48269,0500000US48355
2,124393,62956,61437,0500000US48355
3,42213,20660,21553,0500000US48355
4,44212,21352,22860,0500000US48355
5,30816,14622,16194,0500000US48355
6,14952,6365,8587,0500000US48355
7,6447,2216,4231,0500000US48355
0,9947,5030,4917,0500000US48357
1,3430,1737,1693,0500000US48357
2,3150,1609,1541,0500000US48357
3,1124,589,535,0500000US48357
4,1135,579,556,0500000US48357
5,660,327,333,0500000US48357
6,335,142,193,0500000US48357
7,113,47,66,0500000US48357
0,2131,1109,1022,0500000US48359
1,571,343,228,0500000US48359
2,648,314,334,0500000US48359
3,285,134,151,0500000US48359
4,308,165,143,0500000US48359
5,195,104,91,0500000US48359
6,92,35,57,0500000US48359
7,32,14,18,0500000US48359
0,83572,41439,42133,0500000US48361
1,22551,11688,10863,0500000US48361
2,26046,13056,12990,0500000US48361
3,10375,5155,5220,0500000US48361
4,11134,5476,5658,0500000US48361
5,7746,3674,4072,0500000US48361
6,4190,1838,2352,0500000US48361
7,1530,552,978,0500000US48361
0,28875,14235,14640,0500000US48363
1,7385,3845,3540,0500000US48363
2,8206,4066,4140,0500000US48363
3,3456,1648,1808,0500000US48363
4,4189,2018,2171,0500000US48363
5,3364,1657,1707,0500000US48363
6,1697,783,914,0500000US48363
7,578,218,360,0500000US48363
0,23148,11456,11692,0500000US48365
1,6021,3099,2922,0500000US48365
2,6689,3393,3296,0500000US48365
3,2703,1306,1397,0500000US48365
4,3297,1601,1696,0500000US48365
5,2600,1288,1312,0500000US48365
6,1396,594,802,0500000US48365
7,442,175,267,0500000US48365
0,138371,68872,69499,0500000US48367
1,37649,19359,18290,0500000US48367
2,41201,20560,20641,0500000US48367
3,18970,9339,9631,0500000US48367
4,19249,9525,9724,0500000US48367
5,13073,6362,6711,0500000US48367
6,6182,2920,3262,0500000US48367
7,2047,807,1240,0500000US48367
0,9864,5123,4741,0500000US48369
1,3084,1616,1468,0500000US48369
2,3091,1702,1389,0500000US48369
3,1158,571,587,0500000US48369
4,1176,606,570,0500000US48369
5,735,369,366,0500000US48369
6,459,207,252,0500000US48369
7,161,52,109,0500000US48369
0,15673,8912,6761,0500000US48371
1,4193,2143,2050,0500000US48371
2,5696,3576,2120,0500000US48371
3,1997,1222,775,0500000US48371
4,1686,927,759,0500000US48371
5,1211,612,599,0500000US48371
6,662,326,336,0500000US48371
7,228,106,122,0500000US48371
0,50031,26937,23094,0500000US48373
1,11082,5813,5269,0500000US48373
2,14699,8691,6008,0500000US48373
3,6361,3499,2862,0500000US48373
4,8467,4120,4347,0500000US48373
5,6559,3401,3158,0500000US48373
6,2273,1178,1095,0500000US48373
7,590,235,355,0500000US48373
0,119648,61609,58039,0500000US48375
1,35697,18187,17510,0500000US48375
2,41736,22478,19258,0500000US48375
3,13977,7648,6329,0500000US48375
4,13316,6663,6653,0500000US48375
5,8597,4073,4524,0500000US48375
6,4338,1864,2474,0500000US48375
7,1987,696,1291,0500000US48375
0,6948,3557,3391,0500000US48377
1,2003,1068,935,0500000US48377
2,1890,984,906,0500000US48377
3,733,345,388,0500000US48377
4,715,353,362,0500000US48377
5,773,406,367,0500000US48377
6,556,276,280,0500000US48377
7,278,125,153,0500000US48377
0,12159,6044,6115,0500000US48379
1,2646,1389,1257,0500000US48379
2,3077,1517,1560,0500000US48379
3,1450,723,727,0500000US48379
4,2003,962,1041,0500000US48379
5,1833,903,930,0500000US48379
6,908,432,476,0500000US48379
7,242,118,124,0500000US48379
0,136271,67024,69247,0500000US48381
1,36686,18696,17990,0500000US48381
2,47317,23926,23391,0500000US48381
3,15309,7458,7851,0500000US48381
4,16423,7835,8588,0500000US48381
5,12059,5640,6419,0500000US48381
6,6282,2652,3630,0500000US48381
7,2195,817,1378,0500000US48381
0,3741,2001,1740,0500000US48383
1,1187,623,564,0500000US48383
2,1283,728,555,0500000US48383
3,429,226,203,0500000US48383
4,422,213,209,0500000US48383
5,242,130,112,0500000US48383
6,132,67,65,0500000US48383
7,46,14,32,0500000US48383
0,3478,1733,1745,0500000US48385
1,643,357,286,0500000US48385
2,773,370,403,0500000US48385
3,420,204,216,0500000US48385
4,617,305,312,0500000US48385
5,599,284,315,0500000US48385
6,341,181,160,0500000US48385
7,85,32,53,0500000US48385
0,12175,5912,6263,0500000US48387
1,2654,1369,1285,0500000US48387
2,3119,1540,1579,0500000US48387
3,1530,733,797,0500000US48387
4,1876,905,971,0500000US48387
5,1631,771,860,0500000US48387
6,973,456,517,0500000US48387
7,392,138,254,0500000US48387
0,15695,9632,6063,0500000US48389
1,3889,2068,1821,0500000US48389
2,6646,4769,1877,0500000US48389
3,1905,1210,695,0500000US48389
4,1376,720,656,0500000US48389
5,999,495,504,0500000US48389
6,626,277,349,0500000US48389
7,254,93,161,0500000US48389
0,7032,3450,3582,0500000US48391
1,1779,870,909,0500000US48391
2,1855,951,904,0500000US48391
3,840,398,442,0500000US48391
4,968,495,473,0500000US48391
5,888,431,457,0500000US48391
6,520,239,281,0500000US48391
7,182,66,116,0500000US48391
0,903,448,455,0500000US48393
1,243,113,130,0500000US48393
2,247,126,121,0500000US48393
3,94,40,54,0500000US48393
4,130,74,56,0500000US48393
5,116,62,54,0500000US48393
6,58,29,29,0500000US48393
7,15,4,11,0500000US48393
0,17284,8478,8806,0500000US48395
1,4535,2341,2194,0500000US48395
2,5001,2425,2576,0500000US48395
3,2093,1023,1070,0500000US48395
4,2319,1141,1178,0500000US48395
5,1910,940,970,0500000US48395
6,994,441,553,0500000US48395
7,432,167,265,0500000US48395
0,100657,49740,50917,0500000US48397
1,29724,15220,14504,0500000US48397
2,31737,15760,15977,0500000US48397
3,14432,7229,7203,0500000US48397
4,12170,5903,6267,0500000US48397
5,7659,3619,4040,0500000US48397
6,3606,1568,2038,0500000US48397
7,1329,441,888,0500000US48397
0,10234,5203,5031,0500000US48399
1,2564,1344,1220,0500000US48399
2,2873,1503,1370,0500000US48399
3,1261,615,646,0500000US48399
4,1410,730,680,0500000US48399
5,1141,577,564,0500000US48399
6,699,325,374,0500000US48399
7,286,109,177,0500000US48399
0,54450,29363,25087,0500000US48401
1,13404,6957,6447,0500000US48401
2,18176,10747,7429,0500000US48401
3,6823,3883,2940,0500000US48401
4,7020,3585,3435,0500000US48401
5,5281,2553,2728,0500000US48401
6,2665,1216,1449,0500000US48401
7,1081,422,659,0500000US48401
0,10589,5213,5376,0500000US48403
1,2171,1079,1092,0500000US48403
2,2290,1125,1165,0500000US48403
3,1148,559,589,0500000US48403
4,1746,871,875,0500000US48403
5,1801,894,907,0500000US48403
6,1076,551,525,0500000US48403
7,357,134,223,0500000US48403
0,8232,4052,4180,0500000US48405
1,1781,929,852,0500000US48405
2,1931,947,984,0500000US48405
3,985,476,509,0500000US48405
4,1358,677,681,0500000US48405
5,1141,574,567,0500000US48405
6,721,333,388,0500000US48405
7,315,116,199,0500000US48405
0,28719,14249,14470,0500000US48407
1,6778,3456,3322,0500000US48407
2,7537,3700,3837,0500000US48407
3,3402,1664,1738,0500000US48407
4,4722,2368,2354,0500000US48407
5,3765,1837,1928,0500000US48407
6,1933,952,981,0500000US48407
7,582,272,310,0500000US48407
0,66893,33652,33241,0500000US48409
1,19612,10132,9480,0500000US48409
2,21569,11174,10395,0500000US48409
3,7873,3879,3994,0500000US48409
4,7818,3846,3972,0500000US48409
5,5986,2891,3095,0500000US48409
6,3010,1334,1676,0500000US48409
7,1025,396,629,0500000US48409
0,6054,3308,2746,0500000US48411
1,1338,700,638,0500000US48411
2,1871,1238,633,0500000US48411
3,643,340,303,0500000US48411
4,756,347,409,0500000US48411
5,802,399,403,0500000US48411
6,439,214,225,0500000US48411
7,205,70,135,0500000US48411
0,2895,1436,1459,0500000US48413
1,829,401,428,0500000US48413
2,821,415,406,0500000US48413
3,335,166,169,0500000US48413
4,343,170,173,0500000US48413
5,353,190,163,0500000US48413
6,165,65,100,0500000US48413
7,49,29,20,0500000US48413
0,16866,9148,7718,0500000US48415
1,4702,2446,2256,0500000US48415
2,5639,3342,2297,0500000US48415
3,1976,1160,816,0500000US48415
4,2001,1069,932,0500000US48415
5,1355,664,691,0500000US48415
6,819,339,480,0500000US48415
7,374,128,246,0500000US48415
0,3253,1572,1681,0500000US48417
1,843,418,425,0500000US48417
2,841,406,435,0500000US48417
3,360,180,180,0500000US48417
4,544,266,278,0500000US48417
5,354,171,183,0500000US48417
6,233,107,126,0500000US48417
7,78,24,54,0500000US48417
0,25418,12637,12781,0500000US48419
1,7149,3671,3478,0500000US48419
2,7491,3780,3711,0500000US48419
3,3053,1513,1540,0500000US48419
4,3274,1625,1649,0500000US48419
5,2515,1201,1314,0500000US48419
6,1462,672,790,0500000US48419
7,474,175,299,0500000US48419
0,3079,1604,1475,0500000US48421
1,945,503,442,0500000US48421
2,867,460,407,0500000US48421
3,428,213,215,0500000US48421
4,380,207,173,0500000US48421
5,250,127,123,0500000US48421
6,141,67,74,0500000US48421
7,68,27,41,0500000US48421
0,230221,111207,119014,0500000US48423
1,63098,32252,30846,0500000US48423
2,74151,36019,38132,0500000US48423
3,26900,12775,14125,0500000US48423
4,28062,13298,14764,0500000US48423
5,21290,9833,11457,0500000US48423
6,11981,5243,6738,0500000US48423
7,4739,1787,2952,0500000US48423
0,9016,4442,4574,0500000US48425
1,2225,1104,1121,0500000US48425
2,2553,1261,1292,0500000US48425
3,1235,603,632,0500000US48425
4,1298,653,645,0500000US48425
5,1006,511,495,0500000US48425
6,487,235,252,0500000US48425
7,212,75,137,0500000US48425
0,64525,31430,33095,0500000US48427
1,23327,11599,11728,0500000US48427
2,21331,10825,10506,0500000US48427
3,7173,3359,3814,0500000US48427
4,5381,2469,2912,0500000US48427
5,4123,1801,2322,0500000US48427
6,2331,1047,1284,0500000US48427
7,859,330,529,0500000US48427
0,9433,4990,4443,0500000US48429
1,2275,1195,1080,0500000US48429
2,2964,1755,1209,0500000US48429
3,1027,551,476,0500000US48429
4,1303,631,672,0500000US48429
5,1040,506,534,0500000US48429
6,582,264,318,0500000US48429
7,242,88,154,0500000US48429
0,1311,668,643,0500000US48431
1,402,213,189,0500000US48431
2,401,210,191,0500000US48431
3,147,70,77,0500000US48431
4,172,93,79,0500000US48431
5,92,47,45,0500000US48431
6,60,25,35,0500000US48431
7,37,10,27,0500000US48431
0,1362,665,697,0500000US48433
1,330,159,171,0500000US48433
2,310,157,153,0500000US48433
3,163,88,75,0500000US48433
4,198,99,99,0500000US48433
5,187,85,102,0500000US48433
6,108,48,60,0500000US48433
7,66,29,37,0500000US48433
0,3758,1920,1838,0500000US48435
1,1000,502,498,0500000US48435
2,1016,538,478,0500000US48435
3,508,260,248,0500000US48435
4,544,276,268,0500000US48435
5,401,206,195,0500000US48435
6,188,99,89,0500000US48435
7,101,39,62,0500000US48435
0,7462,3975,3487,0500000US48437
1,2085,1080,1005,0500000US48437
2,2395,1431,964,0500000US48437
3,842,444,398,0500000US48437
4,821,416,405,0500000US48437
5,700,339,361,0500000US48437
6,432,191,241,0500000US48437
7,187,74,113,0500000US48437
0,2084931,1020097,1064834,0500000US48439
1,604775,307435,297340,0500000US48439
2,736059,361683,374376,0500000US48439
3,270039,132042,137997,0500000US48439
4,238871,116084,122787,0500000US48439
5,144440,66414,78026,0500000US48439
6,65110,27511,37599,0500000US48439
7,25637,8928,16709,0500000US48439
0,137640,67226,70414,0500000US48441
1,39250,19860,19390,0500000US48441
2,50174,25281,24893,0500000US48441
3,13367,6489,6878,0500000US48441
4,15064,7177,7887,0500000US48441
5,10695,4831,5864,0500000US48441
6,6328,2654,3674,0500000US48441
7,2762,934,1828,0500000US48441
0,823,421,402,0500000US48443
1,182,95,87,0500000US48443
2,208,108,100,0500000US48443
3,91,51,40,0500000US48443
4,98,50,48,0500000US48443
5,140,70,70,0500000US48443
6,63,31,32,0500000US48443
7,41,16,25,0500000US48443
0,12287,6417,5870,0500000US48445
1,3725,1878,1847,0500000US48445
2,3924,2267,1657,0500000US48445
3,1363,731,632,0500000US48445
4,1415,715,700,0500000US48445
5,1001,484,517,0500000US48445
6,628,263,365,0500000US48445
7,231,79,152,0500000US48445
0,1515,708,807,0500000US48447
1,330,149,181,0500000US48447
2,344,173,171,0500000US48447
3,183,76,107,0500000US48447
4,233,115,118,0500000US48447
5,215,108,107,0500000US48447
6,155,67,88,0500000US48447
7,55,20,35,0500000US48447
0,33033,16186,16847,0500000US48449
1,10569,5311,5258,0500000US48449
2,10108,4902,5206,0500000US48449
3,4039,2045,1994,0500000US48449
4,3602,1780,1822,0500000US48449
5,2824,1312,1512,0500000US48449
6,1348,628,720,0500000US48449
7,543,208,335,0500000US48449
0,118189,58764,59425,0500000US48451
1,32837,16791,16046,0500000US48451
2,41270,21497,19773,0500000US48451
3,12158,5833,6325,0500000US48451
4,13657,6457,7200,0500000US48451
5,10280,4850,5430,0500000US48451
6,5597,2429,3168,0500000US48451
7,2390,907,1483,0500000US48451
0,1248743,631266,617477,0500000US48453
1,303318,154433,148885,0500000US48453
2,532378,275715,256663,0500000US48453
3,159006,81388,77618,0500000US48453
4,130646,63922,66724,0500000US48453
5,79738,37715,42023,0500000US48453
6,30625,13460,17165,0500000US48453
7,13032,4633,8399,0500000US48453
0,14740,7105,7635,0500000US48455
1,3223,1644,1579,0500000US48455
2,3527,1730,1797,0500000US48455
3,1707,820,887,0500000US48455
4,2362,1020,1342,0500000US48455
5,2264,1139,1125,0500000US48455
6,1270,592,678,0500000US48455
7,387,160,227,0500000US48455
0,21696,11693,10003,0500000US48457
1,4618,2365,2253,0500000US48457
2,6838,4371,2467,0500000US48457
3,2452,1269,1183,0500000US48457
4,2942,1439,1503,0500000US48457
5,2671,1272,1399,0500000US48457
6,1629,782,847,0500000US48457
7,546,195,351,0500000US48457
0,41260,20387,20873,0500000US48459
1,10736,5553,5183,0500000US48459
2,11736,5860,5876,0500000US48459
3,5012,2454,2558,0500000US48459
4,6200,3021,3179,0500000US48459
5,4486,2133,2353,0500000US48459
6,2313,1080,1233,0500000US48459
7,777,286,491,0500000US48459
0,3671,1881,1790,0500000US48461
1,1168,604,564,0500000US48461
2,1149,605,544,0500000US48461
3,384,185,199,0500000US48461
4,454,233,221,0500000US48461
5,271,137,134,0500000US48461
6,173,93,80,0500000US48461
7,72,24,48,0500000US48461
0,26846,13209,13637,0500000US48463
1,8168,4143,4025,0500000US48463
2,8447,4302,4145,0500000US48463
3,2888,1377,1511,0500000US48463
4,2825,1373,1452,0500000US48463
5,2469,1121,1348,0500000US48463
6,1375,626,749,0500000US48463
7,674,267,407,0500000US48463
0,49208,25156,24052,0500000US48465
1,15490,7929,7561,0500000US48465
2,16970,9296,7674,0500000US48465
3,5366,2700,2666,0500000US48465
4,4381,2033,2348,0500000US48465
5,3818,1787,2031,0500000US48465
6,2211,1027,1184,0500000US48465
7,972,384,588,0500000US48465
0,56019,27363,28656,0500000US48467
1,14254,7151,7103,0500000US48467
2,15192,7608,7584,0500000US48467
3,7177,3427,3750,0500000US48467
4,8075,3942,4133,0500000US48467
5,6488,3087,3401,0500000US48467
6,3625,1694,1931,0500000US48467
7,1208,454,754,0500000US48467
0,92035,45094,46941,0500000US48469
1,25848,13173,12675,0500000US48469
2,29911,15028,14883,0500000US48469
3,10108,4862,5246,0500000US48469
4,11346,5481,5865,0500000US48469
5,8387,3882,4505,0500000US48469
6,4505,1970,2535,0500000US48469
7,1930,698,1232,0500000US48469
0,72480,42184,30296,0500000US48471
1,14036,7109,6927,0500000US48471
2,30876,19133,11743,0500000US48471
3,9927,6771,3156,0500000US48471
4,8070,4554,3516,0500000US48471
5,5734,2905,2829,0500000US48471
6,2824,1309,1515,0500000US48471
7,1013,403,610,0500000US48471
0,53126,26482,26644,0500000US48473
1,16442,8176,8266,0500000US48473
2,18771,9549,9222,0500000US48473
3,5754,2803,2951,0500000US48473
4,5877,2955,2922,0500000US48473
5,3869,1900,1969,0500000US48473
6,1758,832,926,0500000US48473
7,655,267,388,0500000US48473
0,11720,5898,5822,0500000US48475
1,3649,1836,1813,0500000US48475
2,3817,2025,1792,0500000US48475
3,1283,645,638,0500000US48475
4,1335,660,675,0500000US48475
5,930,426,504,0500000US48475
6,487,228,259,0500000US48475
7,219,78,141,0500000US48475
0,35108,17230,17878,0500000US48477
1,9142,4786,4356,0500000US48477
2,9490,4701,4789,0500000US48477
3,3906,1935,1971,0500000US48477
4,4958,2382,2576,0500000US48477
5,4020,1958,2062,0500000US48477
6,2346,1037,1309,0500000US48477
7,1246,431,815,0500000US48477
0,275910,135563,140347,0500000US48479
1,100155,50941,49214,0500000US48479
2,94108,47176,46932,0500000US48479
3,31668,15009,16659,0500000US48479
4,23892,11167,12725,0500000US48479
5,15375,6991,8384,0500000US48479
6,7565,3151,4414,0500000US48479
7,3147,1128,2019,0500000US48479
0,41619,20500,21119,0500000US48481
1,11840,6032,5808,0500000US48481
2,12498,6274,6224,0500000US48481
3,4788,2364,2424,0500000US48481
4,5383,2629,2754,0500000US48481
5,3950,1928,2022,0500000US48481
6,2227,936,1291,0500000US48481
7,933,337,596,0500000US48481
0,5191,2613,2578,0500000US48483
1,1413,766,647,0500000US48483
2,1448,717,731,0500000US48483
3,567,283,284,0500000US48483
4,759,370,389,0500000US48483
5,556,282,274,0500000US48483
6,338,153,185,0500000US48483
7,110,42,68,0500000US48483
0,132064,68337,63727,0500000US48485
1,35272,18605,16667,0500000US48485
2,47091,26144,20947,0500000US48485
3,14176,7261,6915,0500000US48485
4,16089,7933,8156,0500000US48485
5,10674,5014,5660,0500000US48485
6,6057,2480,3577,0500000US48485
7,2705,900,1805,0500000US48485
0,12820,6348,6472,0500000US48487
1,3170,1638,1532,0500000US48487
2,4044,2033,2011,0500000US48487
3,1485,759,726,0500000US48487
4,1766,864,902,0500000US48487
5,1304,630,674,0500000US48487
6,735,321,414,0500000US48487
7,316,103,213,0500000US48487
0,21515,11893,9622,0500000US48489
1,5814,3046,2768,0500000US48489
2,8375,5355,3020,0500000US48489
3,2255,1197,1058,0500000US48489
4,2056,965,1091,0500000US48489
5,1679,786,893,0500000US48489
6,931,403,528,0500000US48489
7,405,141,264,0500000US48489
0,566719,279077,287642,0500000US48491
1,158872,81288,77584,0500000US48491
2,202774,100688,102086,0500000US48491
3,76735,38322,38413,0500000US48491
4,59350,28265,31085,0500000US48491
5,42856,19347,23509,0500000US48491
6,19582,8857,10725,0500000US48491
7,6550,2310,4240,0500000US48491
0,50224,25175,25049,0500000US48493
1,13345,6857,6488,0500000US48493
2,14706,7439,7267,0500000US48493
3,7074,3492,3582,0500000US48493
4,7066,3520,3546,0500000US48493
5,4880,2402,2478,0500000US48493
6,2229,1094,1135,0500000US48493
7,924,371,553,0500000US48493
0,7720,3961,3759,0500000US48495
1,2506,1257,1249,0500000US48495
2,2529,1360,1169,0500000US48495
3,907,485,422,0500000US48495
4,829,432,397,0500000US48495
5,565,259,306,0500000US48495
6,280,128,152,0500000US48495
7,104,40,64,0500000US48495
0,68305,34159,34146,0500000US48497
1,18556,9444,9112,0500000US48497
2,20637,10392,10245,0500000US48497
3,9266,4619,4647,0500000US48497
4,9656,4848,4808,0500000US48497
5,6181,3068,3113,0500000US48497
6,3133,1451,1682,0500000US48497
7,876,337,539,0500000US48497
0,45129,22386,22743,0500000US48499
1,9765,5014,4751,0500000US48499
2,11088,5745,5343,0500000US48499
3,5137,2572,2565,0500000US48499
4,6997,3373,3624,0500000US48499
5,7003,3368,3635,0500000US48499
6,3937,1881,2056,0500000US48499
7,1202,433,769,0500000US48499
0,8591,4385,4206,0500000US48501
1,3072,1566,1506,0500000US48501
2,2685,1428,1257,0500000US48501
3,866,424,442,0500000US48501
4,951,490,461,0500000US48501
5,575,285,290,0500000US48501
6,325,152,173,0500000US48501
7,117,40,77,0500000US48501
0,18045,8937,9108,0500000US48503
1,4747,2442,2305,0500000US48503
2,4992,2485,2507,0500000US48503
3,2088,1065,1023,0500000US48503
4,2547,1281,1266,0500000US48503
5,2038,986,1052,0500000US48503
6,1160,518,642,0500000US48503
7,473,160,313,0500000US48503
0,14190,7083,7107,0500000US48505
1,5123,2718,2405,0500000US48505
2,4498,2214,2284,0500000US48505
3,1479,663,816,0500000US48505
4,1247,627,620,0500000US48505
5,1024,464,560,0500000US48505
6,619,317,302,0500000US48505
7,200,80,120,0500000US48505
0,11983,6061,5922,0500000US48507
1,3905,1976,1929,0500000US48507
2,3964,2156,1808,0500000US48507
3,1244,596,648,0500000US48507
4,1158,569,589,0500000US48507
5,1006,459,547,0500000US48507
6,482,216,266,0500000US48507
7,224,89,135,0500000US48507
0,6580,3361,3219,0500000US49001
1,2310,1194,1116,0500000US49001
2,1935,996,939,0500000US49001
3,612,305,307,0500000US49001
4,775,396,379,0500000US49001
5,564,272,292,0500000US49001
6,306,154,152,0500000US49001
7,78,44,34,0500000US49001
0,54950,27852,27098,0500000US49003
1,18888,9844,9044,0500000US49003
2,17593,8906,8687,0500000US49003
3,5338,2678,2660,0500000US49003
4,6022,2996,3026,0500000US49003
5,4043,2027,2016,0500000US49003
6,2294,1048,1246,0500000US49003
7,772,353,419,0500000US49003
0,127068,63667,63401,0500000US49005
1,44094,21922,22172,0500000US49005
2,51129,26235,24894,0500000US49005
3,10215,5169,5046,0500000US49005
4,9621,4657,4964,0500000US49005
5,6933,3377,3556,0500000US49005
6,3711,1748,1963,0500000US49005
7,1365,559,806,0500000US49005
0,20269,10065,10204,0500000US49007
1,5853,2992,2861,0500000US49007
2,6184,3098,3086,0500000US49007
3,2018,997,1021,0500000US49007
4,2684,1322,1362,0500000US49007
5,2145,1053,1092,0500000US49007
6,998,458,540,0500000US49007
7,387,145,242,0500000US49007
0,980,556,424,0500000US49009
1,239,140,99,0500000US49009
2,213,102,111,0500000US49009
3,116,69,47,0500000US49009
4,161,90,71,0500000US49009
5,160,87,73,0500000US49009
6,56,40,16,0500000US49009
7,35,28,7,0500000US49009
0,351713,177609,174104,0500000US49011
1,122381,63760,58621,0500000US49011
2,124394,62912,61482,0500000US49011
3,36279,18233,18046,0500000US49011
4,33342,16422,16920,0500000US49011
5,21116,9986,11130,0500000US49011
6,10345,4707,5638,0500000US49011
7,3856,1589,2267,0500000US49011
0,19964,10103,9861,0500000US49013
1,7237,3686,3551,0500000US49013
2,6389,3234,3155,0500000US49013
3,1870,951,919,0500000US49013
4,2060,1054,1006,0500000US49013
5,1384,705,679,0500000US49013
6,750,366,384,0500000US49013
7,274,107,167,0500000US49013
0,10014,5110,4904,0500000US49015
1,3115,1673,1442,0500000US49015
2,2859,1453,1406,0500000US49015
3,1004,500,504,0500000US49015
4,1308,646,662,0500000US49015
5,1007,518,489,0500000US49015
6,540,250,290,0500000US49015
7,181,70,111,0500000US49015
0,5080,2645,2435,0500000US49017
1,1288,686,602,0500000US49017
2,1381,742,639,0500000US49017
3,520,270,250,0500000US49017
4,716,354,362,0500000US49017
5,724,387,337,0500000US49017
6,323,159,164,0500000US49017
7,128,47,81,0500000US49017
0,9764,4933,4831,0500000US49019
1,2272,1164,1108,0500000US49019
2,3064,1524,1540,0500000US49019
3,1149,580,569,0500000US49019
4,1462,740,722,0500000US49019
5,1140,605,535,0500000US49019
6,481,241,240,0500000US49019
7,196,79,117,0500000US49019
0,52775,26363,26412,0500000US49021
1,17398,8700,8698,0500000US49021
2,18768,9543,9225,0500000US49021
3,4762,2363,2399,0500000US49021
4,5147,2463,2684,0500000US49021
5,4165,2065,2100,0500000US49021
6,1948,976,972,0500000US49021
7,587,253,334,0500000US49021
0,11555,5929,5626,0500000US49023
1,4332,2323,2009,0500000US49023
2,3650,1846,1804,0500000US49023
3,1166,589,577,0500000US49023
4,1010,504,506,0500000US49023
5,866,427,439,0500000US49023
6,414,199,215,0500000US49023
7,117,41,76,0500000US49023
0,7709,3894,3815,0500000US49025
1,1987,1019,968,0500000US49025
2,2057,1092,965,0500000US49025
3,777,379,398,0500000US49025
4,1092,505,587,0500000US49025
5,1111,533,578,0500000US49025
6,555,316,239,0500000US49025
7,130,50,80,0500000US49025
0,13006,6658,6348,0500000US49027
1,4356,2271,2085,0500000US49027
2,3582,1861,1721,0500000US49027
3,1259,643,616,0500000US49027
4,1577,764,813,0500000US49027
5,1240,633,607,0500000US49027
6,682,348,334,0500000US49027
7,310,138,172,0500000US49027
0,12045,6224,5821,0500000US49029
1,4606,2463,2143,0500000US49029
2,3503,1759,1744,0500000US49029
3,1312,665,647,0500000US49029
4,1242,659,583,0500000US49029
5,805,387,418,0500000US49029
6,465,235,230,0500000US49029
7,112,56,56,0500000US49029
0,1445,746,699,0500000US49031
1,364,192,172,0500000US49031
2,321,164,157,0500000US49031
3,138,72,66,0500000US49031
4,205,105,100,0500000US49031
5,240,118,122,0500000US49031
6,131,68,63,0500000US49031
7,46,27,19,0500000US49031
0,2464,1268,1196,0500000US49033
1,786,407,379,0500000US49033
2,688,351,337,0500000US49033
3,241,122,119,0500000US49033
4,306,155,151,0500000US49033
5,260,136,124,0500000US49033
6,120,62,58,0500000US49033
7,63,35,28,0500000US49033
0,1152633,578614,574019,0500000US49035
1,342170,174970,167200,0500000US49035
2,440204,224580,215624,0500000US49035
3,129167,65649,63518,0500000US49035
4,115935,56792,59143,0500000US49035
5,76498,36127,40371,0500000US49035
6,35003,15219,19784,0500000US49035
7,13656,5277,8379,0500000US49035
0,15449,7726,7723,0500000US49037
1,5267,2693,2574,0500000US49037
2,4558,2328,2230,0500000US49037
3,1670,859,811,0500000US49037
4,1767,827,940,0500000US49037
5,1286,634,652,0500000US49037
6,641,284,357,0500000US49037
7,260,101,159,0500000US49037
0,30623,16112,14511,0500000US49039
1,9427,4755,4672,0500000US49039
2,10672,5960,4712,0500000US49039
3,3129,1739,1390,0500000US49039
4,3122,1568,1554,0500000US49039
5,2554,1263,1291,0500000US49039
6,1335,647,688,0500000US49039
7,384,180,204,0500000US49039
0,21539,10945,10594,0500000US49041
1,6922,3603,3319,0500000US49041
2,6480,3344,3136,0500000US49041
3,2133,1095,1038,0500000US49041
4,2539,1230,1309,0500000US49041
5,1986,951,1035,0500000US49041
6,1118,558,560,0500000US49041
7,361,164,197,0500000US49041
0,41933,21461,20472,0500000US49043
1,11259,5763,5496,0500000US49043
2,12812,6683,6129,0500000US49043
3,6301,3102,3199,0500000US49043
4,6281,3185,3096,0500000US49043
5,3674,1895,1779,0500000US49043
6,1294,700,594,0500000US49043
7,312,133,179,0500000US49043
0,69907,35389,34518,0500000US49045
1,24717,12776,11941,0500000US49045
2,24431,12188,12243,0500000US49045
3,7848,4041,3807,0500000US49045
4,6508,3318,3190,0500000US49045
5,4034,2014,2020,0500000US49045
6,1753,820,933,0500000US49045
7,616,232,384,0500000US49045
0,35438,18011,17427,0500000US49047
1,12624,6525,6099,0500000US49047
2,12004,6163,5841,0500000US49047
3,3375,1699,1676,0500000US49047
4,3580,1771,1809,0500000US49047
5,2312,1168,1144,0500000US49047
6,1117,504,613,0500000US49047
7,426,181,245,0500000US49047
0,622213,314587,307626,0500000US49049
1,233505,119281,114224,0500000US49049
2,246848,126463,120385,0500000US49049
3,52213,26367,25846,0500000US49049
4,41597,20486,21111,0500000US49049
5,28338,13316,15022,0500000US49049
6,14536,6563,7973,0500000US49049
7,5176,2111,3065,0500000US49049
0,33240,16873,16367,0500000US49051
1,11325,5867,5458,0500000US49051
2,10588,5315,5273,0500000US49051
3,3791,1907,1884,0500000US49051
4,3714,1904,1810,0500000US49051
5,2567,1264,1303,0500000US49051
6,980,493,487,0500000US49051
7,275,123,152,0500000US49051
0,171700,85053,86647,0500000US49053
1,49349,25474,23875,0500000US49053
2,50629,25495,25134,0500000US49053
3,15984,7840,8144,0500000US49053
4,18894,8648,10246,0500000US49053
5,20306,9594,10712,0500000US49053
6,12250,6012,6238,0500000US49053
7,4288,1990,2298,0500000US49053
0,2690,1381,1309,0500000US49055
1,724,373,351,0500000US49055
2,699,364,335,0500000US49055
3,289,156,133,0500000US49055
4,392,188,204,0500000US49055
5,396,207,189,0500000US49055
6,144,77,67,0500000US49055
7,46,16,30,0500000US49055
0,256359,129008,127351,0500000US49057
1,79071,40328,38743,0500000US49057
2,92793,47491,45302,0500000US49057
3,27497,13855,13642,0500000US49057
4,27101,13538,13563,0500000US49057
5,18017,8649,9368,0500000US49057
6,8541,3791,4750,0500000US49057
7,3339,1356,1983,0500000US49057
0,36973,18469,18504,0500000US50001
1,7974,4092,3882,0500000US50001
2,11068,5699,5369,0500000US50001
3,4839,2381,2458,0500000US50001
4,5735,2819,2916,0500000US50001
5,4554,2256,2298,0500000US50001
6,1996,931,1065,0500000US50001
7,807,291,516,0500000US50001
0,35631,17363,18268,0500000US50003
1,7771,4005,3766,0500000US50003
2,9234,4547,4687,0500000US50003
3,4629,2224,2405,0500000US50003
4,5835,2830,3005,0500000US50003
5,4594,2229,2365,0500000US50003
6,2423,1084,1339,0500000US50003
7,1145,444,701,0500000US50003
0,30302,15166,15136,0500000US50005
1,6827,3563,3264,0500000US50005
2,8406,4326,4080,0500000US50005
3,3926,1959,1967,0500000US50005
4,4789,2295,2494,0500000US50005
5,3946,1961,1985,0500000US50005
6,1705,797,908,0500000US50005
7,703,265,438,0500000US50005
0,164572,80692,83880,0500000US50007
1,37548,19096,18452,0500000US50007
2,60980,30850,30130,0500000US50007
3,19746,9630,10116,0500000US50007
4,21625,10558,11067,0500000US50007
5,14342,6555,7787,0500000US50007
6,6889,2879,4010,0500000US50007
7,3442,1124,2318,0500000US50007
0,6250,3131,3119,0500000US50009
1,1213,621,592,0500000US50009
2,1429,703,726,0500000US50009
3,880,444,436,0500000US50009
4,1130,545,585,0500000US50009
5,945,504,441,0500000US50009
6,474,242,232,0500000US50009
7,179,72,107,0500000US50009
0,49421,24611,24810,0500000US50011
1,11976,6196,5780,0500000US50011
2,15200,7575,7625,0500000US50011
3,6878,3382,3496,0500000US50011
4,7442,3731,3711,0500000US50011
5,4895,2414,2481,0500000US50011
6,2197,1026,1171,0500000US50011
7,833,287,546,0500000US50011
0,7090,3578,3512,0500000US50013
1,1410,718,692,0500000US50013
2,1878,970,908,0500000US50013
3,969,474,495,0500000US50013
4,1358,683,675,0500000US50013
5,1019,520,499,0500000US50013
6,359,180,179,0500000US50013
7,97,33,64,0500000US50013
0,25300,12657,12643,0500000US50015
1,5896,2981,2915,0500000US50015
2,7916,4039,3877,0500000US50015
3,3418,1759,1659,0500000US50015
4,3677,1759,1918,0500000US50015
5,2669,1338,1331,0500000US50015
6,1275,619,656,0500000US50015
7,449,162,287,0500000US50015
0,28999,14524,14475,0500000US50017
1,6043,3246,2797,0500000US50017
2,7961,4053,3908,0500000US50017
3,3853,1901,1952,0500000US50017
4,4993,2439,2554,0500000US50017
5,3864,1885,1979,0500000US50017
6,1683,775,908,0500000US50017
7,602,225,377,0500000US50017
0,26907,13501,13406,0500000US50019
1,5736,2937,2799,0500000US50019
2,7384,3837,3547,0500000US50019
3,3488,1776,1712,0500000US50019
4,4186,2097,2089,0500000US50019
5,3656,1791,1865,0500000US50019
6,1762,836,926,0500000US50019
7,695,227,468,0500000US50019
0,58672,28924,29748,0500000US50021
1,12218,6264,5954,0500000US50021
2,15860,8025,7835,0500000US50021
3,7763,3869,3894,0500000US50021
4,9876,4814,5062,0500000US50021
5,7823,3782,4041,0500000US50021
6,3637,1667,1970,0500000US50021
7,1495,503,992,0500000US50021
0,58140,28773,29367,0500000US50023
1,12750,6682,6068,0500000US50023
2,17173,8714,8459,0500000US50023
3,7882,3871,4011,0500000US50023
4,8924,4312,4612,0500000US50023
5,6882,3323,3559,0500000US50023
6,3135,1417,1718,0500000US50023
7,1394,454,940,0500000US50023
0,42756,20919,21837,0500000US50025
1,8640,4467,4173,0500000US50025
2,11603,5776,5827,0500000US50025
3,5344,2551,2793,0500000US50025
4,7412,3602,3810,0500000US50025
5,6027,2912,3115,0500000US50025
6,2588,1190,1398,0500000US50025
7,1142,421,721,0500000US50025
0,55286,26944,28342,0500000US50027
1,10997,5589,5408,0500000US50027
2,14793,7379,7414,0500000US50027
3,7104,3470,3634,0500000US50027
4,9507,4506,5001,0500000US50027
5,7677,3680,3997,0500000US50027
6,3770,1775,1995,0500000US50027
7,1438,545,893,0500000US50027
0,32412,15817,16595,0500000US51001
1,7262,3779,3483,0500000US51001
2,8350,4182,4168,0500000US51001
3,3892,1880,2012,0500000US51001
4,5270,2502,2768,0500000US51001
5,4451,2090,2361,0500000US51001
6,2301,1025,1276,0500000US51001
7,886,359,527,0500000US51001
0,108718,51970,56748,0500000US51003
1,27111,13498,13613,0500000US51003
2,34144,16773,17371,0500000US51003
3,12864,6245,6619,0500000US51003
4,14351,6541,7810,0500000US51003
5,11454,5304,6150,0500000US51003
6,5928,2577,3351,0500000US51003
7,2866,1032,1834,0500000US51003
0,14910,7291,7619,0500000US51005
1,3071,1600,1471,0500000US51005
2,3707,1851,1856,0500000US51005
3,2114,1047,1067,0500000US51005
4,2336,1115,1221,0500000US51005
5,2061,1003,1058,0500000US51005
6,1187,539,648,0500000US51005
7,434,136,298,0500000US51005
0,13013,6416,6597,0500000US51007
1,2927,1512,1415,0500000US51007
2,3533,1760,1773,0500000US51007
3,1769,878,891,0500000US51007
4,2208,1098,1110,0500000US51007
5,1489,735,754,0500000US51007
6,798,347,451,0500000US51007
7,289,86,203,0500000US51007
0,31666,15368,16298,0500000US51009
1,6998,3614,3384,0500000US51009
2,8737,4301,4436,0500000US51009
3,4415,2175,2240,0500000US51009
4,4815,2303,2512,0500000US51009
5,3789,1799,1990,0500000US51009
6,2114,918,1196,0500000US51009
7,798,258,540,0500000US51009
0,15841,7692,8149,0500000US51011
1,3697,1880,1817,0500000US51011
2,4527,2242,2285,0500000US51011
3,2019,974,1045,0500000US51011
4,2318,1092,1226,0500000US51011
5,1871,902,969,0500000US51011
6,1066,485,581,0500000US51011
7,343,117,226,0500000US51011
0,237521,119009,118512,0500000US51013
1,46311,23679,22632,0500000US51013
2,112905,56854,56051,0500000US51013
3,29723,15252,14471,0500000US51013
4,23373,11762,11611,0500000US51013
5,15401,7311,8090,0500000US51013
6,6726,2978,3748,0500000US51013
7,3082,1173,1909,0500000US51013
0,75457,38274,37183,0500000US51015
1,15930,8187,7743,0500000US51015
2,21547,11550,9997,0500000US51015
3,10552,5339,5213,0500000US51015
4,11551,5744,5807,0500000US51015
5,9083,4403,4680,0500000US51015
6,5021,2353,2668,0500000US51015
7,1773,698,1075,0500000US51015
0,4292,2161,2131,0500000US51017
1,723,355,368,0500000US51017
2,1055,538,517,0500000US51017
3,612,311,301,0500000US51017
4,715,364,351,0500000US51017
5,672,328,344,0500000US51017
6,368,189,179,0500000US51017
7,147,76,71,0500000US51017
0,78747,38794,39953,0500000US51019
1,17190,8777,8413,0500000US51019
2,20399,10222,10177,0500000US51019
3,11352,5535,5817,0500000US51019
4,13017,6383,6634,0500000US51019
5,10014,4879,5135,0500000US51019
6,5096,2323,2773,0500000US51019
7,1679,675,1004,0500000US51019
0,6293,3445,2848,0500000US51021
1,1056,542,514,0500000US51021
2,1894,1201,693,0500000US51021
3,981,568,413,0500000US51021
4,915,433,482,0500000US51021
5,831,416,415,0500000US51021
6,471,231,240,0500000US51021
7,145,54,91,0500000US51021
0,33277,16494,16783,0500000US51023
1,6929,3533,3396,0500000US51023
2,8328,4243,4085,0500000US51023
3,4998,2474,2524,0500000US51023
4,5453,2707,2746,0500000US51023
5,4562,2242,2320,0500000US51023
6,2253,1027,1226,0500000US51023
7,754,268,486,0500000US51023
0,16384,8773,7611,0500000US51025
1,2992,1523,1469,0500000US51025
2,5388,3442,1946,0500000US51025
3,2070,1075,995,0500000US51025
4,2411,1156,1255,0500000US51025
5,2049,964,1085,0500000US51025
6,1086,485,601,0500000US51025
7,388,128,260,0500000US51025
0,21221,10735,10486,0500000US51027
1,4026,2065,1961,0500000US51027
2,5944,3279,2665,0500000US51027
3,3090,1575,1515,0500000US51027
4,3452,1717,1735,0500000US51027
5,2768,1285,1483,0500000US51027
6,1553,681,872,0500000US51027
7,388,133,255,0500000US51027
0,16999,9364,7635,0500000US51029
1,3292,1717,1575,0500000US51029
2,5496,3441,2055,0500000US51029
3,2401,1398,1003,0500000US51029
4,2470,1278,1192,0500000US51029
5,2013,970,1043,0500000US51029
6,988,443,545,0500000US51029
7,339,117,222,0500000US51029
0,54973,26723,28250,0500000US51031
1,11749,5957,5792,0500000US51031
2,16732,8421,8311,0500000US51031
3,7414,3623,3791,0500000US51031
4,8135,3894,4241,0500000US51031
5,6224,2844,3380,0500000US51031
6,3399,1482,1917,0500000US51031
7,1320,502,818,0500000US51031
0,30772,15214,15558,0500000US51033
1,7675,3902,3773,0500000US51033
2,9677,4911,4766,0500000US51033
3,4082,2047,2035,0500000US51033
4,4288,2092,2196,0500000US51033
5,3057,1455,1602,0500000US51033
6,1459,621,838,0500000US51033
7,534,186,348,0500000US51033
0,29636,14676,14960,0500000US51035
1,5976,3103,2873,0500000US51035
2,7489,3823,3666,0500000US51035
3,4230,2116,2114,0500000US51035
4,4682,2277,2405,0500000US51035
5,4209,2043,2166,0500000US51035
6,2274,1044,1230,0500000US51035
7,776,270,506,0500000US51035
0,6941,3345,3596,0500000US51036
1,1172,585,587,0500000US51036
2,1718,849,869,0500000US51036
3,1031,502,529,0500000US51036
4,1312,645,667,0500000US51036
5,1054,512,542,0500000US51036
6,477,193,284,0500000US51036
7,177,59,118,0500000US51036
0,11938,5896,6042,0500000US51037
1,2752,1442,1310,0500000US51037
2,3042,1540,1502,0500000US51037
3,1571,761,810,0500000US51037
4,1919,959,960,0500000US51037
5,1468,699,769,0500000US51037
6,850,396,454,0500000US51037
7,336,99,237,0500000US51037
0,348556,168039,180517,0500000US51041
1,92415,47502,44913,0500000US51041
2,109513,52707,56806,0500000US51041
3,48402,23171,25231,0500000US51041
4,46198,21527,24671,0500000US51041
5,32983,15204,17779,0500000US51041
6,14110,6199,7911,0500000US51041
7,4935,1729,3206,0500000US51041
0,14523,7238,7285,0500000US51043
1,3202,1626,1576,0500000US51043
2,3600,1838,1762,0500000US51043
3,2216,1116,1100,0500000US51043
4,2437,1211,1226,0500000US51043
5,1836,921,915,0500000US51043
6,905,404,501,0500000US51043
7,327,122,205,0500000US51043
0,5064,2508,2556,0500000US51045
1,994,514,480,0500000US51045
2,1274,645,629,0500000US51045
3,768,389,379,0500000US51045
4,843,419,424,0500000US51045
5,716,357,359,0500000US51045
6,336,147,189,0500000US51045
7,133,37,96,0500000US51045
0,51859,25944,25915,0500000US51047
1,14074,7087,6987,0500000US51047
2,15635,8027,7608,0500000US51047
3,7069,3640,3429,0500000US51047
4,6922,3406,3516,0500000US51047
5,4947,2359,2588,0500000US51047
6,2389,1121,1268,0500000US51047
7,823,304,519,0500000US51047
0,9809,4736,5073,0500000US51049
1,2084,1050,1034,0500000US51049
2,2710,1308,1402,0500000US51049
3,1354,663,691,0500000US51049
4,1462,713,749,0500000US51049
5,1317,623,694,0500000US51049
6,665,302,363,0500000US51049
7,217,77,140,0500000US51049
0,14523,7360,7163,0500000US51051
1,3135,1622,1513,0500000US51051
2,4125,2173,1952,0500000US51051
3,1879,1002,877,0500000US51051
4,2186,1099,1087,0500000US51051
5,1872,892,980,0500000US51051
6,1006,470,536,0500000US51051
7,320,102,218,0500000US51051
0,28529,13941,14588,0500000US51053
1,6392,3224,3168,0500000US51053
2,8466,4181,4285,0500000US51053
3,4277,2103,2174,0500000US51053
4,4413,2181,2232,0500000US51053
5,2961,1401,1560,0500000US51053
6,1524,679,845,0500000US51053
7,496,172,324,0500000US51053
0,10919,5113,5806,0500000US51057
1,2240,1091,1149,0500000US51057
2,2904,1400,1504,0500000US51057
3,1480,657,823,0500000US51057
4,1765,840,925,0500000US51057
5,1503,669,834,0500000US51057
6,754,358,396,0500000US51057
7,273,98,175,0500000US51057
0,1150795,570871,579924,0500000US51059
1,296344,151734,144610,0500000US51059
2,389194,196109,193085,0500000US51059
3,163975,80361,83614,0500000US51059
4,146442,71756,74686,0500000US51059
5,94071,44555,49516,0500000US51059
6,43106,19666,23440,0500000US51059
7,17663,6690,10973,0500000US51059
0,70675,34991,35684,0500000US51061
1,18133,9331,8802,0500000US51061
2,20009,9966,10043,0500000US51061
3,10371,5062,5309,0500000US51061
4,10542,5227,5315,0500000US51061
5,6996,3407,3589,0500000US51061
6,3492,1592,1900,0500000US51061
7,1132,406,726,0500000US51061
0,15795,7939,7856,0500000US51063
1,3430,1784,1646,0500000US51063
2,4045,2037,2008,0500000US51063
3,2169,1152,1017,0500000US51063
4,2547,1258,1289,0500000US51063
5,2101,1021,1080,0500000US51063
6,1132,564,568,0500000US51063
7,371,123,248,0500000US51063
0,26783,12252,14531,0500000US51065
1,5806,2906,2900,0500000US51065
2,7969,3438,4531,0500000US51065
3,3685,1643,2042,0500000US51065
4,3905,1805,2100,0500000US51065
5,3188,1477,1711,0500000US51065
6,1688,763,925,0500000US51065
7,542,220,322,0500000US51065
0,56195,27672,28523,0500000US51067
1,12179,6151,6028,0500000US51067
2,13992,6960,7032,0500000US51067
3,7687,3826,3861,0500000US51067
4,9118,4484,4634,0500000US51067
5,7963,3898,4065,0500000US51067
6,3997,1887,2110,0500000US51067
7,1259,466,793,0500000US51067
0,88355,44026,44329,0500000US51069
1,22284,11476,10808,0500000US51069
2,26419,13320,13099,0500000US51069
3,12384,6220,6164,0500000US51069
4,12004,5953,6051,0500000US51069
5,8899,4246,4653,0500000US51069
6,4654,2134,2520,0500000US51069
7,1711,677,1034,0500000US51069
0,16844,8297,8547,0500000US51071
1,3827,1941,1886,0500000US51071
2,4587,2314,2273,0500000US51071
3,2442,1216,1226,0500000US51071
4,2307,1130,1177,0500000US51071
5,2145,1055,1090,0500000US51071
6,1128,526,602,0500000US51071
7,408,115,293,0500000US51071
0,37349,18376,18973,0500000US51073
1,8226,4230,3996,0500000US51073
2,10599,5334,5265,0500000US51073
3,5159,2485,2674,0500000US51073
4,6247,3044,3203,0500000US51073
5,4208,2046,2162,0500000US51073
6,2159,971,1188,0500000US51073
7,751,266,485,0500000US51073
0,23244,11401,11843,0500000US51075
1,4551,2328,2223,0500000US51075
2,5879,2955,2924,0500000US51075
3,3483,1656,1827,0500000US51075
4,4140,1969,2171,0500000US51075
5,3238,1591,1647,0500000US51075
6,1441,688,753,0500000US51075
7,512,214,298,0500000US51075
0,15631,8047,7584,0500000US51077
1,2907,1473,1434,0500000US51077
2,4164,2369,1795,0500000US51077
3,2239,1186,1053,0500000US51077
4,2489,1256,1233,0500000US51077
5,2178,1080,1098,0500000US51077
6,1190,528,662,0500000US51077
7,464,155,309,0500000US51077
0,19779,9632,10147,0500000US51079
1,5170,2629,2541,0500000US51079
2,5697,2810,2887,0500000US51079
3,2723,1325,1398,0500000US51079
4,2757,1327,1430,0500000US51079
5,2124,973,1151,0500000US51079
6,997,462,535,0500000US51079
7,311,106,205,0500000US51079
0,11627,7285,4342,0500000US51081
1,2238,1183,1055,0500000US51081
2,4331,3223,1108,0500000US51081
3,1812,1235,577,0500000US51081
4,1491,840,651,0500000US51081
5,1088,537,551,0500000US51081
6,507,200,307,0500000US51081
7,160,67,93,0500000US51081
0,34120,16355,17765,0500000US51083
1,7605,3861,3744,0500000US51083
2,8757,4385,4372,0500000US51083
3,4304,2079,2225,0500000US51083
4,5141,2456,2685,0500000US51083
5,4727,2209,2518,0500000US51083
6,2560,1074,1486,0500000US51083
7,1026,291,735,0500000US51083
0,107239,52476,54763,0500000US51085
1,26490,13703,12787,0500000US51085
2,30081,14980,15101,0500000US51085
3,15495,7447,8048,0500000US51085
4,16141,7805,8336,0500000US51085
5,11221,5305,5916,0500000US51085
6,5578,2458,3120,0500000US51085
7,2233,778,1455,0500000US51085
0,329261,156230,173031,0500000US51087
1,81253,41805,39448,0500000US51087
2,109831,53110,56721,0500000US51087
3,44206,20781,23425,0500000US51087
4,42926,19542,23384,0500000US51087
5,29743,13101,16642,0500000US51087
6,14317,5660,8657,0500000US51087
7,6985,2231,4754,0500000US51087
0,50953,24528,26425,0500000US51089
1,10869,5586,5283,0500000US51089
2,12995,6385,6610,0500000US51089
3,7009,3388,3621,0500000US51089
4,7902,3857,4045,0500000US51089
5,6513,2972,3541,0500000US51089
6,4105,1796,2309,0500000US51089
7,1560,544,1016,0500000US51089
0,2210,1100,1110,0500000US51091
1,317,154,163,0500000US51091
2,427,208,219,0500000US51091
3,213,122,91,0500000US51091
4,493,240,253,0500000US51091
5,460,240,220,0500000US51091
6,228,112,116,0500000US51091
7,72,24,48,0500000US51091
0,36953,18094,18859,0500000US51093
1,8423,4292,4131,0500000US51093
2,10212,5119,5093,0500000US51093
3,5140,2469,2671,0500000US51093
4,6103,3036,3067,0500000US51093
5,4207,1966,2241,0500000US51093
6,2090,962,1128,0500000US51093
7,778,250,528,0500000US51093
0,76397,36921,39476,0500000US51095
1,16879,8607,8272,0500000US51095
2,19799,9908,9891,0500000US51095
3,9601,4641,4960,0500000US51095
4,10817,4989,5828,0500000US51095
5,10680,4881,5799,0500000US51095
6,6294,2974,3320,0500000US51095
7,2327,921,1406,0500000US51095
0,7042,3567,3475,0500000US51097
1,1363,692,671,0500000US51097
2,1869,996,873,0500000US51097
3,996,505,491,0500000US51097
4,1202,619,583,0500000US51097
5,951,471,480,0500000US51097
6,465,217,248,0500000US51097
7,196,67,129,0500000US51097
0,26575,13459,13116,0500000US51099
1,7229,3727,3502,0500000US51099
2,8642,4468,4174,0500000US51099
3,3705,1833,1872,0500000US51099
4,3523,1782,1741,0500000US51099
5,2127,1055,1072,0500000US51099
6,1008,466,542,0500000US51099
7,341,128,213,0500000US51099
0,16939,8291,8648,0500000US51101
1,4252,2200,2052,0500000US51101
2,5175,2552,2623,0500000US51101
3,2421,1172,1249,0500000US51101
4,2363,1147,1216,0500000US51101
5,1707,797,910,0500000US51101
6,777,342,435,0500000US51101
7,244,81,163,0500000US51101
0,10783,5083,5700,0500000US51103
1,1887,995,892,0500000US51103
2,2076,1001,1075,0500000US51103
3,1058,500,558,0500000US51103
4,1866,830,1036,0500000US51103
5,2009,944,1065,0500000US51103
6,1290,607,683,0500000US51103
7,597,206,391,0500000US51103
0,23541,12237,11304,0500000US51105
1,4803,2496,2307,0500000US51105
2,6988,4045,2943,0500000US51105
3,3205,1620,1585,0500000US51105
4,3519,1742,1777,0500000US51105
5,2948,1448,1500,0500000US51105
6,1623,711,912,0500000US51105
7,455,175,280,0500000US51105
0,406850,201469,205381,0500000US51107
1,124428,63180,61248,0500000US51107
2,138400,67737,70663,0500000US51107
3,63898,32454,31444,0500000US51107
4,42322,21336,20986,0500000US51107
5,22730,10440,12290,0500000US51107
6,10803,4681,6122,0500000US51107
7,4269,1641,2628,0500000US51107
0,36778,18169,18609,0500000US51109
1,8047,4066,3981,0500000US51109
2,10169,5057,5112,0500000US51109
3,5102,2510,2592,0500000US51109
4,6176,3047,3129,0500000US51109
5,4601,2270,2331,0500000US51109
6,2041,955,1086,0500000US51109
7,642,264,378,0500000US51109
0,12086,6400,5686,0500000US51111
1,2435,1274,1161,0500000US51111
2,3551,2114,1437,0500000US51111
3,1542,875,667,0500000US51111
4,1861,918,943,0500000US51111
5,1593,764,829,0500000US51111
6,824,367,457,0500000US51111
7,280,88,192,0500000US51111
0,13295,6416,6879,0500000US51113
1,2962,1460,1502,0500000US51113
2,3437,1684,1753,0500000US51113
3,1724,862,862,0500000US51113
4,2213,1059,1154,0500000US51113
5,1706,778,928,0500000US51113
6,915,440,475,0500000US51113
7,338,133,205,0500000US51113
0,8802,4235,4567,0500000US51115
1,1534,766,768,0500000US51115
2,1927,968,959,0500000US51115
3,1126,540,586,0500000US51115
4,1481,700,781,0500000US51115
5,1507,702,805,0500000US51115
6,926,438,488,0500000US51115
7,301,121,180,0500000US51115
0,30650,14885,15765,0500000US51117
1,6262,3176,3086,0500000US51117
2,7693,3946,3747,0500000US51117
3,3857,1872,1985,0500000US51117
4,4980,2376,2604,0500000US51117
5,4512,2127,2385,0500000US51117
6,2462,1074,1388,0500000US51117
7,884,314,570,0500000US51117
0,10769,5243,5526,0500000US51119
1,1940,989,951,0500000US51119
2,2306,1208,1098,0500000US51119
3,1264,608,656,0500000US51119
4,1906,895,1011,0500000US51119
5,1874,876,998,0500000US51119
6,1077,509,568,0500000US51119
7,402,158,244,0500000US51119
0,98985,51452,47533,0500000US51121
1,23725,12525,11200,0500000US51121
2,42613,23431,19182,0500000US51121
3,10186,5093,5093,0500000US51121
4,9986,4832,5154,0500000US51121
5,7235,3376,3859,0500000US51121
6,3729,1668,2061,0500000US51121
7,1511,527,984,0500000US51121
0,14836,7170,7666,0500000US51125
1,2905,1469,1436,0500000US51125
2,3555,1744,1811,0500000US51125
3,1847,908,939,0500000US51125
4,2476,1173,1303,0500000US51125
5,2539,1224,1315,0500000US51125
6,1166,542,624,0500000US51125
7,348,110,238,0500000US51125
0,22391,11450,10941,0500000US51127
1,4932,2562,2370,0500000US51127
2,6754,3582,3172,0500000US51127
3,3277,1692,1585,0500000US51127
4,3568,1758,1810,0500000US51127
5,2638,1292,1346,0500000US51127
6,957,472,485,0500000US51127
7,265,92,173,0500000US51127
0,11735,5603,6132,0500000US51131
1,2513,1327,1186,0500000US51131
2,2787,1412,1375,0500000US51131
3,1276,586,690,0500000US51131
4,2061,915,1146,0500000US51131
5,1771,828,943,0500000US51131
6,901,393,508,0500000US51131
7,426,142,284,0500000US51131
0,12147,5956,6191,0500000US51133
1,1938,1039,899,0500000US51133
2,2365,1172,1193,0500000US51133
3,1246,571,675,0500000US51133
4,2142,1019,1123,0500000US51133
5,2485,1157,1328,0500000US51133
6,1471,770,701,0500000US51133
7,500,228,272,0500000US51133
0,15420,8338,7082,0500000US51135
1,3244,1616,1628,0500000US51135
2,5049,3121,1928,0500000US51135
3,2046,1208,838,0500000US51135
4,2122,1076,1046,0500000US51135
5,1644,794,850,0500000US51135
6,948,390,558,0500000US51135
7,367,133,234,0500000US51135
0,36644,17877,18767,0500000US51137
1,8453,4257,4196,0500000US51137
2,10498,5284,5214,0500000US51137
3,4889,2412,2477,0500000US51137
4,5340,2586,2754,0500000US51137
5,4226,1893,2333,0500000US51137
6,2423,1124,1299,0500000US51137
7,815,321,494,0500000US51137
0,23933,11830,12103,0500000US51139
1,5183,2631,2552,0500000US51139
2,6630,3327,3303,0500000US51139
3,3373,1706,1667,0500000US51139
4,3634,1782,1852,0500000US51139
5,2900,1424,1476,0500000US51139
6,1669,761,908,0500000US51139
7,544,199,345,0500000US51139
0,17673,8730,8943,0500000US51141
1,3398,1733,1665,0500000US51141
2,4162,2110,2052,0500000US51141
3,2510,1299,1211,0500000US51141
4,2936,1443,1493,0500000US51141
5,2595,1255,1340,0500000US51141
6,1588,738,850,0500000US51141
7,484,152,332,0500000US51141
0,60949,30048,30901,0500000US51143
1,12803,6503,6300,0500000US51143
2,15885,8225,7660,0500000US51143
3,8573,4315,4258,0500000US51143
4,9898,4777,5121,0500000US51143
5,8022,3792,4230,0500000US51143
6,4303,1949,2354,0500000US51143
7,1465,487,978,0500000US51143
0,29189,15130,14059,0500000US51145
1,5907,3137,2770,0500000US51145
2,8372,4571,3801,0500000US51145
3,4835,2514,2321,0500000US51145
4,4751,2348,2403,0500000US51145
5,3408,1676,1732,0500000US51145
6,1477,720,757,0500000US51145
7,439,164,275,0500000US51145
0,22950,11491,11459,0500000US51147
1,5743,2832,2911,0500000US51147
2,8432,4641,3791,0500000US51147
3,2291,1109,1182,0500000US51147
4,2705,1283,1422,0500000US51147
5,2022,938,1084,0500000US51147
6,1169,496,673,0500000US51147
7,588,192,396,0500000US51147
0,38082,20584,17498,0500000US51149
1,9131,4706,4425,0500000US51149
2,14129,8400,5729,0500000US51149
3,4816,2630,2186,0500000US51149
4,4659,2362,2297,0500000US51149
5,3242,1543,1699,0500000US51149
6,1543,736,807,0500000US51149
7,562,207,355,0500000US51149
0,468011,233996,234015,0500000US51153
1,138595,71474,67121,0500000US51153
2,163425,82267,81158,0500000US51153
3,66964,33472,33492,0500000US51153
4,52708,26026,26682,0500000US51153
5,29709,13867,15842,0500000US51153
6,12575,5504,7071,0500000US51153
7,4035,1386,2649,0500000US51153
0,34066,17016,17050,0500000US51155
1,6651,3379,3272,0500000US51155
2,9396,5032,4364,0500000US51155
3,5012,2591,2421,0500000US51155
4,5193,2524,2669,0500000US51155
5,4619,2156,2463,0500000US51155
6,2378,1060,1318,0500000US51155
7,817,274,543,0500000US51155
0,7252,3559,3693,0500000US51157
1,1334,675,659,0500000US51157
2,1703,840,863,0500000US51157
3,954,468,486,0500000US51157
4,1280,618,662,0500000US51157
5,1174,574,600,0500000US51157
6,607,298,309,0500000US51157
7,200,86,114,0500000US51157
0,9038,5084,3954,0500000US51159
1,1715,867,848,0500000US51159
2,2954,2014,940,0500000US51159
3,1219,767,452,0500000US51159
4,1249,659,590,0500000US51159
5,945,432,513,0500000US51159
6,663,271,392,0500000US51159
7,293,74,219,0500000US51159
0,94073,45334,48739,0500000US51161
1,20747,10713,10034,0500000US51161
2,26980,13348,13632,0500000US51161
3,12874,6311,6563,0500000US51161
4,13321,6338,6983,0500000US51161
5,11301,5184,6117,0500000US51161
6,6173,2578,3595,0500000US51161
7,2677,862,1815,0500000US51161
0,22752,11270,11482,0500000US51163
1,4550,2307,2243,0500000US51163
2,5721,2905,2816,0500000US51163
3,2905,1428,1477,0500000US51163
4,3667,1783,1884,0500000US51163
5,3267,1639,1628,0500000US51163
6,1907,888,1019,0500000US51163
7,735,320,415,0500000US51163
0,81244,39975,41269,0500000US51165
1,20062,10211,9851,0500000US51165
2,24009,12028,11981,0500000US51165
3,10381,5140,5241,0500000US51165
4,11320,5512,5808,0500000US51165
5,8511,4136,4375,0500000US51165
6,4885,2188,2697,0500000US51165
7,2076,760,1316,0500000US51165
0,26748,13083,13665,0500000US51167
1,5562,2786,2776,0500000US51167
2,7366,3781,3585,0500000US51167
3,3663,1780,1883,0500000US51167
4,4384,2131,2253,0500000US51167
5,3386,1651,1735,0500000US51167
6,1825,745,1080,0500000US51167
7,562,209,353,0500000US51167
0,21534,10829,10705,0500000US51169
1,4227,2146,2081,0500000US51169
2,5802,3087,2715,0500000US51169
3,2974,1495,1479,0500000US51169
4,3320,1673,1647,0500000US51169
5,2903,1370,1533,0500000US51169
6,1711,817,894,0500000US51169
7,597,241,356,0500000US51169
0,43497,21277,22220,0500000US51171
1,10080,5118,4962,0500000US51171
2,11927,5932,5995,0500000US51171
3,5760,2886,2874,0500000US51171
4,6287,3042,3245,0500000US51171
5,5320,2538,2782,0500000US51171
6,3013,1379,1634,0500000US51171
7,1110,382,728,0500000US51171
0,30472,14944,15528,0500000US51173
1,6467,3288,3179,0500000US51173
2,8513,4370,4143,0500000US51173
3,4301,2128,2173,0500000US51173
4,4485,2219,2266,0500000US51173
5,3711,1716,1995,0500000US51173
6,2159,934,1225,0500000US51173
7,836,289,547,0500000US51173
0,17586,9142,8444,0500000US51175
1,3540,1806,1734,0500000US51175
2,4661,2423,2238,0500000US51175
3,2794,1581,1213,0500000US51175
4,3035,1667,1368,0500000US51175
5,2053,1043,1010,0500000US51175
6,1113,486,627,0500000US51175
7,390,136,254,0500000US51175
0,134238,65903,68335,0500000US51177
1,36348,18626,17722,0500000US51177
2,41928,20828,21100,0500000US51177
3,19145,9283,9862,0500000US51177
4,17688,8608,9080,0500000US51177
5,11763,5406,6357,0500000US51177
6,5304,2405,2899,0500000US51177
7,2062,747,1315,0500000US51177
0,149960,75624,74336,0500000US51179
1,42930,22004,20926,0500000US51179
2,51518,26647,24871,0500000US51179
3,22119,10961,11158,0500000US51179
4,17719,8841,8878,0500000US51179
5,9887,4710,5177,0500000US51179
6,4394,1903,2491,0500000US51179
7,1393,558,835,0500000US51179
0,6474,3198,3276,0500000US51181
1,1202,624,578,0500000US51181
2,1609,817,792,0500000US51181
3,918,442,476,0500000US51181
4,1277,626,651,0500000US51181
5,883,442,441,0500000US51181
6,435,195,240,0500000US51181
7,150,52,98,0500000US51181
0,11237,6658,4579,0500000US51183
1,1930,967,963,0500000US51183
2,4244,3103,1141,0500000US51183
3,1539,898,641,0500000US51183
4,1528,791,737,0500000US51183
5,1152,573,579,0500000US51183
6,608,228,380,0500000US51183
7,236,98,138,0500000US51183
0,40855,20225,20630,0500000US51185
1,8721,4331,4390,0500000US51185
2,11599,6293,5306,0500000US51185
3,5283,2626,2657,0500000US51185
4,6162,2927,3235,0500000US51185
5,5388,2586,2802,0500000US51185
6,2616,1113,1503,0500000US51185
7,1086,349,737,0500000US51185
0,40003,19939,20064,0500000US51187
1,9742,4973,4769,0500000US51187
2,12108,6136,5972,0500000US51187
3,5652,2795,2857,0500000US51187
4,6081,3074,3007,0500000US51187
5,3920,1870,2050,0500000US51187
6,1876,880,996,0500000US51187
7,624,211,413,0500000US51187
0,54402,26798,27604,0500000US51191
1,11426,5861,5565,0500000US51191
2,14806,7596,7210,0500000US51191
3,7401,3671,3730,0500000US51191
4,8395,4011,4384,0500000US51191
5,7133,3436,3697,0500000US51191
6,3996,1796,2200,0500000US51191
7,1245,427,818,0500000US51191
0,17830,8700,9130,0500000US51193
1,3672,1902,1770,0500000US51193
2,4590,2329,2261,0500000US51193
3,2103,998,1105,0500000US51193
4,2945,1411,1534,0500000US51193
5,2635,1220,1415,0500000US51193
6,1441,663,778,0500000US51193
7,444,177,267,0500000US51193
0,38012,19779,18233,0500000US51195
1,8472,4335,4137,0500000US51195
2,12296,7028,5268,0500000US51195
3,5028,2651,2377,0500000US51195
4,5285,2593,2692,0500000US51195
5,4222,1997,2225,0500000US51195
6,2037,931,1106,0500000US51195
7,672,244,428,0500000US51195
0,28754,14037,14717,0500000US51197
1,6234,3201,3033,0500000US51197
2,7840,3907,3933,0500000US51197
3,4215,2117,2098,0500000US51197
4,4252,2018,2234,0500000US51197
5,3553,1704,1849,0500000US51197
6,1977,872,1105,0500000US51197
7,683,218,465,0500000US51197
0,67846,33273,34573,0500000US51199
1,17815,8992,8823,0500000US51199
2,20985,10619,10366,0500000US51199
3,8805,4190,4615,0500000US51199
4,9284,4511,4773,0500000US51199
5,6311,2975,3336,0500000US51199
6,3428,1556,1872,0500000US51199
7,1218,430,788,0500000US51199
0,160530,77269,83261,0500000US51510
1,31429,16115,15314,0500000US51510
2,71639,34384,37255,0500000US51510
3,21387,10483,10904,0500000US51510
4,17610,8369,9241,0500000US51510
5,11457,5116,6341,0500000US51510
6,4726,2062,2664,0500000US51510
7,2282,740,1542,0500000US51510
0,16482,7811,8671,0500000US51520
1,3615,1832,1783,0500000US51520
2,4992,2498,2494,0500000US51520
3,2167,1082,1085,0500000US51520
4,2232,1062,1170,0500000US51520
5,1907,796,1111,0500000US51520
6,1150,435,715,0500000US51520
7,419,106,313,0500000US51520
0,6237,2928,3309,0500000US51530
1,1421,686,735,0500000US51530
2,2065,1024,1041,0500000US51530
3,741,362,379,0500000US51530
4,791,356,435,0500000US51530
5,681,294,387,0500000US51530
6,396,163,233,0500000US51530
7,142,43,99,0500000US51530
0,48117,23316,24801,0500000US51540
1,9129,4613,4516,0500000US51540
2,23662,11679,11983,0500000US51540
3,4909,2353,2556,0500000US51540
4,4837,2294,2543,0500000US51540
5,3521,1553,1968,0500000US51540
6,1474,618,856,0500000US51540
7,585,206,379,0500000US51540
0,242634,118401,124233,0500000US51550
1,64140,32802,31338,0500000US51550
2,82805,41287,41518,0500000US51550
3,31454,15174,16280,0500000US51550
4,32000,15151,16849,0500000US51550
5,19707,8978,10729,0500000US51550
6,9124,3847,5277,0500000US51550
7,3404,1162,2242,0500000US51550
0,17833,8165,9668,0500000US51570
1,4656,2277,2379,0500000US51570
2,5292,2498,2794,0500000US51570
3,2130,975,1155,0500000US51570
4,2260,1053,1207,0500000US51570
5,1779,733,1046,0500000US51570
6,1161,462,699,0500000US51570
7,555,167,388,0500000US51570
0,5460,2637,2823,0500000US51580
1,1101,553,548,0500000US51580
2,1634,831,803,0500000US51580
3,736,365,371,0500000US51580
4,829,408,421,0500000US51580
5,661,304,357,0500000US51580
6,365,138,227,0500000US51580
7,134,38,96,0500000US51580
0,40693,18720,21973,0500000US51590
1,9872,5062,4810,0500000US51590
2,11705,5550,6155,0500000US51590
3,4765,2170,2595,0500000US51590
4,5833,2617,3216,0500000US51590
5,4658,2009,2649,0500000US51590
6,2524,957,1567,0500000US51590
7,1336,355,981,0500000US51590
0,5121,2370,2751,0500000US51595
1,1202,617,585,0500000US51595
2,1522,699,823,0500000US51595
3,648,302,346,0500000US51595
4,713,328,385,0500000US51595
5,492,217,275,0500000US51595
6,337,147,190,0500000US51595
7,207,60,147,0500000US51595
0,24574,12216,12358,0500000US51600
1,6604,3451,3153,0500000US51600
2,8146,4182,3964,0500000US51600
3,3215,1599,1616,0500000US51600
4,3095,1512,1583,0500000US51600
5,2012,897,1115,0500000US51600
6,1009,432,577,0500000US51600
7,493,143,350,0500000US51600
0,14772,7251,7521,0500000US51610
1,4204,2198,2006,0500000US51610
2,4571,2232,2339,0500000US51610
3,2213,1080,1133,0500000US51610
4,1830,913,917,0500000US51610
5,1247,554,693,0500000US51610
6,499,207,292,0500000US51610
7,208,67,141,0500000US51610
0,8013,3616,4397,0500000US51620
1,2057,1058,999,0500000US51620
2,2239,1019,1220,0500000US51620
3,946,404,542,0500000US51620
4,1192,488,704,0500000US51620
5,897,412,485,0500000US51620
6,461,174,287,0500000US51620
7,221,61,160,0500000US51620
0,29144,13450,15694,0500000US51630
1,7861,3760,4101,0500000US51630
2,11978,5501,6477,0500000US51630
3,3128,1481,1647,0500000US51630
4,2927,1368,1559,0500000US51630
5,1931,854,1077,0500000US51630
6,933,369,564,0500000US51630
7,386,117,269,0500000US51630
0,6423,2979,3444,0500000US51640
1,1552,774,778,0500000US51640
2,1832,890,942,0500000US51640
3,891,425,466,0500000US51640
4,854,405,449,0500000US51640
5,652,268,384,0500000US51640
6,381,146,235,0500000US51640
7,261,71,190,0500000US51640
0,134313,64558,69755,0500000US51650
1,32357,16456,15901,0500000US51650
2,47817,23956,23861,0500000US51650
3,15017,6830,8187,0500000US51650
4,18377,8632,9745,0500000US51650
5,12161,5351,6810,0500000US51650
6,6208,2541,3667,0500000US51650
7,2376,792,1584,0500000US51650
0,54033,25987,28046,0500000US51660
1,15408,7030,8378,0500000US51660
2,24618,12264,12354,0500000US51660
3,4697,2426,2271,0500000US51660
4,4226,2076,2150,0500000US51660
5,2807,1313,1494,0500000US51660
6,1456,614,842,0500000US51660
7,821,264,557,0500000US51660
0,22596,10536,12060,0500000US51670
1,6323,3225,3098,0500000US51670
2,7240,3423,3817,0500000US51670
3,2741,1267,1474,0500000US51670
4,2746,1211,1535,0500000US51670
5,1989,853,1136,0500000US51670
6,1116,439,677,0500000US51670
7,441,118,323,0500000US51670
0,7136,4008,3128,0500000US51678
1,1977,1196,781,0500000US51678
2,3001,1887,1114,0500000US51678
3,468,232,236,0500000US51678
4,534,235,299,0500000US51678
5,602,263,339,0500000US51678
6,360,147,213,0500000US51678
7,194,48,146,0500000US51678
0,82126,38521,43605,0500000US51680
1,22095,10748,11347,0500000US51680
2,33008,15943,17065,0500000US51680
3,7273,3386,3887,0500000US51680
4,7927,3632,4295,0500000US51680
5,6247,2725,3522,0500000US51680
6,3593,1454,2139,0500000US51680
7,1983,633,1350,0500000US51680
0,41641,20875,20766,0500000US51683
1,12183,6318,5865,0500000US51683
2,14942,7653,7289,0500000US51683
3,5286,2635,2651,0500000US51683
4,4910,2333,2577,0500000US51683
5,2805,1334,1471,0500000US51683
6,1105,481,624,0500000US51683
7,410,121,289,0500000US51683
0,17307,8910,8397,0500000US51685
1,4336,2312,2024,0500000US51685
2,7096,3660,3436,0500000US51685
3,2706,1429,1277,0500000US51685
4,1785,901,884,0500000US51685
5,870,416,454,0500000US51685
6,383,141,242,0500000US51685
7,131,51,80,0500000US51685
0,12902,5976,6926,0500000US51690
1,3459,1768,1691,0500000US51690
2,3522,1690,1832,0500000US51690
3,1669,760,909,0500000US51690
4,1810,802,1008,0500000US51690
5,1340,599,741,0500000US51690
6,796,298,498,0500000US51690
7,306,59,247,0500000US51690
0,178626,86229,92397,0500000US51700
1,47335,24203,23132,0500000US51700
2,66874,33424,33450,0500000US51700
3,19650,9164,10486,0500000US51700
4,21426,9918,11508,0500000US51700
5,13390,5867,7523,0500000US51700
6,7005,2722,4283,0500000US51700
7,2946,931,2015,0500000US51700
0,244076,127235,116841,0500000US51710
1,56835,29242,27593,0500000US51710
2,109465,62585,46880,0500000US51710
3,23868,11476,12392,0500000US51710
4,26574,12447,14127,0500000US51710
5,16463,7311,9152,0500000US51710
6,7363,2979,4384,0500000US51710
7,3508,1195,2313,0500000US51710
0,3968,1859,2109,0500000US51720
1,888,448,440,0500000US51720
2,1340,672,668,0500000US51720
3,470,231,239,0500000US51720
4,530,236,294,0500000US51720
5,400,155,245,0500000US51720
6,246,91,155,0500000US51720
7,94,26,68,0500000US51720
0,31567,14508,17059,0500000US51730
1,7699,3937,3762,0500000US51730
2,10289,4803,5486,0500000US51730
3,3887,1772,2115,0500000US51730
4,4337,1962,2375,0500000US51730
5,3101,1301,1800,0500000US51730
6,1531,555,976,0500000US51730
7,723,178,545,0500000US51730
0,12190,6096,6094,0500000US51735
1,2984,1554,1430,0500000US51735
2,3425,1771,1654,0500000US51735
3,1677,833,844,0500000US51735
4,1744,838,906,0500000US51735
5,1334,654,680,0500000US51735
6,796,364,432,0500000US51735
7,230,82,148,0500000US51735
0,94632,45452,49180,0500000US51740
1,24005,12211,11794,0500000US51740
2,34129,17114,17015,0500000US51740
3,10407,4913,5494,0500000US51740
4,11963,5420,6543,0500000US51740
5,8243,3639,4604,0500000US51740
6,4122,1586,2536,0500000US51740
7,1763,569,1194,0500000US51740
0,18339,8619,9720,0500000US51750
1,4855,2175,2680,0500000US51750
2,8491,4090,4401,0500000US51750
3,1690,853,837,0500000US51750
4,1631,779,852,0500000US51750
5,941,452,489,0500000US51750
6,504,196,308,0500000US51750
7,227,74,153,0500000US51750
0,228783,108456,120327,0500000US51760
1,48194,23859,24335,0500000US51760
2,97305,47130,50175,0500000US51760
3,24863,11878,12985,0500000US51760
4,28249,12959,15290,0500000US51760
5,18343,8205,10138,0500000US51760
6,7665,3044,4621,0500000US51760
7,4164,1381,2783,0500000US51760
0,99920,47891,52029,0500000US51770
1,24340,12501,11839,0500000US51770
2,33391,16322,17069,0500000US51770
3,12533,6237,6296,0500000US51770
4,13136,6203,6933,0500000US51770
5,9796,4249,5547,0500000US51770
6,4335,1666,2669,0500000US51770
7,2389,713,1676,0500000US51770
0,25643,12201,13442,0500000US51775
1,6294,3161,3133,0500000US51775
2,7756,3833,3923,0500000US51775
3,3273,1573,1700,0500000US51775
4,3484,1633,1851,0500000US51775
5,2717,1200,1517,0500000US51775
6,1461,597,864,0500000US51775
7,658,204,454,0500000US51775
0,24922,11435,13487,0500000US51790
1,5376,2674,2702,0500000US51790
2,7896,3608,4288,0500000US51790
3,2977,1427,1550,0500000US51790
4,3366,1517,1849,0500000US51790
5,2991,1353,1638,0500000US51790
6,1578,636,942,0500000US51790
7,738,220,518,0500000US51790
0,91185,44173,47012,0500000US51800
1,24140,12409,11731,0500000US51800
2,29079,14208,14871,0500000US51800
3,12501,5848,6653,0500000US51800
4,12301,5947,6354,0500000US51800
5,7889,3695,4194,0500000US51800
6,3788,1598,2190,0500000US51800
7,1487,468,1019,0500000US51800
0,450189,221065,229124,0500000US51810
1,109734,56487,53247,0500000US51810
2,165330,84710,80620,0500000US51810
3,55457,26354,29103,0500000US51810
4,55664,25997,29667,0500000US51810
5,37719,16964,20755,0500000US51810
6,18653,7848,10805,0500000US51810
7,7632,2705,4927,0500000US51810
0,22628,10802,11826,0500000US51820
1,5767,2965,2802,0500000US51820
2,7272,3501,3771,0500000US51820
3,2622,1283,1339,0500000US51820
4,2905,1350,1555,0500000US51820
5,2205,963,1242,0500000US51820
6,1316,564,752,0500000US51820
7,541,176,365,0500000US51820
0,14896,6853,8043,0500000US51830
1,3810,1770,2040,0500000US51830
2,6038,2760,3278,0500000US51830
3,1114,517,597,0500000US51830
4,1502,716,786,0500000US51830
5,1340,609,731,0500000US51830
6,812,372,440,0500000US51830
7,280,109,171,0500000US51830
0,28108,13689,14419,0500000US51840
1,7445,3826,3619,0500000US51840
2,9325,4633,4692,0500000US51840
3,3414,1590,1824,0500000US51840
4,3458,1677,1781,0500000US51840
5,2600,1222,1378,0500000US51840
6,1296,527,769,0500000US51840
7,570,214,356,0500000US51840
0,19759,10009,9750,0500000US53001
1,7591,3873,3718,0500000US53001
2,6045,3091,2954,0500000US53001
3,1988,1019,969,0500000US53001
4,1950,957,993,0500000US53001
5,1336,672,664,0500000US53001
6,607,287,320,0500000US53001
7,242,110,132,0500000US53001
0,22610,11023,11587,0500000US53003
1,5004,2524,2480,0500000US53003
2,6187,3081,3106,0500000US53003
3,2593,1278,1315,0500000US53003
4,3554,1649,1905,0500000US53003
5,2891,1388,1503,0500000US53003
6,1728,816,912,0500000US53003
7,653,287,366,0500000US53003
0,201877,101150,100727,0500000US53005
1,58803,30301,28502,0500000US53005
2,65163,33167,31996,0500000US53005
3,23029,11499,11530,0500000US53005
4,24785,12128,12657,0500000US53005
5,18151,8863,9288,0500000US53005
6,8589,3964,4625,0500000US53005
7,3357,1228,2129,0500000US53005
0,77036,38521,38515,0500000US53007
1,19750,10240,9510,0500000US53007
2,23112,11743,11369,0500000US53007
3,8663,4373,4290,0500000US53007
4,10815,5235,5580,0500000US53007
5,8652,4282,4370,0500000US53007
6,4198,1960,2238,0500000US53007
7,1846,688,1158,0500000US53007
0,76737,37842,38895,0500000US53009
1,14354,7386,6968,0500000US53009
2,19455,10296,9159,0500000US53009
3,7702,3753,3949,0500000US53009
4,12506,5807,6699,0500000US53009
5,13280,6214,7066,0500000US53009
6,6787,3329,3458,0500000US53009
7,2653,1057,1596,0500000US53009
0,481857,238118,243739,0500000US53011
1,126379,64701,61678,0500000US53011
2,156232,78175,78057,0500000US53011
3,63069,31319,31750,0500000US53011
4,61647,30005,31642,0500000US53011
5,46709,21925,24784,0500000US53011
6,20282,9277,11005,0500000US53011
7,7539,2716,4823,0500000US53011
0,4059,1982,2077,0500000US53013
1,832,427,405,0500000US53013
2,979,456,523,0500000US53013
3,482,252,230,0500000US53013
4,635,305,330,0500000US53013
5,638,310,328,0500000US53013
6,360,181,179,0500000US53013
7,133,51,82,0500000US53013
0,108987,53938,55049,0500000US53015
1,27331,13848,13483,0500000US53015
2,32211,16132,16079,0500000US53015
3,13328,6675,6653,0500000US53015
4,15491,7660,7831,0500000US53015
5,12367,5943,6424,0500000US53015
6,6023,2841,3182,0500000US53015
7,2236,839,1397,0500000US53015
0,42907,21740,21167,0500000US53017
1,12108,6259,5849,0500000US53017
2,13027,6820,6207,0500000US53017
3,4828,2422,2406,0500000US53017
4,5406,2723,2683,0500000US53017
5,4390,2039,2351,0500000US53017
6,2282,1165,1117,0500000US53017
7,866,312,554,0500000US53017
0,7649,3909,3740,0500000US53019
1,1536,851,685,0500000US53019
2,1803,938,865,0500000US53019
3,912,420,492,0500000US53019
4,1316,634,682,0500000US53019
5,1331,682,649,0500000US53019
6,575,322,253,0500000US53019
7,176,62,114,0500000US53019
0,94347,48752,45595,0500000US53021
1,33164,16767,16397,0500000US53021
2,34035,18213,15822,0500000US53021
3,10007,5268,4739,0500000US53021
4,8447,4342,4105,0500000US53021
5,5587,2756,2831,0500000US53021
6,2311,1090,1221,0500000US53021
7,796,316,480,0500000US53021
0,2247,1099,1148,0500000US53023
1,514,266,248,0500000US53023
2,556,269,287,0500000US53023
3,239,109,130,0500000US53023
4,367,182,185,0500000US53023
5,336,174,162,0500000US53023
6,150,64,86,0500000US53023
7,85,35,50,0500000US53023
0,97331,49539,47792,0500000US53025
1,31284,15909,15375,0500000US53025
2,31307,16297,15010,0500000US53025
3,10573,5392,5181,0500000US53025
4,10818,5531,5287,0500000US53025
5,8062,4031,4031,0500000US53025
6,3773,1783,1990,0500000US53025
7,1514,596,918,0500000US53025
0,73901,37819,36082,0500000US53027
1,16544,8423,8121,0500000US53027
2,20897,11348,9549,0500000US53027
3,8936,4686,4250,0500000US53027
4,11556,5673,5883,0500000US53027
5,9868,4842,5026,0500000US53027
6,4520,2216,2304,0500000US53027
7,1580,631,949,0500000US53027
0,84460,42115,42345,0500000US53029
1,16807,8614,8193,0500000US53029
2,26405,14213,12192,0500000US53029
3,8504,4091,4413,0500000US53029
4,11981,5522,6459,0500000US53029
5,12756,5997,6759,0500000US53029
6,5947,2841,3106,0500000US53029
7,2060,837,1223,0500000US53029
0,31729,15528,16201,0500000US53031
1,4173,2105,2068,0500000US53031
2,6489,3409,3080,0500000US53031
3,3307,1627,1680,0500000US53031
4,6067,2698,3369,0500000US53031
5,7382,3543,3839,0500000US53031
6,3283,1708,1575,0500000US53031
7,1028,438,590,0500000US53031
0,2233163,1121104,1112059,0500000US53033
1,500876,254871,246005,0500000US53033
2,877315,453812,423503,0500000US53033
3,294350,149571,144779,0500000US53033
4,265512,131721,133791,0500000US53033
5,177417,82918,94499,0500000US53033
6,79327,34732,44595,0500000US53033
7,38366,13479,24887,0500000US53033
0,269805,137982,131823,0500000US53035
1,60791,31432,29359,0500000US53035
2,92224,50665,41559,0500000US53035
3,31467,15593,15874,0500000US53035
4,37229,17949,19280,0500000US53035
5,30004,14371,15633,0500000US53035
6,13098,6147,6951,0500000US53035
7,4992,1825,3167,0500000US53035
0,47364,23889,23475,0500000US53037
1,10668,5317,5351,0500000US53037
2,18281,9483,8798,0500000US53037
3,4837,2448,2389,0500000US53037
4,5986,2891,3095,0500000US53037
5,4644,2332,2312,0500000US53037
6,2167,1111,1056,0500000US53037
7,781,307,474,0500000US53037
0,22107,11157,10950,0500000US53039
1,4664,2412,2252,0500000US53039
2,5821,2961,2860,0500000US53039
3,2758,1427,1331,0500000US53039
4,3582,1726,1856,0500000US53039
5,3316,1685,1631,0500000US53039
6,1497,784,713,0500000US53039
7,469,162,307,0500000US53039
0,79604,39780,39824,0500000US53041
1,18774,9726,9048,0500000US53041
2,22791,11601,11190,0500000US53041
3,9530,4791,4739,0500000US53041
4,11804,5644,6160,0500000US53041
5,9974,4996,4978,0500000US53041
6,5003,2350,2653,0500000US53041
7,1728,672,1056,0500000US53041
0,10740,5492,5248,0500000US53043
1,2545,1340,1205,0500000US53043
2,2491,1284,1207,0500000US53043
3,1194,607,587,0500000US53043
4,1764,886,878,0500000US53043
5,1595,827,768,0500000US53043
6,809,421,388,0500000US53043
7,342,127,215,0500000US53043
0,65507,34046,31461,0500000US53045
1,13930,7361,6569,0500000US53045
2,18372,10268,8104,0500000US53045
3,7671,3960,3711,0500000US53045
4,10598,5246,5352,0500000US53045
5,9309,4574,4735,0500000US53045
6,4324,2108,2216,0500000US53045
7,1303,529,774,0500000US53045
0,42132,21211,20921,0500000US53047
1,10630,5506,5124,0500000US53047
2,11343,5753,5590,0500000US53047
3,4668,2339,2329,0500000US53047
4,6397,3084,3313,0500000US53047
5,5634,2860,2774,0500000US53047
6,2578,1346,1232,0500000US53047
7,882,323,559,0500000US53047
0,22036,11003,11033,0500000US53049
1,3837,2012,1825,0500000US53049
2,5096,2648,2448,0500000US53049
3,2394,1183,1211,0500000US53049
4,3946,1882,2064,0500000US53049
5,4243,2052,2191,0500000US53049
6,1906,968,938,0500000US53049
7,614,258,356,0500000US53049
0,13602,6922,6680,0500000US53051
1,2918,1504,1414,0500000US53051
2,3024,1534,1490,0500000US53051
3,1644,881,763,0500000US53051
4,2481,1197,1284,0500000US53051
5,2311,1222,1089,0500000US53051
6,922,467,455,0500000US53051
7,302,117,185,0500000US53051
0,891299,443333,447966,0500000US53053
1,229498,117574,111924,0500000US53053
2,317093,161884,155209,0500000US53053
3,110399,54822,55577,0500000US53053
4,111174,54062,57112,0500000US53053
5,74845,35120,39725,0500000US53053
6,34492,15020,19472,0500000US53053
7,13798,4851,8947,0500000US53053
0,17128,8286,8842,0500000US53055
1,2459,1230,1229,0500000US53055
2,3695,1822,1873,0500000US53055
3,1900,918,982,0500000US53055
4,3235,1501,1734,0500000US53055
5,3770,1827,1943,0500000US53055
6,1568,795,773,0500000US53055
7,501,193,308,0500000US53055
0,128206,63544,64662,0500000US53057
1,30670,15809,14861,0500000US53057
2,38450,19638,18812,0500000US53057
3,14502,7203,7299,0500000US53057
4,17993,8552,9441,0500000US53057
5,15876,7561,8315,0500000US53057
6,7687,3553,4134,0500000US53057
7,3028,1228,1800,0500000US53057
0,11924,6061,5863,0500000US53059
1,2440,1269,1171,0500000US53059
2,3165,1597,1568,0500000US53059
3,1596,784,812,0500000US53059
4,2216,1111,1105,0500000US53059
5,1582,857,725,0500000US53059
6,663,335,328,0500000US53059
7,262,108,154,0500000US53059
0,814901,408857,406044,0500000US53061
1,201256,103820,97436,0500000US53061
2,283893,145400,138493,0500000US53061
3,110698,56178,54520,0500000US53061
4,109286,54219,55067,0500000US53061
5,68397,32105,36292,0500000US53061
6,29342,12918,16424,0500000US53061
7,12029,4217,7812,0500000US53061
0,514631,255193,259438,0500000US53063
1,127569,65434,62135,0500000US53063
2,175286,89431,85855,0500000US53063
3,61134,30340,30794,0500000US53063
4,67363,32396,34967,0500000US53063
5,50455,23889,26566,0500000US53063
6,22954,10232,12722,0500000US53063
7,9870,3471,6399,0500000US53063
0,45260,22589,22671,0500000US53065
1,10680,5498,5182,0500000US53065
2,10893,5454,5439,0500000US53065
3,5381,2629,2752,0500000US53065
4,7764,3736,4028,0500000US53065
5,6621,3403,3218,0500000US53065
6,2972,1498,1474,0500000US53065
7,949,371,578,0500000US53065
0,286419,140136,146283,0500000US53067
1,67527,34707,32820,0500000US53067
2,97290,48877,48413,0500000US53067
3,34890,17025,17865,0500000US53067
4,37198,17370,19828,0500000US53067
5,30767,14179,16588,0500000US53067
6,13445,6137,7308,0500000US53067
7,5302,1841,3461,0500000US53067
0,4426,2222,2204,0500000US53069
1,861,433,428,0500000US53069
2,900,467,433,0500000US53069
3,512,266,246,0500000US53069
4,729,347,382,0500000US53069
5,861,429,432,0500000US53069
6,431,230,201,0500000US53069
7,132,50,82,0500000US53069
0,60922,31138,29784,0500000US53071
1,15251,7762,7489,0500000US53071
2,20258,11104,9154,0500000US53071
3,6765,3535,3230,0500000US53071
4,7650,3718,3932,0500000US53071
5,6187,3013,3174,0500000US53071
6,3157,1427,1730,0500000US53071
7,1654,579,1075,0500000US53071
0,225685,111688,113997,0500000US53073
1,51546,26384,25162,0500000US53073
2,81384,41119,40265,0500000US53073
3,25584,12721,12863,0500000US53073
4,28013,13410,14603,0500000US53073
5,24225,11495,12730,0500000US53073
6,10710,4972,5738,0500000US53073
7,4223,1587,2636,0500000US53073
0,49791,25408,24383,0500000US53075
1,12379,6112,6267,0500000US53075
2,24058,12780,11278,0500000US53075
3,3784,1884,1900,0500000US53075
4,4389,2181,2208,0500000US53075
5,3006,1498,1508,0500000US53075
6,1491,680,811,0500000US53075
7,684,273,411,0500000US53075
0,251446,125786,125660,0500000US53077
1,81525,41829,39696,0500000US53077
2,80463,40689,39774,0500000US53077
3,27713,13851,13862,0500000US53077
4,27221,13523,13698,0500000US53077
5,20033,9627,10406,0500000US53077
6,10083,4614,5469,0500000US53077
7,4408,1653,2755,0500000US53077
0,16535,8049,8486,0500000US54001
1,3873,1933,1940,0500000US54001
2,4932,2391,2541,0500000US54001
3,2048,1017,1031,0500000US54001
4,2349,1145,1204,0500000US54001
5,1922,952,970,0500000US54001
6,1046,488,558,0500000US54001
7,365,123,242,0500000US54001
0,117123,58095,59028,0500000US54003
1,29586,15081,14505,0500000US54003
2,38528,19114,19414,0500000US54003
3,16342,8172,8170,0500000US54003
4,15492,7703,7789,0500000US54003
5,11042,5270,5772,0500000US54003
6,4737,2186,2551,0500000US54003
7,1396,569,827,0500000US54003
0,21951,10937,11014,0500000US54005
1,5133,2698,2435,0500000US54005
2,6121,3102,3019,0500000US54005
3,3014,1503,1511,0500000US54005
4,3280,1602,1678,0500000US54005
5,2818,1341,1477,0500000US54005
6,1203,563,640,0500000US54005
7,382,128,254,0500000US54005
0,14089,7122,6967,0500000US54007
1,2981,1525,1456,0500000US54007
2,3872,2015,1857,0500000US54007
3,1886,942,944,0500000US54007
4,2120,1083,1037,0500000US54007
5,1937,962,975,0500000US54007
6,954,475,479,0500000US54007
7,339,120,219,0500000US54007
0,22203,10902,11301,0500000US54009
1,4555,2359,2196,0500000US54009
2,6073,3107,2966,0500000US54009
3,2802,1384,1418,0500000US54009
4,3483,1711,1772,0500000US54009
5,3048,1427,1621,0500000US54009
6,1565,688,877,0500000US54009
7,677,226,451,0500000US54009
0,93224,45585,47639,0500000US54011
1,21482,11077,10405,0500000US54011
2,31773,16025,15748,0500000US54011
3,10863,5432,5431,0500000US54011
4,11564,5472,6092,0500000US54011
5,10057,4613,5444,0500000US54011
6,5318,2240,3078,0500000US54011
7,2167,726,1441,0500000US54011
0,7254,3617,3637,0500000US54013
1,1476,727,749,0500000US54013
2,1822,914,908,0500000US54013
3,979,485,494,0500000US54013
4,1198,608,590,0500000US54013
5,1072,565,507,0500000US54013
6,515,244,271,0500000US54013
7,192,74,118,0500000US54013
0,8632,4360,4272,0500000US54015
1,2082,1103,979,0500000US54015
2,2301,1150,1151,0500000US54015
3,1136,556,580,0500000US54015
4,1337,680,657,0500000US54015
5,1039,524,515,0500000US54015
6,547,277,270,0500000US54015
7,190,70,120,0500000US54015
0,8406,4625,3781,0500000US54017
1,1544,861,683,0500000US54017
2,2564,1538,1026,0500000US54017
3,1209,665,544,0500000US54017
4,1268,638,630,0500000US54017
5,1091,560,531,0500000US54017
6,553,273,280,0500000US54017
7,177,90,87,0500000US54017
0,43018,21658,21360,0500000US54019
1,9814,5066,4748,0500000US54019
2,12151,6425,5726,0500000US54019
3,5522,2872,2650,0500000US54019
4,6479,3200,3279,0500000US54019
5,5328,2601,2727,0500000US54019
6,2712,1192,1520,0500000US54019
7,1012,302,710,0500000US54019
0,8026,4798,3228,0500000US54021
1,1480,795,685,0500000US54021
2,3137,2162,975,0500000US54021
3,1061,675,386,0500000US54021
4,943,500,443,0500000US54021
5,747,382,365,0500000US54021
6,445,208,237,0500000US54021
7,213,76,137,0500000US54021
0,11626,5796,5830,0500000US54023
1,2490,1283,1207,0500000US54023
2,3018,1529,1489,0500000US54023
3,1588,805,783,0500000US54023
4,1693,851,842,0500000US54023
5,1610,768,842,0500000US54023
6,901,434,467,0500000US54023
7,326,126,200,0500000US54023
0,34786,17035,17751,0500000US54025
1,7377,3769,3608,0500000US54025
2,9576,4845,4731,0500000US54025
3,4408,2123,2285,0500000US54025
4,5326,2589,2737,0500000US54025
5,4721,2280,2441,0500000US54025
6,2438,1089,1349,0500000US54025
7,940,340,600,0500000US54025
0,23347,11915,11432,0500000US54027
1,4837,2541,2296,0500000US54027
2,6184,3174,3010,0500000US54027
3,3374,1730,1644,0500000US54027
4,3723,1879,1844,0500000US54027
5,3244,1666,1578,0500000US54027
6,1493,724,769,0500000US54027
7,492,201,291,0500000US54027
0,29094,14177,14917,0500000US54029
1,6039,3116,2923,0500000US54029
2,7758,3904,3854,0500000US54029
3,3954,1990,1964,0500000US54029
4,4621,2241,2380,0500000US54029
5,3812,1821,1991,0500000US54029
6,1982,807,1175,0500000US54029
7,928,298,630,0500000US54029
0,13775,6932,6843,0500000US54031
1,3055,1576,1479,0500000US54031
2,3683,1891,1792,0500000US54031
3,1911,979,932,0500000US54031
4,2111,1037,1074,0500000US54031
5,1805,900,905,0500000US54031
6,956,460,496,0500000US54031
7,254,89,165,0500000US54031
0,67554,33182,34372,0500000US54033
1,15760,8192,7568,0500000US54033
2,19964,9989,9975,0500000US54033
3,8934,4466,4468,0500000US54033
4,9756,4783,4973,0500000US54033
5,7520,3543,3977,0500000US54033
6,3954,1661,2293,0500000US54033
7,1666,548,1118,0500000US54033
0,28706,14266,14440,0500000US54035
1,6658,3502,3156,0500000US54035
2,7937,4053,3884,0500000US54035
3,3914,1916,1998,0500000US54035
4,4341,2121,2220,0500000US54035
5,3228,1561,1667,0500000US54035
6,1948,854,1094,0500000US54035
7,680,259,421,0500000US54035
0,56811,28187,28624,0500000US54037
1,14171,7312,6859,0500000US54037
2,16831,8367,8464,0500000US54037
3,8619,4273,4346,0500000US54037
4,7992,3951,4041,0500000US54037
5,5840,2820,3020,0500000US54037
6,2546,1160,1386,0500000US54037
7,812,304,508,0500000US54037
0,180454,86916,93538,0500000US54039
1,39810,20158,19652,0500000US54039
2,53772,26789,26983,0500000US54039
3,22596,11032,11564,0500000US54039
4,27004,12734,14270,0500000US54039
5,21831,10093,11738,0500000US54039
6,10982,4576,6406,0500000US54039
7,4459,1534,2925,0500000US54039
0,16024,7966,8058,0500000US54041
1,3690,1892,1798,0500000US54041
2,4535,2323,2212,0500000US54041
3,2185,1094,1091,0500000US54041
4,2308,1141,1167,0500000US54041
5,1956,940,1016,0500000US54041
6,1020,443,577,0500000US54041
7,330,133,197,0500000US54041
0,20599,10205,10394,0500000US54043
1,4939,2526,2413,0500000US54043
2,5708,2847,2861,0500000US54043
3,2853,1445,1408,0500000US54043
4,3084,1515,1569,0500000US54043
5,2403,1164,1239,0500000US54043
6,1262,575,687,0500000US54043
7,350,133,217,0500000US54043
0,32607,16105,16502,0500000US54045
1,7302,3727,3575,0500000US54045
2,9534,4923,4611,0500000US54045
3,4323,2182,2141,0500000US54045
4,4847,2305,2542,0500000US54045
5,4193,1994,2199,0500000US54045
6,1826,759,1067,0500000US54045
7,582,215,367,0500000US54045
0,18223,8917,9306,0500000US54047
1,4051,2058,1993,0500000US54047
2,4862,2489,2373,0500000US54047
3,2338,1155,1183,0500000US54047
4,3008,1395,1613,0500000US54047
5,2379,1179,1200,0500000US54047
6,1166,494,672,0500000US54047
7,419,147,272,0500000US54047
0,56097,27692,28405,0500000US54049
1,12986,6686,6300,0500000US54049
2,17732,8985,8747,0500000US54049
3,7013,3494,3519,0500000US54049
4,7403,3617,3786,0500000US54049
5,6300,2985,3315,0500000US54049
6,3328,1463,1865,0500000US54049
7,1335,462,873,0500000US54049
0,30785,15262,15523,0500000US54051
1,6507,3311,3196,0500000US54051
2,8490,4410,4080,0500000US54051
3,4106,2077,2029,0500000US54051
4,4796,2349,2447,0500000US54051
5,4154,1995,2159,0500000US54051
6,1957,840,1117,0500000US54051
7,775,280,495,0500000US54051
0,26718,12925,13793,0500000US54053
1,6073,3173,2900,0500000US54053
2,7540,3570,3970,0500000US54053
3,3377,1657,1720,0500000US54053
4,4145,1984,2161,0500000US54053
5,3202,1553,1649,0500000US54053
6,1736,762,974,0500000US54053
7,645,226,419,0500000US54053
0,59131,28395,30736,0500000US54055
1,13550,6949,6601,0500000US54055
2,17080,8401,8679,0500000US54055
3,7246,3521,3725,0500000US54055
4,8249,3795,4454,0500000US54055
5,7622,3551,4071,0500000US54055
6,3859,1708,2151,0500000US54055
7,1525,470,1055,0500000US54055
0,26940,13403,13537,0500000US54057
1,6172,3238,2934,0500000US54057
2,7477,3854,3623,0500000US54057
3,3690,1845,1845,0500000US54057
4,3760,1769,1991,0500000US54057
5,3465,1635,1830,0500000US54057
6,1859,859,1000,0500000US54057
7,517,203,314,0500000US54057
0,23785,11724,12061,0500000US54059
1,5757,2994,2763,0500000US54059
2,6696,3284,3412,0500000US54059
3,3221,1578,1643,0500000US54059
4,3609,1758,1851,0500000US54059
5,2920,1417,1503,0500000US54059
6,1209,557,652,0500000US54059
7,373,136,237,0500000US54059
0,106420,54938,51482,0500000US54061
1,23343,12214,11129,0500000US54061
2,47275,25370,21905,0500000US54061
3,11089,5662,5427,0500000US54061
4,11265,5520,5745,0500000US54061
5,8247,4072,4175,0500000US54061
6,3565,1554,2011,0500000US54061
7,1636,546,1090,0500000US54061
0,13280,6638,6642,0500000US54063
1,2866,1490,1376,0500000US54063
2,3333,1713,1620,0500000US54063
3,1783,875,908,0500000US54063
4,1979,1007,972,0500000US54063
5,1891,889,1002,0500000US54063
6,1060,523,537,0500000US54063
7,368,141,227,0500000US54063
0,17787,8914,8873,0500000US54065
1,3551,1849,1702,0500000US54065
2,4616,2330,2286,0500000US54065
3,2592,1355,1237,0500000US54065
4,2921,1433,1488,0500000US54065
5,2479,1222,1257,0500000US54065
6,1252,579,673,0500000US54065
7,376,146,230,0500000US54065
0,24842,12215,12627,0500000US54067
1,5542,2831,2711,0500000US54067
2,6716,3347,3369,0500000US54067
3,3293,1609,1684,0500000US54067
4,3738,1794,1944,0500000US54067
5,3344,1670,1674,0500000US54067
6,1692,780,912,0500000US54067
7,517,184,333,0500000US54067
0,41755,20148,21607,0500000US54069
1,9327,4689,4638,0500000US54069
2,12220,6211,6009,0500000US54069
3,4917,2408,2509,0500000US54069
4,6186,2974,3212,0500000US54069
5,5042,2355,2687,0500000US54069
6,2630,1095,1535,0500000US54069
7,1433,416,1017,0500000US54069
0,6997,3539,3458,0500000US54071
1,1393,705,688,0500000US54071
2,1674,888,786,0500000US54071
3,849,433,416,0500000US54071
4,1187,603,584,0500000US54071
5,1003,503,500,0500000US54071
6,605,267,338,0500000US54071
7,286,140,146,0500000US54071
0,7507,4083,3424,0500000US54073
1,1555,827,728,0500000US54073
2,2361,1424,937,0500000US54073
3,1097,597,500,0500000US54073
4,1058,551,507,0500000US54073
5,850,425,425,0500000US54073
6,443,218,225,0500000US54073
7,143,41,102,0500000US54073
0,8414,4313,4101,0500000US54075
1,1602,802,800,0500000US54075
2,2216,1186,1030,0500000US54075
3,1062,558,504,0500000US54075
4,1412,738,674,0500000US54075
5,1221,604,617,0500000US54075
6,680,358,322,0500000US54075
7,221,67,154,0500000US54075
0,33839,17367,16472,0500000US54077
1,7036,3620,3416,0500000US54077
2,10661,5730,4931,0500000US54077
3,4582,2423,2159,0500000US54077
4,4782,2430,2352,0500000US54077
5,4097,1994,2103,0500000US54077
6,2008,932,1076,0500000US54077
7,673,238,435,0500000US54077
0,56682,27871,28811,0500000US54079
1,13797,7080,6717,0500000US54079
2,16644,8284,8360,0500000US54079
3,7883,3932,3951,0500000US54079
4,7970,3900,4070,0500000US54079
5,6205,2920,3285,0500000US54079
6,3224,1428,1796,0500000US54079
7,959,327,632,0500000US54079
0,74254,37223,37031,0500000US54081
1,16904,8646,8258,0500000US54081
2,22597,12045,10552,0500000US54081
3,9163,4759,4404,0500000US54081
4,10273,4861,5412,0500000US54081
5,9200,4429,4771,0500000US54081
6,4292,1864,2428,0500000US54081
7,1825,619,1206,0500000US54081
0,28823,14916,13907,0500000US54083
1,6082,3139,2943,0500000US54083
2,8512,4738,3774,0500000US54083
3,3770,1997,1773,0500000US54083
4,4152,2116,2036,0500000US54083
5,3620,1745,1875,0500000US54083
6,1960,931,1029,0500000US54083
7,727,250,477,0500000US54083
0,9721,4862,4859,0500000US54085
1,2092,1072,1020,0500000US54085
2,2517,1264,1253,0500000US54085
3,1354,669,685,0500000US54085
4,1563,822,741,0500000US54085
5,1286,635,651,0500000US54085
6,668,313,355,0500000US54085
7,241,87,154,0500000US54085
0,13932,6874,7058,0500000US54087
1,3174,1563,1611,0500000US54087
2,3626,1847,1779,0500000US54087
3,1836,917,919,0500000US54087
4,2242,1116,1126,0500000US54087
5,1826,913,913,0500000US54087
6,909,416,493,0500000US54087
7,319,102,217,0500000US54087
0,12760,5759,7001,0500000US54089
1,2303,1118,1185,0500000US54089
2,3523,1453,2070,0500000US54089
3,1683,750,933,0500000US54089
4,2074,938,1136,0500000US54089
5,1869,955,914,0500000US54089
6,943,402,541,0500000US54089
7,365,143,222,0500000US54089
0,16862,8556,8306,0500000US54091
1,3690,1904,1786,0500000US54091
2,4979,2660,2319,0500000US54091
3,2339,1181,1158,0500000US54091
4,2443,1241,1202,0500000US54091
5,1970,971,999,0500000US54091
6,1041,458,583,0500000US54091
7,400,141,259,0500000US54091
0,6955,3554,3401,0500000US54093
1,1237,695,542,0500000US54093
2,1793,905,888,0500000US54093
3,994,500,494,0500000US54093
4,1110,559,551,0500000US54093
5,1050,528,522,0500000US54093
6,576,289,287,0500000US54093
7,195,78,117,0500000US54093
0,8746,4398,4348,0500000US54095
1,1905,988,917,0500000US54095
2,2202,1111,1091,0500000US54095
3,1247,654,593,0500000US54095
4,1411,677,734,0500000US54095
5,1154,593,561,0500000US54095
6,593,274,319,0500000US54095
7,234,101,133,0500000US54095
0,24415,12106,12309,0500000US54097
1,5835,2957,2878,0500000US54097
2,7241,3619,3622,0500000US54097
3,3067,1536,1531,0500000US54097
4,3306,1626,1680,0500000US54097
5,2879,1437,1442,0500000US54097
6,1585,746,839,0500000US54097
7,502,185,317,0500000US54097
0,39944,19527,20417,0500000US54099
1,9015,4578,4437,0500000US54099
2,11287,5596,5691,0500000US54099
3,5445,2697,2748,0500000US54099
4,5783,2780,3003,0500000US54099
5,4865,2306,2559,0500000US54099
6,2597,1207,1390,0500000US54099
7,952,363,589,0500000US54099
0,8285,4145,4140,0500000US54101
1,1811,938,873,0500000US54101
2,2087,1063,1024,0500000US54101
3,1127,572,555,0500000US54101
4,1336,645,691,0500000US54101
5,1168,585,583,0500000US54101
6,552,273,279,0500000US54101
7,204,69,135,0500000US54101
0,15270,7498,7772,0500000US54103
1,3335,1707,1628,0500000US54103
2,4063,2054,2009,0500000US54103
3,2043,1002,1041,0500000US54103
4,2309,1143,1166,0500000US54103
5,1904,929,975,0500000US54103
6,1203,534,669,0500000US54103
7,413,129,284,0500000US54103
0,5830,2969,2861,0500000US54105
1,1348,709,639,0500000US54105
2,1535,767,768,0500000US54105
3,777,379,398,0500000US54105
4,990,498,492,0500000US54105
5,709,380,329,0500000US54105
6,378,204,174,0500000US54105
7,93,32,61,0500000US54105
0,84203,40905,43298,0500000US54107
1,19309,9871,9438,0500000US54107
2,24107,11967,12140,0500000US54107
3,11217,5574,5643,0500000US54107
4,12361,5924,6437,0500000US54107
5,9819,4541,5278,0500000US54107
6,5480,2388,3092,0500000US54107
7,1910,640,1270,0500000US54107
0,20786,10274,10512,0500000US54109
1,4633,2381,2252,0500000US54109
2,5780,2846,2934,0500000US54109
3,2732,1375,1357,0500000US54109
4,3230,1584,1646,0500000US54109
5,2833,1408,1425,0500000US54109
6,1188,536,652,0500000US54109
7,390,144,246,0500000US54109
0,20348,10925,9423,0500000US55001
1,3256,1676,1580,0500000US55001
2,4720,2888,1832,0500000US55001
3,2513,1350,1163,0500000US55001
4,3936,2037,1899,0500000US55001
5,3521,1792,1729,0500000US55001
6,1883,956,927,0500000US55001
7,519,226,293,0500000US55001
0,15600,7818,7782,0500000US55003
1,3890,1997,1893,0500000US55003
2,4392,2279,2113,0500000US55003
3,1796,914,882,0500000US55003
4,2467,1194,1273,0500000US55003
5,1831,904,927,0500000US55003
6,854,418,436,0500000US55003
7,370,112,258,0500000US55003
0,45164,22628,22536,0500000US55005
1,10624,5395,5229,0500000US55005
2,12103,6310,5793,0500000US55005
3,5493,2774,2719,0500000US55005
4,7036,3569,3467,0500000US55005
5,5659,2810,2849,0500000US55005
6,3006,1350,1656,0500000US55005
7,1243,420,823,0500000US55005
0,15042,7660,7382,0500000US55007
1,2857,1486,1371,0500000US55007
2,3253,1676,1577,0500000US55007
3,1898,954,944,0500000US55007
4,2865,1414,1451,0500000US55007
5,2578,1325,1253,0500000US55007
6,1196,614,582,0500000US55007
7,395,191,204,0500000US55007
0,263378,130577,132801,0500000US55009
1,69664,35259,34405,0500000US55009
2,86110,43789,42321,0500000US55009
3,33660,16834,16826,0500000US55009
4,34811,17097,17714,0500000US55009
5,23235,11071,12164,0500000US55009
6,11157,4879,6278,0500000US55009
7,4741,1648,3093,0500000US55009
0,13125,6677,6448,0500000US55011
1,2996,1483,1513,0500000US55011
2,3429,1782,1647,0500000US55011
3,1700,861,839,0500000US55011
4,2098,1086,1012,0500000US55011
5,1656,899,757,0500000US55011
6,900,422,478,0500000US55011
7,346,144,202,0500000US55011
0,15392,7884,7508,0500000US55013
1,2985,1614,1371,0500000US55013
2,3271,1621,1650,0500000US55013
3,1872,965,907,0500000US55013
4,2868,1459,1409,0500000US55013
5,2615,1373,1242,0500000US55013
6,1330,658,672,0500000US55013
7,451,194,257,0500000US55013
0,50159,25262,24897,0500000US55015
1,13089,6733,6356,0500000US55015
2,14840,7550,7290,0500000US55015
3,7424,3725,3699,0500000US55015
4,7235,3692,3543,0500000US55015
5,4540,2229,2311,0500000US55015
6,2200,1002,1198,0500000US55015
7,831,331,500,0500000US55015
0,64135,33239,30896,0500000US55017
1,15421,7901,7520,0500000US55017
2,19232,10592,8640,0500000US55017
3,8440,4497,3943,0500000US55017
4,9517,4864,4653,0500000US55017
5,6800,3412,3388,0500000US55017
6,3294,1471,1823,0500000US55017
7,1431,502,929,0500000US55017
0,34709,17523,17186,0500000US55019
1,11078,5635,5443,0500000US55019
2,9016,4662,4354,0500000US55019
3,4049,2066,1983,0500000US55019
4,4805,2466,2339,0500000US55019
5,3107,1573,1534,0500000US55019
6,1793,830,963,0500000US55019
7,861,291,570,0500000US55019
0,57358,29321,28037,0500000US55021
1,13397,6895,6502,0500000US55021
2,16974,9011,7963,0500000US55021
3,7988,4174,3814,0500000US55021
4,8749,4404,4345,0500000US55021
5,6062,3058,3004,0500000US55021
6,2990,1375,1615,0500000US55021
7,1198,404,794,0500000US55021
0,16291,8461,7830,0500000US55023
1,3671,1912,1759,0500000US55023
2,4255,2343,1912,0500000US55023
3,2022,1072,950,0500000US55023
4,2557,1276,1281,0500000US55023
5,2176,1108,1068,0500000US55023
6,1148,565,583,0500000US55023
7,462,185,277,0500000US55023
0,542364,269692,272672,0500000US55025
1,127858,65240,62618,0500000US55025
2,213340,109327,104013,0500000US55025
3,63477,31485,31992,0500000US55025
4,63256,30311,32945,0500000US55025
5,45670,21670,24000,0500000US55025
6,19539,8509,11030,0500000US55025
7,9224,3150,6074,0500000US55025
0,87847,46444,41403,0500000US55027
1,19258,9931,9327,0500000US55027
2,27306,15896,11410,0500000US55027
3,12236,6509,5727,0500000US55027
4,13550,7023,6527,0500000US55027
5,8616,4226,4390,0500000US55027
6,4689,2107,2582,0500000US55027
7,2192,752,1440,0500000US55027
0,27610,13625,13985,0500000US55029
1,4952,2524,2428,0500000US55029
2,6242,3210,3032,0500000US55029
3,3195,1576,1619,0500000US55029
4,5006,2453,2553,0500000US55029
5,4920,2384,2536,0500000US55029
6,2389,1157,1232,0500000US55029
7,906,321,585,0500000US55029
0,43208,21627,21581,0500000US55031
1,9618,4904,4714,0500000US55031
2,13281,6733,6548,0500000US55031
3,5495,2764,2731,0500000US55031
4,6775,3347,3428,0500000US55031
5,4767,2474,2293,0500000US55031
6,2311,1060,1251,0500000US55031
7,961,345,616,0500000US55031
0,45131,22651,22480,0500000US55033
1,11470,5768,5702,0500000US55033
2,15901,8200,7701,0500000US55033
3,5051,2583,2468,0500000US55033
4,5632,2872,2760,0500000US55033
5,4154,2045,2109,0500000US55033
6,1936,869,1067,0500000US55033
7,987,314,673,0500000US55033
0,104534,51647,52887,0500000US55035
1,25693,13007,12686,0500000US55035
2,38795,19541,19254,0500000US55035
3,11230,5636,5594,0500000US55035
4,12442,6082,6360,0500000US55035
5,9666,4605,5061,0500000US55035
6,4611,2068,2543,0500000US55035
7,2097,708,1389,0500000US55035
0,4321,2226,2095,0500000US55037
1,693,379,314,0500000US55037
2,949,488,461,0500000US55037
3,601,307,294,0500000US55037
4,953,481,472,0500000US55037
5,679,366,313,0500000US55037
6,328,157,171,0500000US55037
7,118,48,70,0500000US55037
0,103066,50694,52372,0500000US55039
1,24552,12433,12119,0500000US55039
2,30853,15420,15433,0500000US55039
3,13396,6686,6710,0500000US55039
4,15182,7591,7591,0500000US55039
5,10780,5243,5537,0500000US55039
6,5592,2471,3121,0500000US55039
7,2711,850,1861,0500000US55039
0,8991,4556,4435,0500000US55041
1,1992,1046,946,0500000US55041
2,2291,1177,1114,0500000US55041
3,1129,587,542,0500000US55041
4,1515,733,782,0500000US55041
5,1179,583,596,0500000US55041
6,639,330,309,0500000US55041
7,246,100,146,0500000US55041
0,51554,26737,24817,0500000US55043
1,13717,7267,6450,0500000US55043
2,16774,9343,7431,0500000US55043
3,5395,2745,2650,0500000US55043
4,6773,3394,3379,0500000US55043
5,4749,2319,2430,0500000US55043
6,2827,1252,1575,0500000US55043
7,1319,417,902,0500000US55043
0,36929,18350,18579,0500000US55045
1,8879,4488,4391,0500000US55045
2,10282,5172,5110,0500000US55045
3,5027,2569,2458,0500000US55045
4,5830,2934,2896,0500000US55045
5,3944,1956,1988,0500000US55045
6,1984,899,1085,0500000US55045
7,983,332,651,0500000US55045
0,18918,9506,9412,0500000US55047
1,4668,2389,2279,0500000US55047
2,4702,2416,2286,0500000US55047
3,2286,1168,1118,0500000US55047
4,3061,1553,1508,0500000US55047
5,2425,1217,1208,0500000US55047
6,1273,580,693,0500000US55047
7,503,183,320,0500000US55047
0,23771,11904,11867,0500000US55049
1,5912,3004,2908,0500000US55049
2,6466,3278,3188,0500000US55049
3,3159,1567,1592,0500000US55049
4,3776,1897,1879,0500000US55049
5,2768,1419,1349,0500000US55049
6,1197,557,640,0500000US55049
7,493,182,311,0500000US55049
0,5676,2857,2819,0500000US55051
1,947,483,464,0500000US55051
2,1152,581,571,0500000US55051
3,721,359,362,0500000US55051
4,1104,581,523,0500000US55051
5,996,514,482,0500000US55051
6,489,240,249,0500000US55051
7,267,99,168,0500000US55051
0,20478,10969,9509,0500000US55053
1,4862,2538,2324,0500000US55053
2,5976,3471,2505,0500000US55053
3,2687,1450,1237,0500000US55053
4,3068,1618,1450,0500000US55053
5,2272,1163,1109,0500000US55053
6,1184,565,619,0500000US55053
7,429,164,265,0500000US55053
0,85129,42546,42583,0500000US55055
1,20735,10645,10090,0500000US55055
2,25749,13078,12671,0500000US55055
3,11775,5968,5807,0500000US55055
4,12434,6165,6269,0500000US55055
5,8633,4182,4451,0500000US55055
6,4245,1945,2300,0500000US55055
7,1558,563,995,0500000US55055
0,26617,14165,12452,0500000US55057
1,5860,3020,2840,0500000US55057
2,7431,4256,3175,0500000US55057
3,3670,2047,1623,0500000US55057
4,4266,2239,2027,0500000US55057
5,3138,1604,1534,0500000US55057
6,1662,788,874,0500000US55057
7,590,211,379,0500000US55057
0,169290,83836,85454,0500000US55059
1,43803,22409,21394,0500000US55059
2,54272,27224,27048,0500000US55059
3,23588,11741,11847,0500000US55059
4,23702,11706,11996,0500000US55059
5,13897,6660,7237,0500000US55059
6,6999,3093,3906,0500000US55059
7,3029,1003,2026,0500000US55059
0,20383,10334,10049,0500000US55061
1,4830,2468,2362,0500000US55061
2,5514,2884,2630,0500000US55061
3,2707,1359,1348,0500000US55061
4,3164,1651,1513,0500000US55061
5,2338,1201,1137,0500000US55061
6,1228,565,663,0500000US55061
7,602,206,396,0500000US55061
0,118230,57659,60571,0500000US55063
1,28630,14161,14469,0500000US55063
2,41973,20921,21052,0500000US55063
3,13172,6641,6531,0500000US55063
4,15056,7278,7778,0500000US55063
5,11057,5305,5752,0500000US55063
6,5572,2405,3167,0500000US55063
7,2770,948,1822,0500000US55063
0,16665,8435,8230,0500000US55065
1,4464,2260,2204,0500000US55065
2,4415,2279,2136,0500000US55065
3,2036,1020,1016,0500000US55065
4,2638,1353,1285,0500000US55065
5,1687,895,792,0500000US55065
6,982,454,528,0500000US55065
7,443,174,269,0500000US55065
0,19268,9717,9551,0500000US55067
1,4157,2167,1990,0500000US55067
2,4702,2419,2283,0500000US55067
3,2444,1252,1192,0500000US55067
4,3349,1703,1646,0500000US55067
5,2538,1257,1281,0500000US55067
6,1450,692,758,0500000US55067
7,628,227,401,0500000US55067
0,27689,14029,13660,0500000US55069
1,5531,2912,2619,0500000US55069
2,7187,3718,3469,0500000US55069
3,4066,2074,1992,0500000US55069
4,4956,2518,2438,0500000US55069
5,3303,1653,1650,0500000US55069
6,1858,881,977,0500000US55069
7,788,273,515,0500000US55069
0,79074,39507,39567,0500000US55071
1,17921,9270,8651,0500000US55071
2,21523,11012,10511,0500000US55071
3,10501,5328,5173,0500000US55071
4,12936,6503,6433,0500000US55071
5,9089,4522,4567,0500000US55071
6,4871,2146,2725,0500000US55071
7,2233,726,1507,0500000US55071
0,135428,68084,67344,0500000US55073
1,33720,17379,16341,0500000US55073
2,40344,20759,19585,0500000US55073
3,17772,8975,8797,0500000US55073
4,19612,9888,9724,0500000US55073
5,13527,6656,6871,0500000US55073
6,7248,3302,3946,0500000US55073
7,3205,1125,2080,0500000US55073
0,40434,20297,20137,0500000US55075
1,8546,4398,4148,0500000US55075
2,9991,5101,4890,0500000US55075
3,5097,2593,2504,0500000US55075
4,7178,3624,3554,0500000US55075
5,5416,2758,2658,0500000US55075
6,2932,1374,1558,0500000US55075
7,1274,449,825,0500000US55075
0,15434,7877,7557,0500000US55077
1,3237,1700,1537,0500000US55077
2,3559,1828,1731,0500000US55077
3,1991,1033,958,0500000US55077
4,2860,1488,1372,0500000US55077
5,2223,1115,1108,0500000US55077
6,1137,540,597,0500000US55077
7,427,173,254,0500000US55077
0,4658,2320,2338,0500000US55078
1,1720,913,807,0500000US55078
2,1217,596,621,0500000US55078
3,493,229,264,0500000US55078
4,613,301,312,0500000US55078
5,378,173,205,0500000US55078
6,174,76,98,0500000US55078
7,63,32,31,0500000US55078
0,948201,459121,489080,0500000US55079
1,253665,129373,124292,0500000US55079
2,340849,166527,174322,0500000US55079
3,110180,53669,56511,0500000US55079
4,114504,54518,59986,0500000US55079
5,74731,34459,40272,0500000US55079
6,35182,14322,20860,0500000US55079
7,19090,6253,12837,0500000US55079
0,46051,23301,22750,0500000US55081
1,12657,6404,6253,0500000US55081
2,13265,6813,6452,0500000US55081
3,5698,2974,2724,0500000US55081
4,6599,3366,3233,0500000US55081
5,4570,2325,2245,0500000US55081
6,2331,1086,1245,0500000US55081
7,931,333,598,0500000US55081
0,37830,19383,18447,0500000US55083
1,8384,4343,4041,0500000US55083
2,9709,5029,4680,0500000US55083
3,5375,2701,2674,0500000US55083
4,6649,3451,3198,0500000US55083
5,4696,2466,2230,0500000US55083
6,2283,1119,1164,0500000US55083
7,734,274,460,0500000US55083
0,35470,17794,17676,0500000US55085
1,6596,3398,3198,0500000US55085
2,8517,4416,4101,0500000US55085
3,4526,2259,2267,0500000US55085
4,6597,3258,3339,0500000US55085
5,5324,2728,2596,0500000US55085
6,2857,1330,1527,0500000US55085
7,1053,405,648,0500000US55085
0,187365,93674,93691,0500000US55087
1,48547,25044,23503,0500000US55087
2,60849,31259,29590,0500000US55087
3,24716,12276,12440,0500000US55087
4,25664,12652,13012,0500000US55087
5,16136,7725,8411,0500000US55087
6,8089,3529,4560,0500000US55087
7,3364,1189,2175,0500000US55087
0,89147,43841,45306,0500000US55089
1,21501,11011,10490,0500000US55089
2,24208,12264,11944,0500000US55089
3,12045,5947,6098,0500000US55089
4,13790,6706,7084,0500000US55089
5,9956,4743,5213,0500000US55089
6,5181,2277,2904,0500000US55089
7,2466,893,1573,0500000US55089
0,7289,3725,3564,0500000US55091
1,1652,879,773,0500000US55091
2,1856,962,894,0500000US55091
3,945,482,463,0500000US55091
4,1205,601,604,0500000US55091
5,902,466,436,0500000US55091
6,497,250,247,0500000US55091
7,232,85,147,0500000US55091
0,42555,21199,21356,0500000US55093
1,10998,5487,5511,0500000US55093
2,14090,6970,7120,0500000US55093
3,5378,2736,2642,0500000US55093
4,5875,2950,2925,0500000US55093
5,3818,1950,1868,0500000US55093
6,1732,861,871,0500000US55093
7,664,245,419,0500000US55093
0,43598,21976,21622,0500000US55095
1,9956,5107,4849,0500000US55095
2,11361,5802,5559,0500000US55095
3,5950,3019,2931,0500000US55095
4,7342,3695,3647,0500000US55095
5,5227,2650,2577,0500000US55095
6,2764,1331,1433,0500000US55095
7,998,372,626,0500000US55095
0,70942,35759,35183,0500000US55097
1,16933,8667,8266,0500000US55097
2,24500,12724,11776,0500000US55097
3,8180,4160,4020,0500000US55097
4,9499,4723,4776,0500000US55097
5,6901,3398,3503,0500000US55097
6,3510,1603,1907,0500000US55097
7,1419,484,935,0500000US55097
0,13397,6820,6577,0500000US55099
1,2678,1387,1291,0500000US55099
2,2922,1478,1444,0500000US55099
3,1808,938,870,0500000US55099
4,2552,1334,1218,0500000US55099
5,1968,1026,942,0500000US55099
6,1075,522,553,0500000US55099
7,394,135,259,0500000US55099
0,196584,97314,99270,0500000US55101
1,49913,25628,24285,0500000US55101
2,59177,30043,29134,0500000US55101
3,26391,13043,13348,0500000US55101
4,28643,14061,14582,0500000US55101
5,18942,9041,9901,0500000US55101
6,9364,4074,5290,0500000US55101
7,4154,1424,2730,0500000US55101
0,17377,8740,8637,0500000US55103
1,4156,2135,2021,0500000US55103
2,4397,2306,2091,0500000US55103
3,2082,1027,1055,0500000US55103
4,2770,1369,1401,0500000US55103
5,2229,1149,1080,0500000US55103
6,1166,547,619,0500000US55103
7,577,207,370,0500000US55103
0,163129,80393,82736,0500000US55105
1,41830,21564,20266,0500000US55105
2,49944,25036,24908,0500000US55105
3,21498,10549,10949,0500000US55105
4,22835,11197,11638,0500000US55105
5,15550,7328,8222,0500000US55105
6,8120,3600,4520,0500000US55105
7,3352,1119,2233,0500000US55105
0,14147,7180,6967,0500000US55107
1,3144,1638,1506,0500000US55107
2,3338,1727,1611,0500000US55107
3,1775,897,878,0500000US55107
4,2466,1277,1189,0500000US55107
5,1971,1021,950,0500000US55107
6,988,464,524,0500000US55107
7,465,156,309,0500000US55107
0,89694,44793,44901,0500000US55109
1,24194,12351,11843,0500000US55109
2,27552,13813,13739,0500000US55109
3,12623,6414,6209,0500000US55109
4,12697,6290,6407,0500000US55109
5,7776,3851,3925,0500000US55109
6,3474,1596,1878,0500000US55109
7,1378,478,900,0500000US55109
0,64249,32060,32189,0500000US55111
1,15934,8244,7690,0500000US55111
2,18902,9660,9242,0500000US55111
3,8280,4171,4109,0500000US55111
4,9233,4606,4627,0500000US55111
5,6934,3353,3581,0500000US55111
6,3396,1531,1865,0500000US55111
7,1570,495,1075,0500000US55111
0,16489,8421,8068,0500000US55113
1,3509,1811,1698,0500000US55113
2,3671,1925,1746,0500000US55113
3,1988,1003,985,0500000US55113
4,3046,1530,1516,0500000US55113
5,2596,1342,1254,0500000US55113
6,1265,644,621,0500000US55113
7,414,166,248,0500000US55113
0,40796,20414,20382,0500000US55115
1,9520,4839,4681,0500000US55115
2,10621,5363,5258,0500000US55115
3,5589,2832,2757,0500000US55115
4,6445,3287,3158,0500000US55115
5,4803,2423,2380,0500000US55115
6,2765,1267,1498,0500000US55115
7,1053,403,650,0500000US55115
0,115456,58114,57342,0500000US55117
1,28097,14417,13680,0500000US55117
2,34247,17863,16384,0500000US55117
3,15271,7875,7396,0500000US55117
4,17052,8559,8493,0500000US55117
5,11957,5724,6233,0500000US55117
6,6021,2694,3327,0500000US55117
7,2811,982,1829,0500000US55117
0,20412,10374,10038,0500000US55119
1,5185,2672,2513,0500000US55119
2,5369,2759,2610,0500000US55119
3,2597,1351,1246,0500000US55119
4,3356,1724,1632,0500000US55119
5,2086,1075,1011,0500000US55119
6,1254,606,648,0500000US55119
7,565,187,378,0500000US55119
0,29442,14964,14478,0500000US55121
1,7946,4126,3820,0500000US55121
2,8034,4100,3934,0500000US55121
3,3949,2035,1914,0500000US55121
4,4183,2168,2015,0500000US55121
5,3050,1562,1488,0500000US55121
6,1605,730,875,0500000US55121
7,675,243,432,0500000US55121
0,30785,15498,15287,0500000US55123
1,8708,4491,4217,0500000US55123
2,7619,3890,3729,0500000US55123
3,3660,1791,1869,0500000US55123
4,4787,2450,2337,0500000US55123
5,3449,1755,1694,0500000US55123
6,1725,822,903,0500000US55123
7,837,299,538,0500000US55123
0,21938,11134,10804,0500000US55125
1,4052,2097,1955,0500000US55125
2,4294,2270,2024,0500000US55125
3,2704,1365,1339,0500000US55125
4,4130,2081,2049,0500000US55125
5,3836,1938,1898,0500000US55125
6,2189,1056,1133,0500000US55125
7,733,327,406,0500000US55125
0,103718,51797,51921,0500000US55127
1,25129,12949,12180,0500000US55127
2,31854,16202,15652,0500000US55127
3,13160,6542,6618,0500000US55127
4,15241,7547,7694,0500000US55127
5,10888,5347,5541,0500000US55127
6,5269,2401,2868,0500000US55127
7,2177,809,1368,0500000US55127
0,15878,7861,8017,0500000US55129
1,3296,1681,1615,0500000US55129
2,3530,1740,1790,0500000US55129
3,1964,982,982,0500000US55129
4,2919,1413,1506,0500000US55129
5,2514,1323,1191,0500000US55129
6,1167,558,609,0500000US55129
7,488,164,324,0500000US55129
0,135693,67452,68241,0500000US55131
1,32685,16499,16186,0500000US55131
2,37859,19373,18486,0500000US55131
3,19793,9962,9831,0500000US55131
4,20951,10458,10493,0500000US55131
5,14065,6798,7267,0500000US55131
6,7207,3227,3980,0500000US55131
7,3133,1135,1998,0500000US55131
0,403072,198189,204883,0500000US55133
1,96096,49265,46831,0500000US55133
2,113902,57435,56467,0500000US55133
3,55222,27087,28135,0500000US55133
4,62662,30760,31902,0500000US55133
5,43011,20581,22430,0500000US55133
6,21667,9453,12214,0500000US55133
7,10512,3608,6904,0500000US55133
0,51128,25940,25188,0500000US55135
1,11372,5914,5458,0500000US55135
2,13756,7050,6706,0500000US55135
3,6878,3478,3400,0500000US55135
4,8453,4337,4116,0500000US55135
5,5783,2910,2873,0500000US55135
6,3201,1536,1665,0500000US55135
7,1685,715,970,0500000US55135
0,24263,12764,11499,0500000US55137
1,4864,2448,2416,0500000US55137
2,5974,3457,2517,0500000US55137
3,3227,1763,1464,0500000US55137
4,4286,2199,2087,0500000US55137
5,3441,1753,1688,0500000US55137
6,1799,884,915,0500000US55137
7,672,260,412,0500000US55137
0,171020,86063,84957,0500000US55139
1,40404,20470,19934,0500000US55139
2,58050,30493,27557,0500000US55139
3,21534,11135,10399,0500000US55139
4,23010,11421,11589,0500000US55139
5,15749,7560,8189,0500000US55139
6,8314,3599,4715,0500000US55139
7,3959,1385,2574,0500000US55139
0,73055,35949,37106,0500000US55141
1,17193,8711,8482,0500000US55141
2,20016,10153,9863,0500000US55141
3,9319,4640,4679,0500000US55141
4,11505,5675,5830,0500000US55141
5,8175,3933,4242,0500000US55141
6,4660,2056,2604,0500000US55141
7,2187,781,1406,0500000US55141
0,38601,20145,18456,0500000US56001
1,8535,4430,4105,0500000US56001
2,18662,10104,8558,0500000US56001
3,3103,1602,1501,0500000US56001
4,3771,1865,1906,0500000US56001
5,2851,1422,1429,0500000US56001
6,1229,562,667,0500000US56001
7,450,160,290,0500000US56001
0,11881,5982,5899,0500000US56003
1,3271,1635,1636,0500000US56003
2,3149,1642,1507,0500000US56003
3,1328,675,653,0500000US56003
4,1638,823,815,0500000US56003
5,1436,716,720,0500000US56003
6,777,375,402,0500000US56003
7,282,116,166,0500000US56003
0,46140,23779,22361,0500000US56005
1,13689,7094,6595,0500000US56005
2,16133,8373,7760,0500000US56005
3,5208,2692,2516,0500000US56005
4,6468,3394,3074,0500000US56005
5,3196,1619,1577,0500000US56005
6,1080,469,611,0500000US56005
7,366,138,228,0500000US56005
0,14971,8081,6890,0500000US56007
1,3747,1968,1779,0500000US56007
2,4849,2778,2071,0500000US56007
3,1647,906,741,0500000US56007
4,2165,1142,1023,0500000US56007
5,1585,828,757,0500000US56007
6,721,349,372,0500000US56007
7,257,110,147,0500000US56007
0,13640,6927,6713,0500000US56009
1,3668,1874,1794,0500000US56009
2,4000,2035,1965,0500000US56009
3,1689,876,813,0500000US56009
4,2016,1049,967,0500000US56009
5,1379,699,680,0500000US56009
6,660,301,359,0500000US56009
7,228,93,135,0500000US56009
0,7450,3785,3665,0500000US56011
1,1940,991,949,0500000US56011
2,1803,960,843,0500000US56011
3,901,431,470,0500000US56011
4,1269,625,644,0500000US56011
5,940,488,452,0500000US56011
6,438,225,213,0500000US56011
7,159,65,94,0500000US56011
0,39531,19826,19705,0500000US56013
1,11037,5693,5344,0500000US56013
2,11377,5827,5550,0500000US56013
3,4313,2173,2140,0500000US56013
4,5582,2738,2844,0500000US56013
5,4394,2158,2236,0500000US56013
6,2023,930,1093,0500000US56013
7,805,307,498,0500000US56013
0,13376,6983,6393,0500000US56015
1,3098,1554,1544,0500000US56015
2,3883,2196,1687,0500000US56015
3,1519,872,647,0500000US56015
4,1942,990,952,0500000US56015
5,1570,791,779,0500000US56015
6,920,427,493,0500000US56015
7,444,153,291,0500000US56015
0,4555,2298,2257,0500000US56017
1,1047,564,483,0500000US56017
2,1088,566,522,0500000US56017
3,486,243,243,0500000US56017
4,740,358,382,0500000US56017
5,642,315,327,0500000US56017
6,403,194,209,0500000US56017
7,149,58,91,0500000US56017
0,8460,4265,4195,0500000US56019
1,1996,1073,923,0500000US56019
2,2152,1057,1095,0500000US56019
3,958,458,500,0500000US56019
4,1350,659,691,0500000US56019
5,1178,621,557,0500000US56019
6,589,298,291,0500000US56019
7,237,99,138,0500000US56019
0,98976,50170,48806,0500000US56021
1,25224,13000,12224,0500000US56021
2,33469,17647,15822,0500000US56021
3,11528,5881,5647,0500000US56021
4,12891,6263,6628,0500000US56021
5,9499,4669,4830,0500000US56021
6,4457,2028,2429,0500000US56021
7,1908,682,1226,0500000US56021
0,19434,9930,9504,0500000US56023
1,5552,2887,2665,0500000US56023
2,5323,2715,2608,0500000US56023
3,2227,1122,1105,0500000US56023
4,2956,1501,1455,0500000US56023
5,2189,1126,1063,0500000US56023
6,911,463,448,0500000US56023
7,276,116,160,0500000US56023
0,79115,39860,39255,0500000US56025
1,20801,10750,10051,0500000US56025
2,26424,13576,12848,0500000US56025
3,8868,4518,4350,0500000US56025
4,10842,5427,5415,0500000US56025
5,7320,3629,3691,0500000US56025
6,3258,1407,1851,0500000US56025
7,1602,553,1049,0500000US56025
0,2388,1091,1297,0500000US56027
1,466,254,212,0500000US56027
2,744,275,469,0500000US56027
3,271,108,163,0500000US56027
4,367,174,193,0500000US56027
5,297,167,130,0500000US56027
6,191,86,105,0500000US56027
7,52,27,25,0500000US56027
0,29324,14605,14719,0500000US56029
1,6768,3513,3255,0500000US56029
2,8013,4059,3954,0500000US56029
3,3167,1559,1608,0500000US56029
4,4571,2190,2381,0500000US56029
5,4050,2041,2009,0500000US56029
6,1968,972,996,0500000US56029
7,787,271,516,0500000US56029
0,8566,4310,4256,0500000US56031
1,1878,949,929,0500000US56031
2,2151,1118,1033,0500000US56031
3,985,490,495,0500000US56031
4,1357,675,682,0500000US56031
5,1237,635,602,0500000US56031
6,705,335,370,0500000US56031
7,253,108,145,0500000US56031
0,30233,15179,15054,0500000US56033
1,7212,3725,3487,0500000US56033
2,8721,4439,4282,0500000US56033
3,3454,1737,1717,0500000US56033
4,4499,2179,2320,0500000US56033
5,3845,1956,1889,0500000US56033
6,1749,852,897,0500000US56033
7,753,291,462,0500000US56033
0,9813,5295,4518,0500000US56035
1,2392,1283,1109,0500000US56035
2,2823,1512,1311,0500000US56035
3,1254,700,554,0500000US56035
4,1433,764,669,0500000US56035
5,1183,644,539,0500000US56035
6,548,285,263,0500000US56035
7,180,107,73,0500000US56035
0,43051,22152,20899,0500000US56037
1,12430,6372,6058,0500000US56037
2,14774,7640,7134,0500000US56037
3,4878,2542,2336,0500000US56037
4,5755,3052,2703,0500000US56037
5,3432,1749,1683,0500000US56037
6,1311,637,674,0500000US56037
7,471,160,311,0500000US56037
0,23081,11909,11172,0500000US56039
1,4569,2334,2235,0500000US56039
2,8796,4622,4174,0500000US56039
3,3110,1622,1488,0500000US56039
4,3048,1535,1513,0500000US56039
5,2315,1216,1099,0500000US56039
6,918,448,470,0500000US56039
7,325,132,193,0500000US56039
0,20299,10285,10014,0500000US56041
1,6326,3283,3043,0500000US56041
2,6113,3047,3066,0500000US56041
3,2200,1123,1077,0500000US56041
4,2802,1415,1387,0500000US56041
5,1884,979,905,0500000US56041
6,719,349,370,0500000US56041
7,255,89,166,0500000US56041
0,7885,3988,3897,0500000US56043
1,1971,1017,954,0500000US56043
2,2058,1042,1016,0500000US56043
3,978,514,464,0500000US56043
4,1168,587,581,0500000US56043
5,937,472,465,0500000US56043
6,531,259,272,0500000US56043
7,242,97,145,0500000US56043
0,6967,3689,3278,0500000US56045
1,1559,809,750,0500000US56045
2,1952,1101,851,0500000US56045
3,808,445,363,0500000US56045
4,1219,638,581,0500000US56045
5,809,435,374,0500000US56045
6,420,192,228,0500000US56045
7,200,69,131,0500000US56045
